# Time (seconds) Sequence (number) Size (bytes) Port (number) Sent(s)/Acked(a)
0.0108 0 0 1000 a
0.0316 1000 1000 1000 a
0.0324 2000 1000 1000 a
0.0358 0 0 2000 a
0.0532 3000 1000 1000 a
0.054 4000 1000 1000 a
0.0548 5000 1000 1000 a
0.0556 6000 1000 1000 a
0.0566 1000 1000 2000 a
0.0574 2000 1000 2000 a
0.0764 7000 1000 1000 a
0.0772 8000 1000 1000 a
0.078 9000 1000 1000 a
0.0788 10000 1000 1000 a
0.0796 11000 1000 1000 a
0.0804 12000 1000 1000 a
0.0812 13000 1000 1000 a
0.082 14000 1000 1000 a
0.0828 3000 1000 2000 a
0.0836 4000 1000 2000 a
0.0844 5000 1000 2000 a
0.0852 6000 1000 2000 a
0.1028 15000 1000 1000 a
0.1036 16000 1000 1000 a
0.1044 17000 1000 1000 a
0.1052 18000 1000 1000 a
0.106 19000 1000 1000 a
0.1068 20000 1000 1000 a
0.1076 21000 1000 1000 a
0.1084 22000 1000 1000 a
0.1092 23000 1000 1000 a
0.11 24000 1000 1000 a
0.1108 25000 1000 1000 a
0.1116 26000 1000 1000 a
0.1124 27000 1000 1000 a
0.1132 28000 1000 1000 a
0.114 29000 1000 1000 a
0.1148 30000 1000 1000 a
0.1156 7000 1000 2000 a
0.1164 8000 1000 2000 a
0.1172 9000 1000 2000 a
0.118 10000 1000 2000 a
0.1188 11000 1000 2000 a
0.1196 12000 1000 2000 a
0.1204 13000 1000 2000 a
0.1212 14000 1000 2000 a
0.1356 31000 1000 1000 a
0.1364 32000 1000 1000 a
0.1372 33000 1000 1000 a
0.138 34000 1000 1000 a
0.1388 35000 1000 1000 a
0.1396 36000 1000 1000 a
0.1404 37000 1000 1000 a
0.1412 38000 1000 1000 a
0.142 39000 1000 1000 a
0.1428 40000 1000 1000 a
0.1436 41000 1000 1000 a
0.1444 42000 1000 1000 a
0.1452 43000 1000 1000 a
0.146 44000 1000 1000 a
0.1468 45000 1000 1000 a
0.1476 46000 1000 1000 a
0.1484 47000 1000 1000 a
0.1492 48000 1000 1000 a
0.15 49000 1000 1000 a
0.1508 50000 1000 1000 a
0.1516 51000 1000 1000 a
0.1524 52000 1000 1000 a
0.1532 53000 1000 1000 a
0.154 54000 1000 1000 a
0.1548 55000 1000 1000 a
0.1556 56000 1000 1000 a
0.1564 57000 1000 1000 a
0.1572 58000 1000 1000 a
0.158 59000 1000 1000 a
0.1588 60000 1000 1000 a
0.1596 61000 1000 1000 a
0.1604 62000 1000 1000 a
0.1612 15000 1000 2000 a
0.162 16000 1000 2000 a
0.1628 17000 1000 2000 a
0.1636 18000 1000 2000 a
0.1644 19000 1000 2000 a
0.1652 20000 1000 2000 a
0.166 21000 1000 2000 a
0.1668 22000 1000 2000 a
0.1676 23000 1000 2000 a
0.1684 24000 1000 2000 a
0.1692 25000 1000 2000 a
0.17 26000 1000 2000 a
0.1708 27000 1000 2000 a
0.1716 28000 1000 2000 a
0.1724 29000 1000 2000 a
0.1732 30000 1000 2000 a
0.1812 63000 1000 1000 a
0.182 64000 1000 1000 a
0.1828 65000 1000 1000 a
0.1836 66000 1000 1000 a
0.1844 67000 1000 1000 a
0.1852 68000 1000 1000 a
0.186 69000 1000 1000 a
0.1868 70000 1000 1000 a
0.1876 71000 1000 1000 a
0.1884 72000 1000 1000 a
0.1892 73000 1000 1000 a
0.19 74000 1000 1000 a
0.1908 75000 1000 1000 a
0.1916 76000 1000 1000 a
0.1924 77000 1000 1000 a
0.1932 78000 1000 1000 a
0.194 79000 1000 1000 a
0.1948 80000 1000 1000 a
0.1956 81000 1000 1000 a
0.1964 82000 1000 1000 a
0.1972 83000 1000 1000 a
0.198 84000 1000 1000 a
0.1988 85000 1000 1000 a
0.1996 86000 1000 1000 a
0.2004 87000 1000 1000 a
0.2012 88000 1000 1000 a
0.202 89000 1000 1000 a
0.2028 90000 1000 1000 a
0.2036 91000 1000 1000 a
0.2044 92000 1000 1000 a
0.2052 93000 1000 1000 a
0.206 94000 1000 1000 a
0.2068 95000 1000 1000 a
0.2076 96000 1000 1000 a
0.2084 97000 1000 1000 a
0.2092 98000 1000 1000 a
0.21 99000 1000 1000 a
0.2108 100000 1000 1000 a
0.2116 101000 1000 1000 a
0.2124 102000 1000 1000 a
0.2132 103000 1000 1000 a
0.214 104000 1000 1000 a
0.2148 105000 1000 1000 a
0.2156 106000 1000 1000 a
0.2164 107000 1000 1000 a
0.2172 108000 1000 1000 a
0.218 109000 1000 1000 a
0.2188 110000 1000 1000 a
0.2196 111000 1000 1000 a
0.2204 112000 1000 1000 a
0.2212 113000 1000 1000 a
0.222 114000 1000 1000 a
0.2228 115000 1000 1000 a
0.2236 116000 1000 1000 a
0.2244 117000 1000 1000 a
0.2252 118000 1000 1000 a
0.226 119000 1000 1000 a
0.2268 120000 1000 1000 a
0.2276 121000 1000 1000 a
0.2284 122000 1000 1000 a
0.2292 123000 1000 1000 a
0.23 124000 1000 1000 a
0.2308 125000 1000 1000 a
0.2316 126000 1000 1000 a
0.2324 31000 1000 2000 a
0.2332 32000 1000 2000 a
0.234 33000 1000 2000 a
0.2348 34000 1000 2000 a
0.2356 35000 1000 2000 a
0.2364 36000 1000 2000 a
0.2372 37000 1000 2000 a
0.238 38000 1000 2000 a
0.2388 39000 1000 2000 a
0.2396 40000 1000 2000 a
0.2404 41000 1000 2000 a
0.2412 42000 1000 2000 a
0.242 43000 1000 2000 a
0.2428 44000 1000 2000 a
0.2436 45000 1000 2000 a
0.2444 46000 1000 2000 a
0.2452 47000 1000 2000 a
0.246 48000 1000 2000 a
0.2468 49000 1000 2000 a
0.2476 50000 1000 2000 a
0.2484 51000 1000 2000 a
0.2492 52000 1000 2000 a
0.25 53000 1000 2000 a
0.2508 54000 1000 2000 a
0.2516 55000 1000 2000 a
0.2524 56000 1000 2000 a
0.2532 57000 1000 2000 a
0.254 58000 1000 2000 a
0.2548 59000 1000 2000 a
0.2556 60000 1000 2000 a
0.2564 61000 1000 2000 a
0.2572 62000 1000 2000 a
0.258 127000 1000 1000 a
0.2588 128000 1000 1000 a
0.2596 129000 1000 1000 a
0.2604 130000 1000 1000 a
0.2612 131000 1000 1000 a
0.262 132000 1000 1000 a
0.2628 133000 1000 1000 a
0.2636 134000 1000 1000 a
0.2644 135000 1000 1000 a
0.2652 136000 1000 1000 a
0.266 137000 1000 1000 a
0.2668 138000 1000 1000 a
0.2676 139000 1000 1000 a
0.2684 140000 1000 1000 a
0.2692 141000 1000 1000 a
0.27 142000 1000 1000 a
0.2708 143000 1000 1000 a
0.2716 144000 1000 1000 a
0.2724 145000 1000 1000 a
0.2732 146000 1000 1000 a
0.274 147000 1000 1000 a
0.2748 148000 1000 1000 a
0.2756 149000 1000 1000 a
0.2764 150000 1000 1000 a
0.2772 151000 1000 1000 a
0.278 152000 1000 1000 a
0.2788 153000 1000 1000 a
0.2796 154000 1000 1000 a
0.2804 155000 1000 1000 a
0.2812 156000 1000 1000 a
0.282 157000 1000 1000 a
0.2828 158000 1000 1000 a
0.2836 159000 1000 1000 a
0.2844 160000 1000 1000 a
0.2852 161000 1000 1000 a
0.286 162000 1000 1000 a
0.2868 163000 1000 1000 a
0.2876 164000 1000 1000 a
0.2884 165000 1000 1000 a
0.2892 166000 1000 1000 a
0.29 167000 1000 1000 a
0.2908 168000 1000 1000 a
0.2916 169000 1000 1000 a
0.2924 170000 1000 1000 a
0.2932 171000 1000 1000 a
0.294 172000 1000 1000 a
0.2948 173000 1000 1000 a
0.2956 174000 1000 1000 a
0.2964 175000 1000 1000 a
0.2972 176000 1000 1000 a
0.298 177000 1000 1000 a
0.2988 178000 1000 1000 a
0.2996 179000 1000 1000 a
0.3004 180000 1000 1000 a
0.3012 181000 1000 1000 a
0.302 182000 1000 1000 a
0.3028 183000 1000 1000 a
0.3036 184000 1000 1000 a
0.3044 185000 1000 1000 a
0.3052 186000 1000 1000 a
0.306 187000 1000 1000 a
0.3068 188000 1000 1000 a
0.3076 189000 1000 1000 a
0.3084 190000 1000 1000 a
0.3092 191000 1000 1000 a
0.31 192000 1000 1000 a
0.3108 193000 1000 1000 a
0.3116 194000 1000 1000 a
0.3124 195000 1000 1000 a
0.3132 196000 1000 1000 a
0.314 197000 1000 1000 a
0.3148 198000 1000 1000 a
0.3156 199000 1000 1000 a
0.3164 200000 1000 1000 a
0.3172 201000 1000 1000 a
0.318 202000 1000 1000 a
0.3188 203000 1000 1000 a
0.3196 204000 1000 1000 a
0.3204 205000 1000 1000 a
0.3212 206000 1000 1000 a
0.322 207000 1000 1000 a
0.3228 208000 1000 1000 a
0.3236 209000 1000 1000 a
0.3244 210000 1000 1000 a
0.3252 211000 1000 1000 a
0.326 212000 1000 1000 a
0.3268 213000 1000 1000 a
0.3276 214000 1000 1000 a
0.3284 215000 1000 1000 a
0.3292 216000 1000 1000 a
0.33 217000 1000 1000 a
0.3308 218000 1000 1000 a
0.3316 219000 1000 1000 a
0.3324 220000 1000 1000 a
0.3332 221000 1000 1000 a
0.334 222000 1000 1000 a
0.3348 223000 1000 1000 a
0.3356 224000 1000 1000 a
0.3364 225000 1000 1000 a
0.336632 226000 1000 1000 a
0.337432 63000 1000 2000 a
0.338232 64000 1000 2000 a
0.339032 65000 1000 2000 a
0.339832 66000 1000 2000 a
0.340632 67000 1000 2000 a
0.341432 68000 1000 2000 a
0.342232 69000 1000 2000 a
0.343032 70000 1000 2000 a
0.343832 71000 1000 2000 a
0.344632 72000 1000 2000 a
0.345432 73000 1000 2000 a
0.346232 74000 1000 2000 a
0.347032 75000 1000 2000 a
0.347832 76000 1000 2000 a
0.348632 77000 1000 2000 a
0.349432 78000 1000 2000 a
0.350232 79000 1000 2000 a
0.351032 80000 1000 2000 a
0.351832 81000 1000 2000 a
0.352632 82000 1000 2000 a
0.353432 83000 1000 2000 a
0.354232 84000 1000 2000 a
0.355032 85000 1000 2000 a
0.355832 86000 1000 2000 a
0.356632 87000 1000 2000 a
0.357432 88000 1000 2000 a
0.358232 89000 1000 2000 a
0.359032 90000 1000 2000 a
0.359832 91000 1000 2000 a
0.360632 92000 1000 2000 a
0.361432 93000 1000 2000 a
0.362232 94000 1000 2000 a
0.363032 95000 1000 2000 a
0.363832 96000 1000 2000 a
0.364632 97000 1000 2000 a
0.365432 98000 1000 2000 a
0.366232 99000 1000 2000 a
0.367032 100000 1000 2000 a
0.367832 101000 1000 2000 a
0.368632 102000 1000 2000 a
0.369432 103000 1000 2000 a
0.370232 104000 1000 2000 a
0.371032 105000 1000 2000 a
0.371832 106000 1000 2000 a
0.372632 107000 1000 2000 a
0.373432 108000 1000 2000 a
0.374232 109000 1000 2000 a
0.375032 110000 1000 2000 a
0.375832 111000 1000 2000 a
0.376632 112000 1000 2000 a
0.377432 113000 1000 2000 a
0.378232 114000 1000 2000 a
0.379032 115000 1000 2000 a
0.379832 116000 1000 2000 a
0.380632 117000 1000 2000 a
0.381432 118000 1000 2000 a
0.382232 119000 1000 2000 a
0.383032 120000 1000 2000 a
0.383832 121000 1000 2000 a
0.384632 122000 1000 2000 a
0.385432 123000 1000 2000 a
0.386232 124000 1000 2000 a
0.387032 125000 1000 2000 a
0.387832 126000 1000 2000 a
0.388632 226290 290 1000 a
0.389432 227290 1000 1000 a
0.390232 228290 1000 1000 a
0.391032 229290 1000 1000 a
0.391832 230290 1000 1000 a
0.392632 231290 1000 1000 a
0.393432 232290 1000 1000 a
0.394232 233290 1000 1000 a
0.395032 234290 1000 1000 a
0.395832 235290 1000 1000 a
0.396632 236290 1000 1000 a
0.397432 237290 1000 1000 a
0.398232 238290 1000 1000 a
0.399032 239290 1000 1000 a
0.399832 240290 1000 1000 a
0.400632 241290 1000 1000 a
0.401432 242290 1000 1000 a
0.402232 243290 1000 1000 a
0.403032 244290 1000 1000 a
0.403832 245290 1000 1000 a
0.404632 246290 1000 1000 a
0.405432 247290 1000 1000 a
0.406232 248290 1000 1000 a
0.407032 249290 1000 1000 a
0.407832 250290 1000 1000 a
0.408632 251290 1000 1000 a
0.409432 252290 1000 1000 a
0.410232 253290 1000 1000 a
0.411032 254290 1000 1000 a
0.411832 255290 1000 1000 a
0.412632 256290 1000 1000 a
0.413432 257290 1000 1000 a
0.414232 258290 1000 1000 a
0.415032 259290 1000 1000 a
0.415832 260290 1000 1000 a
0.416632 261290 1000 1000 a
0.417432 262290 1000 1000 a
0.418232 263290 1000 1000 a
0.419032 264290 1000 1000 a
0.419832 265290 1000 1000 a
0.420632 266290 1000 1000 a
0.421432 267290 1000 1000 a
0.422232 268290 1000 1000 a
0.423032 269290 1000 1000 a
0.423832 270290 1000 1000 a
0.424632 271290 1000 1000 a
0.425432 272290 1000 1000 a
0.426232 273290 1000 1000 a
0.427032 274290 1000 1000 a
0.427832 275290 1000 1000 a
0.428632 276290 1000 1000 a
0.429432 277290 1000 1000 a
0.430232 278290 1000 1000 a
0.431032 279290 1000 1000 a
0.431832 280290 1000 1000 a
0.432632 281290 1000 1000 a
0.433432 282290 1000 1000 a
0.434232 283290 1000 1000 a
0.435032 284290 1000 1000 a
0.435832 285290 1000 1000 a
0.436632 286290 1000 1000 a
0.437432 287290 1000 1000 a
0.438232 288290 1000 1000 a
0.439032 289290 1000 1000 a
0.439832 290290 1000 1000 a
0.440632 291290 1000 1000 a
0.441432 292290 1000 1000 a
0.442232 293290 1000 1000 a
0.443032 294290 1000 1000 a
0.443832 295290 1000 1000 a
0.444632 296290 1000 1000 a
0.445432 297290 1000 1000 a
0.446232 298290 1000 1000 a
0.447032 299290 1000 1000 a
0.447832 300290 1000 1000 a
0.448632 301290 1000 1000 a
0.449432 302290 1000 1000 a
0.450232 303290 1000 1000 a
0.451032 304290 1000 1000 a
0.451832 305290 1000 1000 a
0.452632 306290 1000 1000 a
0.453432 307290 1000 1000 a
0.454232 308290 1000 1000 a
0.455032 309290 1000 1000 a
0.455832 310290 1000 1000 a
0.456632 311290 1000 1000 a
0.457432 312290 1000 1000 a
0.458232 313290 1000 1000 a
0.459032 314290 1000 1000 a
0.459832 315290 1000 1000 a
0.460632 316290 1000 1000 a
0.461432 317290 1000 1000 a
0.462232 318290 1000 1000 a
0.463032 319290 1000 1000 a
0.463832 320290 1000 1000 a
0.464632 321290 1000 1000 a
0.465432 322290 1000 1000 a
0.466232 323290 1000 1000 a
0.467032 324290 1000 1000 a
0.467832 325290 1000 1000 a
0.468036 326290 1000 1000 a
0.468836 127000 1000 2000 a
0.469636 128000 1000 2000 a
0.470436 129000 1000 2000 a
0.471236 130000 1000 2000 a
0.472036 131000 1000 2000 a
0.472836 132000 1000 2000 a
0.473636 133000 1000 2000 a
0.474436 134000 1000 2000 a
0.475236 135000 1000 2000 a
0.476036 136000 1000 2000 a
0.476836 137000 1000 2000 a
0.477636 138000 1000 2000 a
0.478436 139000 1000 2000 a
0.479236 140000 1000 2000 a
0.480036 141000 1000 2000 a
0.480836 142000 1000 2000 a
0.481636 143000 1000 2000 a
0.482436 144000 1000 2000 a
0.483236 145000 1000 2000 a
0.484036 146000 1000 2000 a
0.484836 147000 1000 2000 a
0.485636 148000 1000 2000 a
0.486436 149000 1000 2000 a
0.487236 150000 1000 2000 a
0.488036 151000 1000 2000 a
0.488836 152000 1000 2000 a
0.489636 153000 1000 2000 a
0.490436 154000 1000 2000 a
0.491236 155000 1000 2000 a
0.492036 156000 1000 2000 a
0.492836 157000 1000 2000 a
0.493636 158000 1000 2000 a
0.494436 159000 1000 2000 a
0.495236 160000 1000 2000 a
0.496036 161000 1000 2000 a
0.496836 162000 1000 2000 a
0.497636 163000 1000 2000 a
0.498436 164000 1000 2000 a
0.499236 165000 1000 2000 a
0.500036 166000 1000 2000 a
0.500836 167000 1000 2000 a
0.501636 168000 1000 2000 a
0.502436 169000 1000 2000 a
0.503236 170000 1000 2000 a
0.504036 171000 1000 2000 a
0.504836 172000 1000 2000 a
0.505636 173000 1000 2000 a
0.506436 174000 1000 2000 a
0.507236 175000 1000 2000 a
0.508036 176000 1000 2000 a
0.508836 177000 1000 2000 a
0.509636 178000 1000 2000 a
0.510436 179000 1000 2000 a
0.511236 180000 1000 2000 a
0.512036 181000 1000 2000 a
0.512836 182000 1000 2000 a
0.513636 183000 1000 2000 a
0.514436 184000 1000 2000 a
0.515236 185000 1000 2000 a
0.516036 186000 1000 2000 a
0.516836 187000 1000 2000 a
0.517636 188000 1000 2000 a
0.518436 189000 1000 2000 a
0.519236 190000 1000 2000 a
0.520036 191000 1000 2000 a
0.520836 192000 1000 2000 a
0.521636 193000 1000 2000 a
0.522436 194000 1000 2000 a
0.523236 195000 1000 2000 a
0.524036 196000 1000 2000 a
0.524836 197000 1000 2000 a
0.525636 198000 1000 2000 a
0.526436 199000 1000 2000 a
0.527236 200000 1000 2000 a
0.528036 201000 1000 2000 a
0.528836 202000 1000 2000 a
0.529636 203000 1000 2000 a
0.530436 204000 1000 2000 a
0.531236 205000 1000 2000 a
0.532036 206000 1000 2000 a
0.532836 207000 1000 2000 a
0.533636 208000 1000 2000 a
0.534436 209000 1000 2000 a
0.535236 210000 1000 2000 a
0.536036 211000 1000 2000 a
0.536836 212000 1000 2000 a
0.537636 213000 1000 2000 a
0.538436 214000 1000 2000 a
0.539236 215000 1000 2000 a
0.540036 216000 1000 2000 a
0.540836 217000 1000 2000 a
0.541636 218000 1000 2000 a
0.542436 219000 1000 2000 a
0.543236 220000 1000 2000 a
0.544036 221000 1000 2000 a
0.544836 222000 1000 2000 a
0.545636 223000 1000 2000 a
0.546436 224000 1000 2000 a
0.547236 225000 1000 2000 a
0.547468 226000 1000 2000 a
0.548268 326545 255 1000 a
0.549068 327545 1000 1000 a
0.549868 328545 1000 1000 a
0.550668 329545 1000 1000 a
0.551468 330545 1000 1000 a
0.552268 331545 1000 1000 a
0.553068 332545 1000 1000 a
0.553868 333545 1000 1000 a
0.554668 334545 1000 1000 a
0.555468 335545 1000 1000 a
0.556268 336545 1000 1000 a
0.557068 337545 1000 1000 a
0.557868 338545 1000 1000 a
0.558668 339545 1000 1000 a
0.559468 340545 1000 1000 a
0.560268 341545 1000 1000 a
0.561068 342545 1000 1000 a
0.561868 343545 1000 1000 a
0.562668 344545 1000 1000 a
0.563468 345545 1000 1000 a
0.564268 346545 1000 1000 a
0.565068 347545 1000 1000 a
0.565868 348545 1000 1000 a
0.566668 349545 1000 1000 a
0.567468 350545 1000 1000 a
0.568268 351545 1000 1000 a
0.569068 352545 1000 1000 a
0.569868 353545 1000 1000 a
0.570668 354545 1000 1000 a
0.571468 355545 1000 1000 a
0.572268 356545 1000 1000 a
0.573068 357545 1000 1000 a
0.573868 358545 1000 1000 a
0.574668 359545 1000 1000 a
0.575468 360545 1000 1000 a
0.576268 361545 1000 1000 a
0.577068 362545 1000 1000 a
0.577868 363545 1000 1000 a
0.578668 364545 1000 1000 a
0.579468 365545 1000 1000 a
0.580268 366545 1000 1000 a
0.581068 367545 1000 1000 a
0.581868 368545 1000 1000 a
0.582668 369545 1000 1000 a
0.583468 370545 1000 1000 a
0.584268 371545 1000 1000 a
0.585068 372545 1000 1000 a
0.585868 373545 1000 1000 a
0.586668 374545 1000 1000 a
0.587468 375545 1000 1000 a
0.588268 376545 1000 1000 a
0.589068 377545 1000 1000 a
0.589868 378545 1000 1000 a
0.590668 379545 1000 1000 a
0.591468 380545 1000 1000 a
0.592268 381545 1000 1000 a
0.593068 382545 1000 1000 a
0.593868 383545 1000 1000 a
0.594668 384545 1000 1000 a
0.595468 385545 1000 1000 a
0.596268 386545 1000 1000 a
0.597068 387545 1000 1000 a
0.597868 388545 1000 1000 a
0.598668 389545 1000 1000 a
0.599468 390545 1000 1000 a
0.600268 391545 1000 1000 a
0.601068 392545 1000 1000 a
0.601868 393545 1000 1000 a
0.602668 394545 1000 1000 a
0.603468 395545 1000 1000 a
0.604268 396545 1000 1000 a
0.605068 397545 1000 1000 a
0.605868 398545 1000 1000 a
0.606668 399545 1000 1000 a
0.607468 400545 1000 1000 a
0.608268 401545 1000 1000 a
0.609068 402545 1000 1000 a
0.609868 403545 1000 1000 a
0.610668 404545 1000 1000 a
0.611468 405545 1000 1000 a
0.612268 406545 1000 1000 a
0.613068 407545 1000 1000 a
0.613868 408545 1000 1000 a
0.614668 409545 1000 1000 a
0.615468 410545 1000 1000 a
0.616268 411545 1000 1000 a
0.617068 412545 1000 1000 a
0.617868 413545 1000 1000 a
0.618668 414545 1000 1000 a
0.619468 415545 1000 1000 a
0.620268 416545 1000 1000 a
0.621068 417545 1000 1000 a
0.621868 418545 1000 1000 a
0.622668 419545 1000 1000 a
0.623468 420545 1000 1000 a
0.624268 421545 1000 1000 a
0.625068 422545 1000 1000 a
0.625868 423545 1000 1000 a
0.626668 424545 1000 1000 a
0.627468 425545 1000 1000 a
0.628268 426545 1000 1000 a
0.6283936 427545 1000 1000 a
0.6291936 226290 290 2000 a
0.6299936 227290 1000 2000 a
0.6307936 228290 1000 2000 a
0.6315936 229290 1000 2000 a
0.6323936 230290 1000 2000 a
0.6331936 231290 1000 2000 a
0.6339936 232290 1000 2000 a
0.6347936 233290 1000 2000 a
0.6355936 234290 1000 2000 a
0.6363936 235290 1000 2000 a
0.6371936 236290 1000 2000 a
0.6379936 237290 1000 2000 a
0.6387936 238290 1000 2000 a
0.6395936 239290 1000 2000 a
0.6403936 240290 1000 2000 a
0.6411936 241290 1000 2000 a
0.6419936 242290 1000 2000 a
0.6427936 243290 1000 2000 a
0.6435936 244290 1000 2000 a
0.6443936 245290 1000 2000 a
0.6451936 246290 1000 2000 a
0.6459936 247290 1000 2000 a
0.6467936 248290 1000 2000 a
0.6475936 249290 1000 2000 a
0.6483936 250290 1000 2000 a
0.6491936 251290 1000 2000 a
0.6499936 252290 1000 2000 a
0.6507936 253290 1000 2000 a
0.6515936 254290 1000 2000 a
0.6523936 255290 1000 2000 a
0.6531936 256290 1000 2000 a
0.6539936 257290 1000 2000 a
0.6547936 258290 1000 2000 a
0.6555936 259290 1000 2000 a
0.6563936 260290 1000 2000 a
0.6571936 261290 1000 2000 a
0.6579936 262290 1000 2000 a
0.6587936 263290 1000 2000 a
0.6595936 264290 1000 2000 a
0.6603936 265290 1000 2000 a
0.6611936 266290 1000 2000 a
0.6619936 267290 1000 2000 a
0.6627936 268290 1000 2000 a
0.6635936 269290 1000 2000 a
0.6643936 270290 1000 2000 a
0.6651936 271290 1000 2000 a
0.6659936 272290 1000 2000 a
0.6667936 273290 1000 2000 a
0.6675936 274290 1000 2000 a
0.6683936 275290 1000 2000 a
0.6691936 276290 1000 2000 a
0.6699936 277290 1000 2000 a
0.6707936 278290 1000 2000 a
0.6715936 279290 1000 2000 a
0.6723936 280290 1000 2000 a
0.6731936 281290 1000 2000 a
0.6739936 282290 1000 2000 a
0.6747936 283290 1000 2000 a
0.6755936 284290 1000 2000 a
0.6763936 285290 1000 2000 a
0.6771936 286290 1000 2000 a
0.6779936 287290 1000 2000 a
0.6787936 288290 1000 2000 a
0.6795936 289290 1000 2000 a
0.6803936 290290 1000 2000 a
0.6811936 291290 1000 2000 a
0.6819936 292290 1000 2000 a
0.6827936 293290 1000 2000 a
0.6835936 294290 1000 2000 a
0.6843936 295290 1000 2000 a
0.6851936 296290 1000 2000 a
0.6859936 297290 1000 2000 a
0.6867936 298290 1000 2000 a
0.6875936 299290 1000 2000 a
0.6883936 300290 1000 2000 a
0.6891936 301290 1000 2000 a
0.6899936 302290 1000 2000 a
0.6907936 303290 1000 2000 a
0.6915936 304290 1000 2000 a
0.6923936 305290 1000 2000 a
0.6931936 306290 1000 2000 a
0.6939936 307290 1000 2000 a
0.6947936 308290 1000 2000 a
0.6955936 309290 1000 2000 a
0.6963936 310290 1000 2000 a
0.6971936 311290 1000 2000 a
0.6979936 312290 1000 2000 a
0.6987936 313290 1000 2000 a
0.6995936 314290 1000 2000 a
0.7003936 315290 1000 2000 a
0.7011936 316290 1000 2000 a
0.7019936 317290 1000 2000 a
0.7027936 318290 1000 2000 a
0.7035936 319290 1000 2000 a
0.7043936 320290 1000 2000 a
0.7051936 321290 1000 2000 a
0.7059936 322290 1000 2000 a
0.7067936 323290 1000 2000 a
0.7075936 324290 1000 2000 a
0.7083936 325290 1000 2000 a
0.7085976 326290 1000 2000 a
0.7093976 427702 157 1000 a
0.7101976 428702 1000 1000 a
0.7109976 429702 1000 1000 a
0.7117976 430702 1000 1000 a
0.7125976 431702 1000 1000 a
0.7133976 432702 1000 1000 a
0.7141976 433702 1000 1000 a
0.7149976 434702 1000 1000 a
0.7157976 435702 1000 1000 a
0.7165976 436702 1000 1000 a
0.7173976 437702 1000 1000 a
0.7181976 438702 1000 1000 a
0.7189976 439702 1000 1000 a
0.7197976 440702 1000 1000 a
0.7205976 441702 1000 1000 a
0.7213976 442702 1000 1000 a
0.7221976 443702 1000 1000 a
0.7229976 444702 1000 1000 a
0.7237976 445702 1000 1000 a
0.7245976 446702 1000 1000 a
0.7253976 447702 1000 1000 a
0.7261976 448702 1000 1000 a
0.7269976 449702 1000 1000 a
0.7277976 450702 1000 1000 a
0.7285976 451702 1000 1000 a
0.7293976 452702 1000 1000 a
0.7301976 453702 1000 1000 a
0.7309976 454702 1000 1000 a
0.7317976 455702 1000 1000 a
0.7325976 456702 1000 1000 a
0.7333976 457702 1000 1000 a
0.7341976 458702 1000 1000 a
0.7349976 459702 1000 1000 a
0.7357976 460702 1000 1000 a
0.7365976 461702 1000 1000 a
0.7373976 462702 1000 1000 a
0.7381976 463702 1000 1000 a
0.7389976 464702 1000 1000 a
0.7397976 465702 1000 1000 a
0.7405976 466702 1000 1000 a
0.7413976 467702 1000 1000 a
0.7421976 468702 1000 1000 a
0.7429976 469702 1000 1000 a
0.7437976 470702 1000 1000 a
0.7445976 471702 1000 1000 a
0.7453976 472702 1000 1000 a
0.7461976 473702 1000 1000 a
0.7469976 474702 1000 1000 a
0.7477976 475702 1000 1000 a
0.7485976 476702 1000 1000 a
0.7493976 477702 1000 1000 a
0.7501976 478702 1000 1000 a
0.7509976 479702 1000 1000 a
0.7517976 480702 1000 1000 a
0.7525976 481702 1000 1000 a
0.7533976 482702 1000 1000 a
0.7541976 483702 1000 1000 a
0.7549976 484702 1000 1000 a
0.7557976 485702 1000 1000 a
0.7565976 486702 1000 1000 a
0.7573976 487702 1000 1000 a
0.7581976 488702 1000 1000 a
0.7589976 489702 1000 1000 a
0.7597976 490702 1000 1000 a
0.7605976 491702 1000 1000 a
0.7613976 492702 1000 1000 a
0.7621976 493702 1000 1000 a
0.7629976 494702 1000 1000 a
0.7637976 495702 1000 1000 a
0.7645976 496702 1000 1000 a
0.7653976 497702 1000 1000 a
0.7661976 498702 1000 1000 a
0.7669976 499702 1000 1000 a
0.7677976 500702 1000 1000 a
0.7685976 501702 1000 1000 a
0.7693976 502702 1000 1000 a
0.7701976 503702 1000 1000 a
0.7709976 504702 1000 1000 a
0.7717976 505702 1000 1000 a
0.7725976 506702 1000 1000 a
0.7733976 507702 1000 1000 a
0.7741976 508702 1000 1000 a
0.7749976 509702 1000 1000 a
0.7757976 510702 1000 1000 a
0.7765976 511702 1000 1000 a
0.7773976 512702 1000 1000 a
0.7781976 513702 1000 1000 a
0.7789976 514702 1000 1000 a
0.7797976 515702 1000 1000 a
0.7805976 516702 1000 1000 a
0.7813976 517702 1000 1000 a
0.7821976 518702 1000 1000 a
0.7829976 519702 1000 1000 a
0.7837976 520702 1000 1000 a
0.7845976 521702 1000 1000 a
0.7853976 522702 1000 1000 a
0.7861976 523702 1000 1000 a
0.7869976 524702 1000 1000 a
0.7877976 525702 1000 1000 a
0.7885976 526702 1000 1000 a
0.7893976 527702 1000 1000 a
0.7901976 528702 1000 1000 a
0.7902512 529702 1000 1000 a
0.7910512 326545 255 2000 a
0.7918512 327545 1000 2000 a
0.7926512 328545 1000 2000 a
0.7934512 329545 1000 2000 a
0.7942512 330545 1000 2000 a
0.7950512 331545 1000 2000 a
0.7958512 332545 1000 2000 a
0.7966512 333545 1000 2000 a
0.7974512 334545 1000 2000 a
0.7982512 335545 1000 2000 a
0.7990512 336545 1000 2000 a
0.7998512 337545 1000 2000 a
0.8006512 338545 1000 2000 a
0.8014512 339545 1000 2000 a
0.8022512 340545 1000 2000 a
0.8030512 341545 1000 2000 a
0.8038512 342545 1000 2000 a
0.8046512 343545 1000 2000 a
0.8054512 344545 1000 2000 a
0.8062512 345545 1000 2000 a
0.8070512 346545 1000 2000 a
0.8078512 347545 1000 2000 a
0.8086512 348545 1000 2000 a
0.8094512 349545 1000 2000 a
0.8102512 350545 1000 2000 a
0.8110512 351545 1000 2000 a
0.8118512 352545 1000 2000 a
0.8126512 353545 1000 2000 a
0.8134512 354545 1000 2000 a
0.8142512 355545 1000 2000 a
0.8150512 356545 1000 2000 a
0.8158512 357545 1000 2000 a
0.8166512 358545 1000 2000 a
0.8174512 359545 1000 2000 a
0.8182512 360545 1000 2000 a
0.8190512 361545 1000 2000 a
0.8198512 362545 1000 2000 a
0.8206512 363545 1000 2000 a
0.8214512 364545 1000 2000 a
0.8222512 365545 1000 2000 a
0.8230512 366545 1000 2000 a
0.8238512 367545 1000 2000 a
0.8246512 368545 1000 2000 a
0.8254512 369545 1000 2000 a
0.8262512 370545 1000 2000 a
0.8270512 371545 1000 2000 a
0.8278512 372545 1000 2000 a
0.8286512 373545 1000 2000 a
0.8294512 374545 1000 2000 a
0.8302512 375545 1000 2000 a
0.8310512 376545 1000 2000 a
0.8318512 377545 1000 2000 a
0.8326512 378545 1000 2000 a
0.8334512 379545 1000 2000 a
0.8342512 380545 1000 2000 a
0.8350512 381545 1000 2000 a
0.8358512 382545 1000 2000 a
0.8366512 383545 1000 2000 a
0.8374512 384545 1000 2000 a
0.8382512 385545 1000 2000 a
0.8390512 386545 1000 2000 a
0.8398512 387545 1000 2000 a
0.8406512 388545 1000 2000 a
0.8414512 389545 1000 2000 a
0.8422512 390545 1000 2000 a
0.8430512 391545 1000 2000 a
0.8438512 392545 1000 2000 a
0.8446512 393545 1000 2000 a
0.8454512 394545 1000 2000 a
0.8462512 395545 1000 2000 a
0.8470512 396545 1000 2000 a
0.8478512 397545 1000 2000 a
0.8486512 398545 1000 2000 a
0.8494512 399545 1000 2000 a
0.8502512 400545 1000 2000 a
0.8510512 401545 1000 2000 a
0.8518512 402545 1000 2000 a
0.8526512 403545 1000 2000 a
0.8534512 404545 1000 2000 a
0.8542512 405545 1000 2000 a
0.8550512 406545 1000 2000 a
0.8558512 407545 1000 2000 a
0.8566512 408545 1000 2000 a
0.8574512 409545 1000 2000 a
0.8582512 410545 1000 2000 a
0.8590512 411545 1000 2000 a
0.8598512 412545 1000 2000 a
0.8606512 413545 1000 2000 a
0.8614512 414545 1000 2000 a
0.8622512 415545 1000 2000 a
0.8630512 416545 1000 2000 a
0.8638512 417545 1000 2000 a
0.8646512 418545 1000 2000 a
0.8654512 419545 1000 2000 a
0.8662512 420545 1000 2000 a
0.8670512 421545 1000 2000 a
0.8678512 422545 1000 2000 a
0.8686512 423545 1000 2000 a
0.8694512 424545 1000 2000 a
0.8702512 425545 1000 2000 a
0.8710512 426545 1000 2000 a
0.8711768 427545 1000 2000 a
0.8719768 529769 67 1000 a
0.8727768 530769 1000 1000 a
0.8735768 531769 1000 1000 a
0.8743768 532769 1000 1000 a
0.8751768 533769 1000 1000 a
0.8759768 534769 1000 1000 a
0.8767768 535769 1000 1000 a
0.8775768 536769 1000 1000 a
0.8783768 537769 1000 1000 a
0.8791768 538769 1000 1000 a
0.8799768 539769 1000 1000 a
0.8807768 540769 1000 1000 a
0.8815768 541769 1000 1000 a
0.8823768 542769 1000 1000 a
0.8831768 543769 1000 1000 a
0.8839768 544769 1000 1000 a
0.8847768 545769 1000 1000 a
0.8855768 546769 1000 1000 a
0.8863768 547769 1000 1000 a
0.8871768 548769 1000 1000 a
0.8879768 549769 1000 1000 a
0.8887768 550769 1000 1000 a
0.8895768 551769 1000 1000 a
0.8903768 552769 1000 1000 a
0.8911768 553769 1000 1000 a
0.8919768 554769 1000 1000 a
0.8927768 555769 1000 1000 a
0.8935768 556769 1000 1000 a
0.8943768 557769 1000 1000 a
0.8951768 558769 1000 1000 a
0.8959768 559769 1000 1000 a
0.8967768 560769 1000 1000 a
0.8975768 561769 1000 1000 a
0.8983768 562769 1000 1000 a
0.8991768 563769 1000 1000 a
0.8999768 564769 1000 1000 a
0.9007768 565769 1000 1000 a
0.9015768 566769 1000 1000 a
0.9023768 567769 1000 1000 a
0.9031768 568769 1000 1000 a
0.9039768 569769 1000 1000 a
0.9047768 570769 1000 1000 a
0.9055768 571769 1000 1000 a
0.9063768 572769 1000 1000 a
0.9071768 573769 1000 1000 a
0.9079768 574769 1000 1000 a
0.9087768 575769 1000 1000 a
0.9095768 576769 1000 1000 a
0.9103768 577769 1000 1000 a
0.9111768 578769 1000 1000 a
0.9119768 579769 1000 1000 a
0.9127768 580769 1000 1000 a
0.9135768 581769 1000 1000 a
0.9143768 582769 1000 1000 a
0.9151768 583769 1000 1000 a
0.9159768 584769 1000 1000 a
0.9167768 585769 1000 1000 a
0.9175768 586769 1000 1000 a
0.9183768 587769 1000 1000 a
0.9191768 588769 1000 1000 a
0.9199768 589769 1000 1000 a
0.9207768 590769 1000 1000 a
0.9215768 591769 1000 1000 a
0.9223768 592769 1000 1000 a
0.9231768 593769 1000 1000 a
0.9239768 594769 1000 1000 a
0.9247768 595769 1000 1000 a
0.9255768 596769 1000 1000 a
0.9263768 597769 1000 1000 a
0.9271768 598769 1000 1000 a
0.9279768 599769 1000 1000 a
0.9287768 600769 1000 1000 a
0.9295768 601769 1000 1000 a
0.9303768 602769 1000 1000 a
0.9311768 603769 1000 1000 a
0.9319768 604769 1000 1000 a
0.9327768 605769 1000 1000 a
0.9335768 606769 1000 1000 a
0.9343768 607769 1000 1000 a
0.9351768 608769 1000 1000 a
0.9359768 609769 1000 1000 a
0.9367768 610769 1000 1000 a
0.9375768 611769 1000 1000 a
0.9383768 612769 1000 1000 a
0.9391768 613769 1000 1000 a
0.9399768 614769 1000 1000 a
0.9407768 615769 1000 1000 a
0.9415768 616769 1000 1000 a
0.9423768 617769 1000 1000 a
0.9431768 618769 1000 1000 a
0.9439768 619769 1000 1000 a
0.9447768 620769 1000 1000 a
0.9455768 621769 1000 1000 a
0.9463768 622769 1000 1000 a
0.9471768 623769 1000 1000 a
0.9479768 624769 1000 1000 a
0.9487768 625769 1000 1000 a
0.9495768 626769 1000 1000 a
0.9503768 627769 1000 1000 a
0.9511768 628769 1000 1000 a
0.9519768 629769 1000 1000 a
0.9527768 630769 1000 1000 a
0.9535648 631769 1000 1000 a
0.9543648 427702 157 2000 a
0.9551648 428702 1000 2000 a
0.9559648 429702 1000 2000 a
0.9567648 430702 1000 2000 a
0.9575648 431702 1000 2000 a
0.9583648 432702 1000 2000 a
0.9591648 433702 1000 2000 a
0.9599648 434702 1000 2000 a
0.9607648 435702 1000 2000 a
0.9615648 436702 1000 2000 a
0.9623648 437702 1000 2000 a
0.9631648 438702 1000 2000 a
0.9639648 439702 1000 2000 a
0.9647648 440702 1000 2000 a
0.9655648 441702 1000 2000 a
0.9663648 442702 1000 2000 a
0.9671648 443702 1000 2000 a
0.9679648 444702 1000 2000 a
0.9687648 445702 1000 2000 a
0.9695648 446702 1000 2000 a
0.9703648 447702 1000 2000 a
0.9711648 448702 1000 2000 a
0.9719648 449702 1000 2000 a
0.9727648 450702 1000 2000 a
0.9735648 451702 1000 2000 a
0.9743648 452702 1000 2000 a
0.9751648 453702 1000 2000 a
0.9759648 454702 1000 2000 a
0.9767648 455702 1000 2000 a
0.9775648 456702 1000 2000 a
0.9783648 457702 1000 2000 a
0.9791648 458702 1000 2000 a
0.9799648 459702 1000 2000 a
0.9807648 460702 1000 2000 a
0.9815648 461702 1000 2000 a
0.9823648 462702 1000 2000 a
0.9831648 463702 1000 2000 a
0.9839648 464702 1000 2000 a
0.9847648 465702 1000 2000 a
0.9855648 466702 1000 2000 a
0.9863648 467702 1000 2000 a
0.9871648 468702 1000 2000 a
0.9879648 469702 1000 2000 a
0.9887648 470702 1000 2000 a
0.9895648 471702 1000 2000 a
0.9903648 472702 1000 2000 a
0.9911648 473702 1000 2000 a
0.9919648 474702 1000 2000 a
0.9927648 475702 1000 2000 a
0.9935648 476702 1000 2000 a
0.9943648 477702 1000 2000 a
0.9951648 478702 1000 2000 a
0.9959648 479702 1000 2000 a
0.9967648 480702 1000 2000 a
0.9975648 481702 1000 2000 a
0.9983648 482702 1000 2000 a
0.9991648 483702 1000 2000 a
0.9999648 484702 1000 2000 a
1.0007648 485702 1000 2000 a
1.0015648 486702 1000 2000 a
1.0023648 487702 1000 2000 a
1.0031648 488702 1000 2000 a
1.0039648 489702 1000 2000 a
1.0047648 490702 1000 2000 a
1.0055648 491702 1000 2000 a
1.0063648 492702 1000 2000 a
1.0071648 493702 1000 2000 a
1.0079648 494702 1000 2000 a
1.0087648 495702 1000 2000 a
1.0095648 496702 1000 2000 a
1.0103648 497702 1000 2000 a
1.0111648 498702 1000 2000 a
1.0119648 499702 1000 2000 a
1.0127648 500702 1000 2000 a
1.0135648 501702 1000 2000 a
1.0143648 502702 1000 2000 a
1.0151648 503702 1000 2000 a
1.0159648 504702 1000 2000 a
1.0167648 505702 1000 2000 a
1.0175648 506702 1000 2000 a
1.0183648 507702 1000 2000 a
1.0191648 508702 1000 2000 a
1.0199648 509702 1000 2000 a
1.0207648 510702 1000 2000 a
1.0215648 511702 1000 2000 a
1.0223648 512702 1000 2000 a
1.0231648 513702 1000 2000 a
1.0239648 514702 1000 2000 a
1.0247648 515702 1000 2000 a
1.0255648 516702 1000 2000 a
1.0263648 517702 1000 2000 a
1.0271648 518702 1000 2000 a
1.0279648 519702 1000 2000 a
1.0287648 520702 1000 2000 a
1.0295648 521702 1000 2000 a
1.0303648 522702 1000 2000 a
1.0311648 523702 1000 2000 a
1.0319648 524702 1000 2000 a
1.0327648 525702 1000 2000 a
1.0335648 526702 1000 2000 a
1.0343648 527702 1000 2000 a
1.0351648 528702 1000 2000 a
1.0352184 529702 1000 2000 a
1.0360184 632754 985 1000 a
1.0368184 633754 1000 1000 a
1.0376184 634754 1000 1000 a
1.0384184 635754 1000 1000 a
1.0392184 636754 1000 1000 a
1.0400184 637754 1000 1000 a
1.0408184 638754 1000 1000 a
1.0416184 639754 1000 1000 a
1.0424184 640754 1000 1000 a
1.0432184 641754 1000 1000 a
1.0440184 642754 1000 1000 a
1.0448184 643754 1000 1000 a
1.0456184 644754 1000 1000 a
1.0464184 645754 1000 1000 a
1.0472184 646754 1000 1000 a
1.0480184 647754 1000 1000 a
1.0488184 648754 1000 1000 a
1.0496184 649754 1000 1000 a
1.0504184 650754 1000 1000 a
1.0512184 651754 1000 1000 a
1.0520184 652754 1000 1000 a
1.0528184 653754 1000 1000 a
1.0536184 654754 1000 1000 a
1.0544184 655754 1000 1000 a
1.0552184 656754 1000 1000 a
1.0560184 657754 1000 1000 a
1.0568184 658754 1000 1000 a
1.0576184 659754 1000 1000 a
1.0584184 660754 1000 1000 a
1.0592184 661754 1000 1000 a
1.0600184 662754 1000 1000 a
1.0608184 663754 1000 1000 a
1.0616184 664754 1000 1000 a
1.0624184 665754 1000 1000 a
1.0632184 666754 1000 1000 a
1.0640184 667754 1000 1000 a
1.0648184 668754 1000 1000 a
1.0656184 669754 1000 1000 a
1.0664184 670754 1000 1000 a
1.0672184 671754 1000 1000 a
1.0680184 672754 1000 1000 a
1.0688184 673754 1000 1000 a
1.0696184 674754 1000 1000 a
1.0704184 675754 1000 1000 a
1.0712184 676754 1000 1000 a
1.0720184 677754 1000 1000 a
1.0728184 678754 1000 1000 a
1.0736184 679754 1000 1000 a
1.0744184 680754 1000 1000 a
1.0752184 681754 1000 1000 a
1.0760184 682754 1000 1000 a
1.0768184 683754 1000 1000 a
1.0776184 684754 1000 1000 a
1.0784184 685754 1000 1000 a
1.0792184 686754 1000 1000 a
1.0800184 687754 1000 1000 a
1.0808184 688754 1000 1000 a
1.0816184 689754 1000 1000 a
1.0824184 690754 1000 1000 a
1.0832184 691754 1000 1000 a
1.0840184 692754 1000 1000 a
1.0848184 693754 1000 1000 a
1.0856184 694754 1000 1000 a
1.0864184 695754 1000 1000 a
1.0872184 696754 1000 1000 a
1.0880184 697754 1000 1000 a
1.0888184 698754 1000 1000 a
1.0896184 699754 1000 1000 a
1.0904184 700754 1000 1000 a
1.0912184 701754 1000 1000 a
1.0920184 702754 1000 1000 a
1.0928184 703754 1000 1000 a
1.0936184 704754 1000 1000 a
1.0944184 705754 1000 1000 a
1.0952184 706754 1000 1000 a
1.0960184 707754 1000 1000 a
1.0968184 708754 1000 1000 a
1.0976184 709754 1000 1000 a
1.0984184 710754 1000 1000 a
1.0992184 711754 1000 1000 a
1.1000184 712754 1000 1000 a
1.1008184 713754 1000 1000 a
1.1016184 714754 1000 1000 a
1.1024184 715754 1000 1000 a
1.1032184 716754 1000 1000 a
1.1040184 717754 1000 1000 a
1.1048184 718754 1000 1000 a
1.1056184 719754 1000 1000 a
1.1064184 720754 1000 1000 a
1.1072184 721754 1000 1000 a
1.1080184 722754 1000 1000 a
1.1088184 723754 1000 1000 a
1.1096184 724754 1000 1000 a
1.1104184 725754 1000 1000 a
1.1112184 726754 1000 1000 a
1.1120184 727754 1000 1000 a
1.1128184 728754 1000 1000 a
1.1136184 729754 1000 1000 a
1.1144184 730754 1000 1000 a
1.1152184 731754 1000 1000 a
1.1160184 732754 1000 1000 a
1.1168184 733754 1000 1000 a
1.1176184 734754 1000 1000 a
1.118348 735754 1000 1000 a
1.119148 529769 67 2000 a
1.119948 530769 1000 2000 a
1.120748 531769 1000 2000 a
1.121548 532769 1000 2000 a
1.122348 533769 1000 2000 a
1.123148 534769 1000 2000 a
1.123948 535769 1000 2000 a
1.124748 536769 1000 2000 a
1.125548 537769 1000 2000 a
1.126348 538769 1000 2000 a
1.127148 539769 1000 2000 a
1.127948 540769 1000 2000 a
1.128748 541769 1000 2000 a
1.129548 542769 1000 2000 a
1.130348 543769 1000 2000 a
1.131148 544769 1000 2000 a
1.131948 545769 1000 2000 a
1.132748 546769 1000 2000 a
1.133548 547769 1000 2000 a
1.134348 548769 1000 2000 a
1.135148 549769 1000 2000 a
1.135948 550769 1000 2000 a
1.136748 551769 1000 2000 a
1.137548 552769 1000 2000 a
1.138348 553769 1000 2000 a
1.139148 554769 1000 2000 a
1.139948 555769 1000 2000 a
1.140748 556769 1000 2000 a
1.141548 557769 1000 2000 a
1.142348 558769 1000 2000 a
1.143148 559769 1000 2000 a
1.143948 560769 1000 2000 a
1.144748 561769 1000 2000 a
1.145548 562769 1000 2000 a
1.146348 563769 1000 2000 a
1.147148 564769 1000 2000 a
1.147948 565769 1000 2000 a
1.148748 566769 1000 2000 a
1.149548 567769 1000 2000 a
1.150348 568769 1000 2000 a
1.151148 569769 1000 2000 a
1.151948 570769 1000 2000 a
1.152748 571769 1000 2000 a
1.153548 572769 1000 2000 a
1.154348 573769 1000 2000 a
1.155148 574769 1000 2000 a
1.155948 575769 1000 2000 a
1.156748 576769 1000 2000 a
1.157548 577769 1000 2000 a
1.158348 578769 1000 2000 a
1.159148 579769 1000 2000 a
1.159948 580769 1000 2000 a
1.160748 581769 1000 2000 a
1.161548 582769 1000 2000 a
1.162348 583769 1000 2000 a
1.163148 584769 1000 2000 a
1.163948 585769 1000 2000 a
1.164748 586769 1000 2000 a
1.165548 587769 1000 2000 a
1.166348 588769 1000 2000 a
1.167148 589769 1000 2000 a
1.167948 590769 1000 2000 a
1.168748 591769 1000 2000 a
1.169548 592769 1000 2000 a
1.170348 593769 1000 2000 a
1.171148 594769 1000 2000 a
1.171948 595769 1000 2000 a
1.172748 596769 1000 2000 a
1.173548 597769 1000 2000 a
1.174348 598769 1000 2000 a
1.175148 599769 1000 2000 a
1.175948 600769 1000 2000 a
1.176748 601769 1000 2000 a
1.177548 602769 1000 2000 a
1.178348 603769 1000 2000 a
1.179148 604769 1000 2000 a
1.179948 605769 1000 2000 a
1.180748 606769 1000 2000 a
1.181548 607769 1000 2000 a
1.182348 608769 1000 2000 a
1.183148 609769 1000 2000 a
1.183948 610769 1000 2000 a
1.184748 611769 1000 2000 a
1.185548 612769 1000 2000 a
1.186348 613769 1000 2000 a
1.187148 614769 1000 2000 a
1.187948 615769 1000 2000 a
1.188748 616769 1000 2000 a
1.189548 617769 1000 2000 a
1.190348 618769 1000 2000 a
1.191148 619769 1000 2000 a
1.191948 620769 1000 2000 a
1.192748 621769 1000 2000 a
1.193548 622769 1000 2000 a
1.194348 623769 1000 2000 a
1.195148 624769 1000 2000 a
1.195948 625769 1000 2000 a
1.196748 626769 1000 2000 a
1.197548 627769 1000 2000 a
1.198348 628769 1000 2000 a
1.199148 629769 1000 2000 a
1.199948 630769 1000 2000 a
1.200736 631769 1000 2000 a
1.201536 736666 912 1000 a
1.202336 737666 1000 1000 a
1.203136 738666 1000 1000 a
1.203936 739666 1000 1000 a
1.204736 740666 1000 1000 a
1.205536 741666 1000 1000 a
1.206336 742666 1000 1000 a
1.207136 743666 1000 1000 a
1.207936 744666 1000 1000 a
1.208736 745666 1000 1000 a
1.209536 746666 1000 1000 a
1.210336 747666 1000 1000 a
1.211136 748666 1000 1000 a
1.211936 749666 1000 1000 a
1.212736 750666 1000 1000 a
1.213536 751666 1000 1000 a
1.214336 752666 1000 1000 a
1.215136 753666 1000 1000 a
1.215936 754666 1000 1000 a
1.216736 755666 1000 1000 a
1.217536 756666 1000 1000 a
1.218336 757666 1000 1000 a
1.219136 758666 1000 1000 a
1.219936 759666 1000 1000 a
1.220736 760666 1000 1000 a
1.221536 761666 1000 1000 a
1.222336 762666 1000 1000 a
1.223136 763666 1000 1000 a
1.223936 764666 1000 1000 a
1.224736 765666 1000 1000 a
1.225536 766666 1000 1000 a
1.226336 767666 1000 1000 a
1.227136 768666 1000 1000 a
1.227936 769666 1000 1000 a
1.228736 770666 1000 1000 a
1.229536 771666 1000 1000 a
1.230336 772666 1000 1000 a
1.231136 773666 1000 1000 a
1.231936 774666 1000 1000 a
1.232736 775666 1000 1000 a
1.233536 776666 1000 1000 a
1.234336 777666 1000 1000 a
1.235136 778666 1000 1000 a
1.235936 779666 1000 1000 a
1.236736 780666 1000 1000 a
1.237536 781666 1000 1000 a
1.238336 782666 1000 1000 a
1.239136 783666 1000 1000 a
1.239936 784666 1000 1000 a
1.240736 785666 1000 1000 a
1.241536 786666 1000 1000 a
1.242336 787666 1000 1000 a
1.243136 788666 1000 1000 a
1.243936 789666 1000 1000 a
1.244736 790666 1000 1000 a
1.245536 791666 1000 1000 a
1.246336 792666 1000 1000 a
1.247136 793666 1000 1000 a
1.247936 794666 1000 1000 a
1.248736 795666 1000 1000 a
1.249536 796666 1000 1000 a
1.250336 797666 1000 1000 a
1.251136 798666 1000 1000 a
1.251936 799666 1000 1000 a
1.252736 800666 1000 1000 a
1.253536 801666 1000 1000 a
1.254336 802666 1000 1000 a
1.255136 803666 1000 1000 a
1.255936 804666 1000 1000 a
1.256736 805666 1000 1000 a
1.257536 806666 1000 1000 a
1.258336 807666 1000 1000 a
1.259136 808666 1000 1000 a
1.259936 809666 1000 1000 a
1.260736 810666 1000 1000 a
1.261536 811666 1000 1000 a
1.262336 812666 1000 1000 a
1.263136 813666 1000 1000 a
1.263936 814666 1000 1000 a
1.264736 815666 1000 1000 a
1.265536 816666 1000 1000 a
1.266336 817666 1000 1000 a
1.267136 818666 1000 1000 a
1.267936 819666 1000 1000 a
1.268736 820666 1000 1000 a
1.269536 821666 1000 1000 a
1.270336 822666 1000 1000 a
1.271136 823666 1000 1000 a
1.271936 824666 1000 1000 a
1.272736 825666 1000 1000 a
1.273536 826666 1000 1000 a
1.274336 827666 1000 1000 a
1.275136 828666 1000 1000 a
1.275936 829666 1000 1000 a
1.276736 830666 1000 1000 a
1.277536 831666 1000 1000 a
1.278336 832666 1000 1000 a
1.279136 833666 1000 1000 a
1.279936 834666 1000 1000 a
1.280736 835666 1000 1000 a
1.281536 836666 1000 1000 a
1.282336 837666 1000 1000 a
1.283136 838666 1000 1000 a
1.283936 839666 1000 1000 a
1.2846136 840666 1000 1000 a
1.2854136 632754 985 2000 a
1.2862136 633754 1000 2000 a
1.2870136 634754 1000 2000 a
1.2878136 635754 1000 2000 a
1.2886136 636754 1000 2000 a
1.2894136 637754 1000 2000 a
1.2902136 638754 1000 2000 a
1.2910136 639754 1000 2000 a
1.2918136 640754 1000 2000 a
1.2926136 641754 1000 2000 a
1.2934136 642754 1000 2000 a
1.2942136 643754 1000 2000 a
1.2950136 644754 1000 2000 a
1.2958136 645754 1000 2000 a
1.2966136 646754 1000 2000 a
1.2974136 647754 1000 2000 a
1.2982136 648754 1000 2000 a
1.2990136 649754 1000 2000 a
1.2998136 650754 1000 2000 a
1.3006136 651754 1000 2000 a
1.3014136 652754 1000 2000 a
1.3022136 653754 1000 2000 a
1.3030136 654754 1000 2000 a
1.3038136 655754 1000 2000 a
1.3046136 656754 1000 2000 a
1.3054136 657754 1000 2000 a
1.3062136 658754 1000 2000 a
1.3070136 659754 1000 2000 a
1.3078136 660754 1000 2000 a
1.3086136 661754 1000 2000 a
1.3094136 662754 1000 2000 a
1.3102136 663754 1000 2000 a
1.3110136 664754 1000 2000 a
1.3118136 665754 1000 2000 a
1.3126136 666754 1000 2000 a
1.3134136 667754 1000 2000 a
1.3142136 668754 1000 2000 a
1.3150136 669754 1000 2000 a
1.3158136 670754 1000 2000 a
1.3166136 671754 1000 2000 a
1.3174136 672754 1000 2000 a
1.3182136 673754 1000 2000 a
1.3190136 674754 1000 2000 a
1.3198136 675754 1000 2000 a
1.3206136 676754 1000 2000 a
1.3214136 677754 1000 2000 a
1.3222136 678754 1000 2000 a
1.3230136 679754 1000 2000 a
1.3238136 680754 1000 2000 a
1.3246136 681754 1000 2000 a
1.3254136 682754 1000 2000 a
1.3262136 683754 1000 2000 a
1.3270136 684754 1000 2000 a
1.3278136 685754 1000 2000 a
1.3286136 686754 1000 2000 a
1.3294136 687754 1000 2000 a
1.3302136 688754 1000 2000 a
1.3310136 689754 1000 2000 a
1.3318136 690754 1000 2000 a
1.3326136 691754 1000 2000 a
1.3334136 692754 1000 2000 a
1.3342136 693754 1000 2000 a
1.3350136 694754 1000 2000 a
1.3358136 695754 1000 2000 a
1.3366136 696754 1000 2000 a
1.3374136 697754 1000 2000 a
1.3382136 698754 1000 2000 a
1.3390136 699754 1000 2000 a
1.3398136 700754 1000 2000 a
1.3406136 701754 1000 2000 a
1.3414136 702754 1000 2000 a
1.3422136 703754 1000 2000 a
1.3430136 704754 1000 2000 a
1.3438136 705754 1000 2000 a
1.3446136 706754 1000 2000 a
1.3454136 707754 1000 2000 a
1.3462136 708754 1000 2000 a
1.3470136 709754 1000 2000 a
1.3478136 710754 1000 2000 a
1.3486136 711754 1000 2000 a
1.3494136 712754 1000 2000 a
1.3502136 713754 1000 2000 a
1.3510136 714754 1000 2000 a
1.3518136 715754 1000 2000 a
1.3526136 716754 1000 2000 a
1.3534136 717754 1000 2000 a
1.3542136 718754 1000 2000 a
1.3550136 719754 1000 2000 a
1.3558136 720754 1000 2000 a
1.3566136 721754 1000 2000 a
1.3574136 722754 1000 2000 a
1.3582136 723754 1000 2000 a
1.3590136 724754 1000 2000 a
1.3598136 725754 1000 2000 a
1.3606136 726754 1000 2000 a
1.3614136 727754 1000 2000 a
1.3622136 728754 1000 2000 a
1.3630136 729754 1000 2000 a
1.3638136 730754 1000 2000 a
1.3646136 731754 1000 2000 a
1.3654136 732754 1000 2000 a
1.3662136 733754 1000 2000 a
1.3670136 734754 1000 2000 a
1.3677432 735754 1000 2000 a
1.3685432 841513 847 1000 a
1.3693432 842513 1000 1000 a
1.3701432 843513 1000 1000 a
1.3709432 844513 1000 1000 a
1.3717432 845513 1000 1000 a
1.3725432 846513 1000 1000 a
1.3733432 847513 1000 1000 a
1.3741432 848513 1000 1000 a
1.3749432 849513 1000 1000 a
1.3757432 850513 1000 1000 a
1.3765432 851513 1000 1000 a
1.3773432 852513 1000 1000 a
1.3781432 853513 1000 1000 a
1.3789432 854513 1000 1000 a
1.3797432 855513 1000 1000 a
1.3805432 856513 1000 1000 a
1.3813432 857513 1000 1000 a
1.3821432 858513 1000 1000 a
1.3829432 859513 1000 1000 a
1.3837432 860513 1000 1000 a
1.3845432 861513 1000 1000 a
1.3853432 862513 1000 1000 a
1.3861432 863513 1000 1000 a
1.3869432 864513 1000 1000 a
1.3877432 865513 1000 1000 a
1.3885432 866513 1000 1000 a
1.3893432 867513 1000 1000 a
1.3901432 868513 1000 1000 a
1.3909432 869513 1000 1000 a
1.3917432 870513 1000 1000 a
1.3925432 871513 1000 1000 a
1.3933432 872513 1000 1000 a
1.3941432 873513 1000 1000 a
1.3949432 874513 1000 1000 a
1.3957432 875513 1000 1000 a
1.3965432 876513 1000 1000 a
1.3973432 877513 1000 1000 a
1.3981432 878513 1000 1000 a
1.3989432 879513 1000 1000 a
1.3997432 880513 1000 1000 a
1.4005432 881513 1000 1000 a
1.4013432 882513 1000 1000 a
1.4021432 883513 1000 1000 a
1.4029432 884513 1000 1000 a
1.4037432 885513 1000 1000 a
1.4045432 886513 1000 1000 a
1.4053432 887513 1000 1000 a
1.4061432 888513 1000 1000 a
1.4069432 889513 1000 1000 a
1.4077432 890513 1000 1000 a
1.4085432 891513 1000 1000 a
1.4093432 892513 1000 1000 a
1.4101432 893513 1000 1000 a
1.4109432 894513 1000 1000 a
1.4117432 895513 1000 1000 a
1.4125432 896513 1000 1000 a
1.4133432 897513 1000 1000 a
1.4141432 898513 1000 1000 a
1.4149432 899513 1000 1000 a
1.4157432 900513 1000 1000 a
1.4165432 901513 1000 1000 a
1.4173432 902513 1000 1000 a
1.4181432 903513 1000 1000 a
1.4189432 904513 1000 1000 a
1.4197432 905513 1000 1000 a
1.4205432 906513 1000 1000 a
1.4213432 907513 1000 1000 a
1.4221432 908513 1000 1000 a
1.4229432 909513 1000 1000 a
1.4237432 910513 1000 1000 a
1.4245432 911513 1000 1000 a
1.4253432 912513 1000 1000 a
1.4261432 913513 1000 1000 a
1.4269432 914513 1000 1000 a
1.4277432 915513 1000 1000 a
1.4285432 916513 1000 1000 a
1.4293432 917513 1000 1000 a
1.4301432 918513 1000 1000 a
1.4309432 919513 1000 1000 a
1.4317432 920513 1000 1000 a
1.4325432 921513 1000 1000 a
1.4333432 922513 1000 1000 a
1.4341432 923513 1000 1000 a
1.4349432 924513 1000 1000 a
1.4357432 925513 1000 1000 a
1.4365432 926513 1000 1000 a
1.4373432 927513 1000 1000 a
1.4381432 928513 1000 1000 a
1.4389432 929513 1000 1000 a
1.4397432 930513 1000 1000 a
1.4405432 931513 1000 1000 a
1.4413432 932513 1000 1000 a
1.4421432 933513 1000 1000 a
1.4429432 934513 1000 1000 a
1.4437432 935513 1000 1000 a
1.4445432 936513 1000 1000 a
1.4453432 937513 1000 1000 a
1.4461432 938513 1000 1000 a
1.4469432 939513 1000 1000 a
1.4477432 940513 1000 1000 a
1.4485432 941513 1000 1000 a
1.4493432 942513 1000 1000 a
1.4501432 943513 1000 1000 a
1.4509432 944513 1000 1000 a
1.4517432 945513 1000 1000 a
1.452376 946513 1000 1000 a
1.453176 736666 912 2000 a
1.453976 737666 1000 2000 a
1.454776 738666 1000 2000 a
1.455576 739666 1000 2000 a
1.456376 740666 1000 2000 a
1.457176 741666 1000 2000 a
1.457976 742666 1000 2000 a
1.458776 743666 1000 2000 a
1.459576 744666 1000 2000 a
1.460376 745666 1000 2000 a
1.461176 746666 1000 2000 a
1.461976 747666 1000 2000 a
1.462776 748666 1000 2000 a
1.463576 749666 1000 2000 a
1.464376 750666 1000 2000 a
1.465176 751666 1000 2000 a
1.465976 752666 1000 2000 a
1.466776 753666 1000 2000 a
1.467576 754666 1000 2000 a
1.468376 755666 1000 2000 a
1.469176 756666 1000 2000 a
1.469976 757666 1000 2000 a
1.470776 758666 1000 2000 a
1.471576 759666 1000 2000 a
1.472376 760666 1000 2000 a
1.473176 761666 1000 2000 a
1.473976 762666 1000 2000 a
1.474776 763666 1000 2000 a
1.475576 764666 1000 2000 a
1.476376 765666 1000 2000 a
1.477176 766666 1000 2000 a
1.477976 767666 1000 2000 a
1.478776 768666 1000 2000 a
1.479576 769666 1000 2000 a
1.480376 770666 1000 2000 a
1.481176 771666 1000 2000 a
1.481976 772666 1000 2000 a
1.482776 773666 1000 2000 a
1.483576 774666 1000 2000 a
1.484376 775666 1000 2000 a
1.485176 776666 1000 2000 a
1.485976 777666 1000 2000 a
1.486776 778666 1000 2000 a
1.487576 779666 1000 2000 a
1.488376 780666 1000 2000 a
1.489176 781666 1000 2000 a
1.489976 782666 1000 2000 a
1.490776 783666 1000 2000 a
1.491576 784666 1000 2000 a
1.492376 785666 1000 2000 a
1.493176 786666 1000 2000 a
1.493976 787666 1000 2000 a
1.494776 788666 1000 2000 a
1.495576 789666 1000 2000 a
1.496376 790666 1000 2000 a
1.497176 791666 1000 2000 a
1.497976 792666 1000 2000 a
1.498776 793666 1000 2000 a
1.499576 794666 1000 2000 a
1.500376 795666 1000 2000 a
1.501176 796666 1000 2000 a
1.501976 797666 1000 2000 a
1.502776 798666 1000 2000 a
1.503576 799666 1000 2000 a
1.504376 800666 1000 2000 a
1.505176 801666 1000 2000 a
1.505976 802666 1000 2000 a
1.506776 803666 1000 2000 a
1.507576 804666 1000 2000 a
1.508376 805666 1000 2000 a
1.509176 806666 1000 2000 a
1.509976 807666 1000 2000 a
1.510776 808666 1000 2000 a
1.511576 809666 1000 2000 a
1.512376 810666 1000 2000 a
1.513176 811666 1000 2000 a
1.513976 812666 1000 2000 a
1.514776 813666 1000 2000 a
1.515576 814666 1000 2000 a
1.516376 815666 1000 2000 a
1.517176 816666 1000 2000 a
1.517976 817666 1000 2000 a
1.518776 818666 1000 2000 a
1.519576 819666 1000 2000 a
1.520376 820666 1000 2000 a
1.521176 821666 1000 2000 a
1.521976 822666 1000 2000 a
1.522776 823666 1000 2000 a
1.523576 824666 1000 2000 a
1.524376 825666 1000 2000 a
1.525176 826666 1000 2000 a
1.525976 827666 1000 2000 a
1.526776 828666 1000 2000 a
1.527576 829666 1000 2000 a
1.528376 830666 1000 2000 a
1.529176 831666 1000 2000 a
1.529976 832666 1000 2000 a
1.530776 833666 1000 2000 a
1.531576 834666 1000 2000 a
1.532376 835666 1000 2000 a
1.533176 836666 1000 2000 a
1.533976 837666 1000 2000 a
1.534776 838666 1000 2000 a
1.535576 839666 1000 2000 a
1.5362536 840666 1000 2000 a
1.5370536 947304 791 1000 a
1.5378536 948304 1000 1000 a
1.5386536 949304 1000 1000 a
1.5394536 950304 1000 1000 a
1.5402536 951304 1000 1000 a
1.5410536 952304 1000 1000 a
1.5418536 953304 1000 1000 a
1.5426536 954304 1000 1000 a
1.5434536 955304 1000 1000 a
1.5442536 956304 1000 1000 a
1.5450536 957304 1000 1000 a
1.5458536 958304 1000 1000 a
1.5466536 959304 1000 1000 a
1.5474536 960304 1000 1000 a
1.5482536 961304 1000 1000 a
1.5490536 962304 1000 1000 a
1.5498536 963304 1000 1000 a
1.5506536 964304 1000 1000 a
1.5514536 965304 1000 1000 a
1.5522536 966304 1000 1000 a
1.5530536 967304 1000 1000 a
1.5538536 968304 1000 1000 a
1.5546536 969304 1000 1000 a
1.5554536 970304 1000 1000 a
1.5562536 971304 1000 1000 a
1.5570536 972304 1000 1000 a
1.5578536 973304 1000 1000 a
1.5586536 974304 1000 1000 a
1.5594536 975304 1000 1000 a
1.5602536 976304 1000 1000 a
1.5610536 977304 1000 1000 a
1.5618536 978304 1000 1000 a
1.5626536 979304 1000 1000 a
1.5634536 980304 1000 1000 a
1.5642536 981304 1000 1000 a
1.5650536 982304 1000 1000 a
1.5658536 983304 1000 1000 a
1.5666536 984304 1000 1000 a
1.5674536 985304 1000 1000 a
1.5682536 986304 1000 1000 a
1.5690536 987304 1000 1000 a
1.5698536 988304 1000 1000 a
1.5706536 989304 1000 1000 a
1.5714536 990304 1000 1000 a
1.5722536 991304 1000 1000 a
1.5730536 992304 1000 1000 a
1.5738536 993304 1000 1000 a
1.5746536 994304 1000 1000 a
1.5754536 995304 1000 1000 a
1.5762536 996304 1000 1000 a
1.5770536 997304 1000 1000 a
1.5778536 998304 1000 1000 a
1.5784104 999304 1000 1000 a
1.5792104 841513 847 2000 a
1.5800104 842513 1000 2000 a
1.5808104 843513 1000 2000 a
1.5816104 844513 1000 2000 a
1.5824104 845513 1000 2000 a
1.5832104 846513 1000 2000 a
1.5840104 847513 1000 2000 a
1.5848104 848513 1000 2000 a
1.5856104 849513 1000 2000 a
1.5864104 850513 1000 2000 a
1.5872104 851513 1000 2000 a
1.5880104 852513 1000 2000 a
1.5888104 853513 1000 2000 a
1.5896104 854513 1000 2000 a
1.5904104 855513 1000 2000 a
1.5912104 856513 1000 2000 a
1.5920104 857513 1000 2000 a
1.5928104 858513 1000 2000 a
1.5936104 859513 1000 2000 a
1.5944104 860513 1000 2000 a
1.5952104 861513 1000 2000 a
1.5960104 862513 1000 2000 a
1.5968104 863513 1000 2000 a
1.5976104 864513 1000 2000 a
1.5984104 865513 1000 2000 a
1.5992104 866513 1000 2000 a
1.6000104 867513 1000 2000 a
1.6008104 868513 1000 2000 a
1.6016104 869513 1000 2000 a
1.6024104 870513 1000 2000 a
1.6032104 871513 1000 2000 a
1.6040104 872513 1000 2000 a
1.6048104 873513 1000 2000 a
1.6056104 874513 1000 2000 a
1.6064104 875513 1000 2000 a
1.6072104 876513 1000 2000 a
1.6080104 877513 1000 2000 a
1.6088104 878513 1000 2000 a
1.6096104 879513 1000 2000 a
1.6104104 880513 1000 2000 a
1.6112104 881513 1000 2000 a
1.6120104 882513 1000 2000 a
1.6128104 883513 1000 2000 a
1.6136104 884513 1000 2000 a
1.6144104 885513 1000 2000 a
1.6152104 886513 1000 2000 a
1.6160104 887513 1000 2000 a
1.6168104 888513 1000 2000 a
1.6176104 889513 1000 2000 a
1.6184104 890513 1000 2000 a
1.6192104 891513 1000 2000 a
1.6200104 892513 1000 2000 a
1.6208104 893513 1000 2000 a
1.6216104 894513 1000 2000 a
1.6224104 895513 1000 2000 a
1.6232104 896513 1000 2000 a
1.6240104 897513 1000 2000 a
1.6248104 898513 1000 2000 a
1.6256104 899513 1000 2000 a
1.6264104 900513 1000 2000 a
1.6272104 901513 1000 2000 a
1.6280104 902513 1000 2000 a
1.6288104 903513 1000 2000 a
1.6296104 904513 1000 2000 a
1.6304104 905513 1000 2000 a
1.6312104 906513 1000 2000 a
1.6320104 907513 1000 2000 a
1.6328104 908513 1000 2000 a
1.6336104 909513 1000 2000 a
1.6344104 910513 1000 2000 a
1.6352104 911513 1000 2000 a
1.6360104 912513 1000 2000 a
1.6368104 913513 1000 2000 a
1.6376104 914513 1000 2000 a
1.6384104 915513 1000 2000 a
1.6392104 916513 1000 2000 a
1.6400104 917513 1000 2000 a
1.6408104 918513 1000 2000 a
1.6416104 919513 1000 2000 a
1.6424104 920513 1000 2000 a
1.6432104 921513 1000 2000 a
1.6440104 922513 1000 2000 a
1.6448104 923513 1000 2000 a
1.6456104 924513 1000 2000 a
1.6464104 925513 1000 2000 a
1.6472104 926513 1000 2000 a
1.6480104 927513 1000 2000 a
1.6488104 928513 1000 2000 a
1.6496104 929513 1000 2000 a
1.6504104 930513 1000 2000 a
1.6512104 931513 1000 2000 a
1.6520104 932513 1000 2000 a
1.6528104 933513 1000 2000 a
1.6536104 934513 1000 2000 a
1.6544104 935513 1000 2000 a
1.6552104 936513 1000 2000 a
1.6560104 937513 1000 2000 a
1.6568104 938513 1000 2000 a
1.6576104 939513 1000 2000 a
1.6584104 940513 1000 2000 a
1.6592104 941513 1000 2000 a
1.6600104 942513 1000 2000 a
1.6608104 943513 1000 2000 a
1.6616104 944513 1000 2000 a
1.6624104 945513 1000 2000 a
1.6630432 946513 1000 2000 a
1.6838432 947304 791 2000 a
1.6846432 948304 1000 2000 a
1.6854432 949304 1000 2000 a
1.6862432 950304 1000 2000 a
1.6870432 951304 1000 2000 a
1.6878432 952304 1000 2000 a
1.6886432 953304 1000 2000 a
1.6894432 954304 1000 2000 a
1.6902432 955304 1000 2000 a
1.6910432 956304 1000 2000 a
1.6918432 957304 1000 2000 a
1.6926432 958304 1000 2000 a
1.6934432 959304 1000 2000 a
1.6942432 960304 1000 2000 a
1.6950432 961304 1000 2000 a
1.6958432 962304 1000 2000 a
1.6966432 963304 1000 2000 a
1.6974432 964304 1000 2000 a
1.6982432 965304 1000 2000 a
1.6990432 966304 1000 2000 a
1.6998432 967304 1000 2000 a
1.7006432 968304 1000 2000 a
1.7014432 969304 1000 2000 a
1.7022432 970304 1000 2000 a
1.7030432 971304 1000 2000 a
1.7038432 972304 1000 2000 a
1.7046432 973304 1000 2000 a
1.7054432 974304 1000 2000 a
1.7062432 975304 1000 2000 a
1.7070432 976304 1000 2000 a
1.7078432 977304 1000 2000 a
1.7086432 978304 1000 2000 a
1.7094432 979304 1000 2000 a
1.7102432 980304 1000 2000 a
1.7110432 981304 1000 2000 a
1.7118432 982304 1000 2000 a
1.7126432 983304 1000 2000 a
1.7134432 984304 1000 2000 a
1.7142432 985304 1000 2000 a
1.7150432 986304 1000 2000 a
1.7158432 987304 1000 2000 a
1.7166432 988304 1000 2000 a
1.7174432 989304 1000 2000 a
1.7182432 990304 1000 2000 a
1.7190432 991304 1000 2000 a
1.7198432 992304 1000 2000 a
1.7206432 993304 1000 2000 a
1.7214432 994304 1000 2000 a
1.7222432 995304 1000 2000 a
1.7230432 996304 1000 2000 a
1.7238432 997304 1000 2000 a
1.7246432 998304 1000 2000 a
1.7252 999304 1000 2000 a
