# Time (seconds) Size (packets)0 0
0 0
0.0108 0
0.0108 0
0.0208 0
0.0208 0
0.0208 1
0.0216 0
0.025 0
0.025 0
0.0316 0
0.0316 0
0.0324 0
0.0324 0
0.0358 0
0.0358 0
0.0424 0
0.0424 0
0.0424 1
0.0424 2
0.0424 3
0.0432 2
0.044 1
0.0448 0
0.0458 0
0.0458 0
0.0458 1
0.0466 0
0.0532 0
0.0532 0
0.054 0
0.054 0
0.0548 0
0.0548 0
0.0556 0
0.0556 0
0.0566 0
0.0566 0
0.0574 0
0.0574 0
0.0656 0
0.0656 0
0.0656 1
0.0656 2
0.0656 3
0.0656 4
0.0656 5
0.0656 6
0.0656 7
0.0664 6
0.0672 5
0.0674 6
0.0674 7
0.0674 8
0.0674 9
0.068 8
0.0688 7
0.0696 6
0.0704 5
0.0712 4
0.072 3
0.0728 2
0.0736 1
0.0744 0
0.0764 0
0.0764 0
0.0772 0
0.0772 0
0.078 0
0.078 0
0.0788 0
0.0788 0
0.0796 0
0.0796 0
0.0804 0
0.0804 0
0.0812 0
0.0812 0
0.082 0
0.082 0
0.0828 0
0.0828 0
0.0836 0
0.0836 0
0.0844 0
0.0844 0
0.0852 0
0.0852 0
0.092 0
0.092 0
0.092 1
0.092 2
0.092 3
0.092 4
0.092 5
0.092 6
0.092 7
0.092 8
0.092 9
0.092 10
0.092 11
0.092 12
0.092 13
0.092 14
0.092 15
0.0928 14
0.0936 13
0.0944 12
0.0952 11
0.0952 12
0.0952 13
0.0952 14
0.0952 15
0.0952 16
0.0952 17
0.0952 18
0.0952 19
0.096 18
0.0968 17
0.0976 16
0.0984 15
0.0992 14
0.1 13
0.1008 12
0.1016 11
0.1024 10
0.1028 0
0.1028 0
0.1032 9
0.1036 0
0.1036 0
0.104 8
0.1044 0
0.1044 0
0.1048 7
0.1052 0
0.1052 0
0.1056 6
0.106 0
0.106 0
0.1064 5
0.1068 0
0.1068 0
0.1072 4
0.1076 0
0.1076 0
0.108 3
0.1084 0
0.1084 0
0.1088 2
0.1092 0
0.1092 0
0.1096 1
0.11 0
0.11 0
0.1104 0
0.1108 0
0.1108 0
0.1116 0
0.1116 0
0.1124 0
0.1124 0
0.1132 0
0.1132 0
0.114 0
0.114 0
0.1148 0
0.1148 0
0.1156 0
0.1156 0
0.1164 0
0.1164 0
0.1172 0
0.1172 0
0.118 0
0.118 0
0.1188 0
0.1188 0
0.1196 0
0.1196 0
0.1204 0
0.1204 0
0.1212 0
0.1212 0
0.1248 0
0.1248 0
0.1248 1
0.1248 2
0.1248 3
0.1248 4
0.1248 5
0.1248 6
0.1248 7
0.1248 8
0.1248 9
0.1248 10
0.1248 11
0.1248 12
0.1248 13
0.1248 14
0.1248 15
0.1248 16
0.1248 17
0.1248 18
0.1248 19
0.1248 20
0.1248 21
0.1248 22
0.1248 23
0.1248 24
0.1248 25
0.1248 26
0.1248 27
0.1248 28
0.1248 29
0.1248 30
0.1248 31
0.1256 30
0.1264 29
0.1272 28
0.128 27
0.1288 26
0.1296 25
0.1304 24
0.1312 23
0.1312 24
0.1312 25
0.1312 26
0.1312 27
0.1312 28
0.1312 29
0.1312 30
0.1312 31
0.1312 32
0.1312 33
0.1312 34
0.1312 35
0.1312 36
0.1312 37
0.1312 38
0.1312 39
0.132 38
0.1328 37
0.1336 36
0.1344 35
0.1352 34
0.1356 0
0.1356 0
0.136 33
0.1364 0
0.1364 0
0.1368 32
0.1372 0
0.1372 0
0.1376 31
0.138 0
0.138 0
0.1384 30
0.1388 0
0.1388 0
0.1392 29
0.1396 0
0.1396 0
0.14 28
0.1404 0
0.1404 0
0.1408 27
0.1412 0
0.1412 0
0.1416 26
0.142 0
0.142 0
0.1424 25
0.1428 0
0.1428 0
0.1432 24
0.1436 0
0.1436 0
0.144 23
0.1444 0
0.1444 0
0.1448 22
0.1452 0
0.1452 0
0.1456 21
0.146 0
0.146 0
0.1464 20
0.1468 0
0.1468 0
0.1472 19
0.1476 0
0.1476 0
0.148 18
0.1484 0
0.1484 0
0.1488 17
0.1492 0
0.1492 0
0.1496 16
0.15 0
0.15 0
0.1504 15
0.1508 0
0.1508 0
0.1512 14
0.1516 0
0.1516 0
0.152 13
0.1524 0
0.1524 0
0.1528 12
0.1532 0
0.1532 0
0.1536 11
0.154 0
0.154 0
0.1544 10
0.1548 0
0.1548 0
0.1552 9
0.1556 0
0.1556 0
0.156 8
0.1564 0
0.1564 0
0.1568 7
0.1572 0
0.1572 0
0.1576 6
0.158 0
0.158 0
0.1584 5
0.1588 0
0.1588 0
0.1592 4
0.1596 0
0.1596 0
0.16 3
0.1604 0
0.1604 0
0.1608 2
0.1612 0
0.1612 0
0.1616 1
0.162 0
0.162 0
0.1624 0
0.1628 0
0.1628 0
0.1636 0
0.1636 0
0.1644 0
0.1644 0
0.1652 0
0.1652 0
0.166 0
0.166 0
0.1668 0
0.1668 0
0.1676 0
0.1676 0
0.1684 0
0.1684 0
0.1692 0
0.1692 0
0.17 0
0.17 0
0.1704 0
0.1704 0
0.1704 1
0.1704 2
0.1704 3
0.1704 4
0.1704 5
0.1704 6
0.1704 7
0.1704 8
0.1704 9
0.1704 10
0.1704 11
0.1704 12
0.1704 13
0.1704 14
0.1704 15
0.1704 16
0.1704 17
0.1704 18
0.1704 19
0.1704 20
0.1704 21
0.1704 22
0.1704 23
0.1704 24
0.1704 25
0.1704 26
0.1704 27
0.1704 28
0.1704 29
0.1704 30
0.1704 31
0.1704 32
0.1704 33
0.1704 34
0.1704 35
0.1704 36
0.1704 37
0.1704 38
0.1704 39
0.1704 40
0.1704 41
0.1704 42
0.1704 43
0.1704 44
0.1704 45
0.1704 46
0.1704 47
0.1704 48
0.1704 49
0.1704 50
0.1704 51
0.1704 52
0.1704 53
0.1704 54
0.1704 55
0.1704 56
0.1704 57
0.1704 58
0.1704 59
0.1704 60
0.1704 61
0.1704 62
0.1704 63
0.1708 0
0.1708 0
0.1712 62
0.1716 0
0.1716 0
0.172 61
0.1724 0
0.1724 0
0.1728 60
0.1732 0
0.1732 0
0.1736 59
0.1744 58
0.1752 57
0.176 56
0.1768 55
0.1776 54
0.1784 53
0.1792 52
0.18 51
0.1808 50
0.1812 0
0.1812 0
0.1816 49
0.182 0
0.182 0
0.1824 48
0.1828 0
0.1828 0
0.1832 47
0.1832 48
0.1832 49
0.1832 50
0.1832 51
0.1832 52
0.1832 53
0.1832 54
0.1832 55
0.1832 56
0.1832 57
0.1832 58
0.1832 59
0.1832 60
0.1832 61
0.1832 62
0.1832 63
0.1832 64
0.1832 65
0.1832 66
0.1832 67
0.1832 68
0.1832 69
0.1832 70
0.1832 71
0.1832 72
0.1832 73
0.1832 74
0.1832 75
0.1832 76
0.1832 77
0.1832 78
0.1832 79
0.1836 0
0.1836 0
0.184 78
0.1844 0
0.1844 0
0.1848 77
0.1852 0
0.1852 0
0.1856 76
0.186 0
0.186 0
0.1864 75
0.1868 0
0.1868 0
0.1872 74
0.1876 0
0.1876 0
0.188 73
0.1884 0
0.1884 0
0.1888 72
0.1892 0
0.1892 0
0.1896 71
0.19 0
0.19 0
0.1904 70
0.1908 0
0.1908 0
0.1912 69
0.1916 0
0.1916 0
0.192 68
0.1924 0
0.1924 0
0.1928 67
0.1932 0
0.1932 0
0.1936 66
0.194 0
0.194 0
0.1944 65
0.1948 0
0.1948 0
0.1952 64
0.1956 0
0.1956 0
0.196 63
0.1964 0
0.1964 0
0.1968 62
0.1972 0
0.1972 0
0.1976 61
0.198 0
0.198 0
0.1984 60
0.1988 0
0.1988 0
0.1992 59
0.1996 0
0.1996 0
0.2 58
0.2004 0
0.2004 0
0.2008 57
0.2012 0
0.2012 0
0.2016 56
0.202 0
0.202 0
0.2024 55
0.2028 0
0.2028 0
0.2032 54
0.2036 0
0.2036 0
0.204 53
0.2044 0
0.2044 0
0.2048 52
0.2052 0
0.2052 0
0.2056 51
0.206 0
0.206 0
0.2064 50
0.2068 0
0.2068 0
0.2072 49
0.2076 0
0.2076 0
0.208 48
0.2084 0
0.2084 0
0.2088 47
0.2092 0
0.2092 0
0.2096 46
0.21 0
0.21 0
0.2104 45
0.2108 0
0.2108 0
0.2112 44
0.2116 0
0.2116 0
0.212 43
0.2124 0
0.2124 0
0.2128 42
0.2132 0
0.2132 0
0.2136 41
0.214 0
0.214 0
0.2144 40
0.2148 0
0.2148 0
0.2152 39
0.2156 0
0.2156 0
0.216 38
0.2164 0
0.2164 0
0.2168 37
0.2172 0
0.2172 0
0.2176 36
0.218 0
0.218 0
0.2184 35
0.2188 0
0.2188 0
0.2192 34
0.2196 0
0.2196 0
0.22 33
0.2204 0
0.2204 0
0.2208 32
0.2212 0
0.2212 0
0.2216 31
0.222 0
0.222 0
0.2224 30
0.2228 0
0.2228 0
0.2232 29
0.2236 0
0.2236 0
0.224 28
0.2244 0
0.2244 0
0.2248 27
0.2252 0
0.2252 0
0.2256 26
0.226 0
0.226 0
0.2264 25
0.2268 0
0.2268 0
0.2272 24
0.2276 0
0.2276 0
0.228 23
0.2284 0
0.2284 0
0.2288 22
0.2292 0
0.2292 0
0.2296 21
0.23 0
0.23 0
0.2304 20
0.2308 0
0.2308 0
0.2312 19
0.2316 0
0.2316 0
0.232 18
0.2324 0
0.2324 0
0.2328 17
0.2332 0
0.2332 0
0.2336 16
0.234 0
0.234 0
0.2344 15
0.2348 0
0.2348 0
0.2352 14
0.2356 0
0.2356 0
0.236 13
0.2364 0
0.2364 0
0.2368 12
0.2372 0
0.2372 0
0.2376 11
0.238 0
0.238 0
0.2384 10
0.2388 0
0.2388 0
0.2392 9
0.2396 0
0.2396 0
0.24 8
0.2404 0
0.2404 0
0.2408 7
0.2412 0
0.2412 0
0.2416 6
0.2416 7
0.2416 8
0.2416 9
0.2416 10
0.2416 11
0.2416 12
0.2416 13
0.2416 14
0.2416 15
0.2416 16
0.2416 17
0.2416 18
0.2416 19
0.2416 20
0.2416 21
0.2416 22
0.2416 23
0.2416 24
0.2416 25
0.2416 26
0.2416 27
0.2416 28
0.2416 29
0.2416 30
0.2416 31
0.2416 32
0.2416 33
0.2416 34
0.2416 35
0.2416 36
0.2416 37
0.2416 38
0.2416 39
0.2416 40
0.2416 41
0.2416 42
0.2416 43
0.2416 44
0.2416 45
0.2416 46
0.2416 47
0.2416 48
0.2416 49
0.2416 50
0.2416 51
0.2416 52
0.2416 53
0.2416 54
0.2416 55
0.2416 56
0.2416 57
0.2416 58
0.2416 59
0.2416 60
0.2416 61
0.2416 62
0.2416 63
0.2416 64
0.2416 65
0.2416 66
0.2416 67
0.2416 68
0.2416 69
0.2416 70
0.2416 71
0.2416 72
0.2416 73
0.2416 74
0.2416 75
0.2416 76
0.2416 77
0.2416 78
0.2416 79
0.2416 80
0.2416 81
0.2416 82
0.2416 83
0.2416 84
0.2416 85
0.2416 86
0.2416 87
0.2416 88
0.2416 89
0.2416 90
0.2416 91
0.2416 92
0.2416 93
0.2416 94
0.2416 95
0.2416 96
0.2416 97
0.2416 98
0.2416 99
0.2416 100
0.2416 101
0.2416 102
0.2416 103
0.2416 104
0.2416 105
0.2416 106
0.242 0
0.242 0
0.2424 105
0.2428 0
0.2428 0
0.2432 104
0.2436 0
0.2436 0
0.244 103
0.2444 0
0.2444 0
0.2448 102
0.2452 0
0.2452 0
0.2456 101
0.246 0
0.246 0
0.2464 100
0.2468 0
0.2468 0
0.2472 99
0.2476 0
0.2476 0
0.248 98
0.2484 0
0.2484 0
0.2488 97
0.2492 0
0.2492 0
0.2496 96
0.25 0
0.25 0
0.2504 95
0.2508 0
0.2508 0
0.2512 94
0.2516 0
0.2516 0
0.252 93
0.2524 0
0.2524 0
0.2528 92
0.2532 0
0.2532 0
0.2536 91
0.254 0
0.254 0
0.2544 90
0.2548 0
0.2548 0
0.2552 89
0.2556 0
0.2556 0
0.256 88
0.2564 0
0.2564 0
0.2568 87
0.2572 0
0.2572 0
0.2576 86
0.258 0
0.258 0
0.2584 85
0.2588 0
0.2588 0
0.2592 84
0.2596 0
0.2596 0
0.26 83
0.2604 0
0.2604 0
0.2608 82
0.2612 0
0.2612 0
0.2616 81
0.262 0
0.262 0
0.2624 80
0.2628 0
0.2628 0
0.2632 79
0.2636 0
0.2636 0
0.264 78
0.2644 0
0.2644 0
0.2648 77
0.2652 0
0.2652 0
0.2656 76
0.266 0
0.266 0
0.2664 75
0.2668 0
0.2668 0
0.2672 76
0.2672 77
0.2672 78
0.2672 79
0.2672 80
0.2672 81
0.2672 82
0.2672 83
0.2672 84
0.2672 85
0.2672 86
0.2672 87
0.2672 88
0.2672 89
0.2672 90
0.2672 91
0.2672 92
0.2672 93
0.2672 94
0.2672 95
0.2672 96
0.2672 97
0.2672 98
0.2672 99
0.2672 100
0.2672 101
0.2672 102
0.2672 103
0.2672 104
0.2672 105
0.2672 106
0.2672 107
0.2672 108
0.2672 109
0.2672 110
0.2672 111
0.2672 112
0.2672 113
0.2672 114
0.2672 115
0.2672 116
0.2672 117
0.2672 118
0.2672 119
0.2672 120
0.2672 121
0.2672 122
0.2672 123
0.2672 124
0.2672 125
0.2672 126
0.2672 127
0.2672 128
0.2672 129
0.2672 130
0.2672 131
0.2672 132
0.2672 133
0.2672 134
0.2672 135
0.2672 136
0.2672 137
0.2672 138
0.2672 139
0.2672 138
0.2676 0
0.2676 0
0.268 137
0.2684 0
0.2684 0
0.2688 136
0.2692 0
0.2692 0
0.2696 135
0.27 0
0.27 0
0.2704 134
0.2708 0
0.2708 0
0.2712 133
0.2716 0
0.2716 0
0.272 132
0.2724 0
0.2724 0
0.2728 131
0.2732 0
0.2732 0
0.2736 130
0.274 0
0.274 0
0.2744 129
0.2748 0
0.2748 0
0.2752 128
0.2756 0
0.2756 0
0.276 127
0.2764 0
0.2764 0
0.2768 126
0.2772 0
0.2772 0
0.2776 125
0.278 0
0.278 0
0.2784 124
0.2788 0
0.2788 0
0.2792 123
0.2796 0
0.2796 0
0.28 122
0.2804 0
0.2804 0
0.2808 121
0.2812 0
0.2812 0
0.2816 120
0.282 0
0.282 0
0.2824 119
0.2828 0
0.2828 0
0.2832 118
0.2836 0
0.2836 0
0.284 117
0.2844 0
0.2844 0
0.2848 116
0.2852 0
0.2852 0
0.2856 115
0.286 0
0.286 0
0.2864 114
0.2868 0
0.2868 0
0.2872 113
0.2876 0
0.2876 0
0.288 112
0.2884 0
0.2884 0
0.2888 111
0.2892 0
0.2892 0
0.2896 110
0.29 0
0.29 0
0.2904 109
0.2908 0
0.2908 0
0.2912 108
0.2916 0
0.2916 0
0.292 107
0.2924 0
0.2924 0
0.2928 106
0.2932 0
0.2932 0
0.2936 105
0.294 0
0.294 0
0.2944 104
0.2948 0
0.2948 0
0.2952 103
0.2956 0
0.2956 0
0.296 102
0.2964 0
0.2964 0
0.2968 101
0.2972 0
0.2972 0
0.2976 100
0.298 0
0.298 0
0.2984 99
0.2988 0
0.2988 0
0.2992 98
0.2996 0
0.2996 0
0.3 97
0.3004 0
0.3004 0
0.3008 96
0.3012 0
0.3012 0
0.3016 95
0.302 0
0.302 0
0.3024 94
0.3028 0
0.3028 0
0.3032 93
0.3036 0
0.3036 0
0.304 92
0.3044 0
0.3044 0
0.3048 91
0.3052 0
0.3052 0
0.3056 90
0.306 0
0.306 0
0.3064 89
0.3068 0
0.3068 0
0.3072 88
0.3076 0
0.3076 0
0.308 87
0.3084 0
0.3084 0
0.3088 86
0.3092 0
0.3092 0
0.3096 85
0.31 0
0.31 0
0.3104 84
0.3108 0
0.3108 0
0.3112 83
0.3116 0
0.3116 0
0.312 82
0.3124 0
0.3124 0
0.3128 81
0.3132 0
0.3132 0
0.3136 80
0.314 0
0.314 0
0.3144 79
0.3148 0
0.3148 0
0.3152 78
0.3156 0
0.3156 0
0.316 77
0.3164 0
0.3164 0
0.3168 76
0.3172 0
0.3172 0
0.3176 75
0.318 0
0.318 0
0.3184 74
0.3188 0
0.3188 0
0.3192 73
0.3196 0
0.3196 0
0.32 72
0.3204 0
0.3204 0
0.3208 71
0.3212 0
0.3212 0
0.3216 70
0.322 0
0.322 0
0.3224 69
0.3228 0
0.3228 0
0.3232 68
0.3236 0
0.3236 0
0.324 67
0.3244 0
0.3244 0
0.3248 66
0.3252 0
0.3252 0
0.3256 65
0.326 0
0.326 0
0.3264 64
0.326632 63
0.3268 0
0.3268 0
0.327432 62
0.3276 0
0.3276 0
0.328232 61
0.3284 0
0.3284 0
0.329032 60
0.3292 0
0.3292 0
0.329832 59
0.33 0
0.33 0
0.330632 58
0.3308 0
0.3308 0
0.331432 57
0.3316 0
0.3316 0
0.332232 56
0.3324 0
0.3324 0
0.333032 55
0.3332 0
0.3332 0
0.333832 54
0.334 0
0.334 0
0.334632 53
0.3348 0
0.3348 0
0.335432 52
0.3356 0
0.3356 0
0.336232 51
0.3364 0
0.3364 0
0.336632 0
0.336632 0
0.337032 50
0.337432 0
0.337432 0
0.337832 49
0.338232 0
0.338232 0
0.338632 48
0.339032 0
0.339032 0
0.339432 47
0.339832 0
0.339832 0
0.340232 46
0.340632 0
0.340632 0
0.341032 45
0.341432 0
0.341432 0
0.341832 44
0.342232 0
0.342232 0
0.342632 43
0.343032 0
0.343032 0
0.343432 42
0.343832 0
0.343832 0
0.344232 41
0.344632 0
0.344632 0
0.345032 40
0.345432 0
0.345432 0
0.345832 39
0.346232 0
0.346232 0
0.346632 40
0.346632 41
0.346632 42
0.346632 43
0.346632 44
0.346632 45
0.346632 46
0.346632 47
0.346632 48
0.346632 49
0.346632 50
0.346632 51
0.346632 52
0.346632 53
0.346632 54
0.346632 55
0.346632 56
0.346632 57
0.346632 58
0.346632 59
0.346632 60
0.346632 61
0.346632 62
0.346632 63
0.346632 64
0.346632 65
0.346632 66
0.346632 67
0.346632 68
0.346632 69
0.346632 70
0.346632 71
0.346632 72
0.346632 73
0.346632 74
0.346632 75
0.346632 76
0.346632 77
0.346632 78
0.346632 79
0.346632 80
0.346632 81
0.346632 82
0.346632 83
0.346632 84
0.346632 85
0.346632 86
0.346632 87
0.346632 88
0.346632 89
0.346632 90
0.346632 91
0.346632 92
0.346632 93
0.346632 94
0.346632 95
0.346632 96
0.346632 97
0.346632 98
0.346632 99
0.346632 100
0.346632 101
0.346632 102
0.346632 103
0.346632 104
0.346632 105
0.346632 106
0.346632 107
0.346632 108
0.346632 109
0.346632 110
0.346632 111
0.346632 112
0.346632 113
0.346632 114
0.346632 115
0.346632 116
0.346632 117
0.346632 118
0.346632 119
0.346632 120
0.346632 121
0.346632 122
0.346632 123
0.346632 124
0.346632 125
0.346632 126
0.346632 127
0.346632 128
0.346632 129
0.346632 130
0.346632 131
0.346632 132
0.346632 133
0.346632 134
0.346632 135
0.346632 136
0.346632 137
0.346632 138
0.346632 139
0.346632 140
0.346632 139
0.347032 0
0.347032 0
0.347432 138
0.347832 0
0.347832 0
0.348232 137
0.348632 0
0.348632 0
0.349032 136
0.349432 0
0.349432 0
0.349832 135
0.350232 0
0.350232 0
0.350632 134
0.351032 0
0.351032 0
0.351432 133
0.351832 0
0.351832 0
0.352232 132
0.352632 0
0.352632 0
0.353032 131
0.353432 0
0.353432 0
0.353832 130
0.354232 0
0.354232 0
0.354632 129
0.355032 0
0.355032 0
0.355432 128
0.355832 0
0.355832 0
0.356232 127
0.356632 0
0.356632 0
0.357032 126
0.357432 0
0.357432 0
0.357832 125
0.358232 0
0.358232 0
0.358632 124
0.359032 0
0.359032 0
0.359432 123
0.359832 0
0.359832 0
0.360232 122
0.360632 0
0.360632 0
0.361032 121
0.361432 0
0.361432 0
0.361832 120
0.362232 0
0.362232 0
0.362632 119
0.363032 0
0.363032 0
0.363432 118
0.363832 0
0.363832 0
0.364232 117
0.364632 0
0.364632 0
0.365032 116
0.365432 0
0.365432 0
0.365832 115
0.366232 0
0.366232 0
0.366632 114
0.367032 0
0.367032 0
0.367432 113
0.367832 0
0.367832 0
0.368232 112
0.368632 0
0.368632 0
0.369032 111
0.369432 0
0.369432 0
0.369832 110
0.370232 0
0.370232 0
0.370632 109
0.371032 0
0.371032 0
0.371432 108
0.371832 0
0.371832 0
0.372232 107
0.372632 0
0.372632 0
0.373032 106
0.373432 0
0.373432 0
0.373832 105
0.374232 0
0.374232 0
0.374632 104
0.375032 0
0.375032 0
0.375432 103
0.375832 0
0.375832 0
0.376232 102
0.376632 0
0.376632 0
0.377032 101
0.377432 0
0.377432 0
0.377832 100
0.378232 0
0.378232 0
0.378632 99
0.379032 0
0.379032 0
0.379432 98
0.379832 0
0.379832 0
0.380232 97
0.380632 0
0.380632 0
0.381032 96
0.381432 0
0.381432 0
0.381832 95
0.382232 0
0.382232 0
0.382632 94
0.383032 0
0.383032 0
0.383432 93
0.383832 0
0.383832 0
0.384232 92
0.384632 0
0.384632 0
0.385032 91
0.385432 0
0.385432 0
0.385832 90
0.386232 0
0.386232 0
0.386632 89
0.387032 0
0.387032 0
0.387432 88
0.387832 0
0.387832 0
0.388232 87
0.388632 0
0.388632 0
0.389032 86
0.389432 0
0.389432 0
0.389832 85
0.390232 0
0.390232 0
0.390632 84
0.391032 0
0.391032 0
0.391432 83
0.391832 0
0.391832 0
0.392232 82
0.392632 0
0.392632 0
0.393032 81
0.393432 0
0.393432 0
0.393832 80
0.394232 0
0.394232 0
0.394632 79
0.395032 0
0.395032 0
0.395432 78
0.395832 0
0.395832 0
0.396232 77
0.396632 0
0.396632 0
0.397032 76
0.397432 0
0.397432 0
0.397832 77
0.397832 78
0.397832 79
0.397832 80
0.397832 81
0.397832 82
0.397832 83
0.397832 84
0.397832 85
0.397832 86
0.397832 87
0.397832 88
0.397832 89
0.397832 90
0.397832 91
0.397832 92
0.397832 93
0.397832 94
0.397832 95
0.397832 96
0.397832 97
0.397832 98
0.397832 99
0.397832 100
0.397832 101
0.397832 102
0.397832 103
0.397832 104
0.397832 105
0.397832 106
0.397832 107
0.397832 108
0.397832 109
0.397832 110
0.397832 111
0.397832 112
0.397832 113
0.397832 114
0.397832 115
0.397832 116
0.397832 117
0.397832 118
0.397832 119
0.397832 120
0.397832 121
0.397832 122
0.397832 123
0.397832 124
0.397832 125
0.397832 126
0.397832 127
0.397832 128
0.397832 129
0.397832 130
0.397832 131
0.397832 132
0.397832 133
0.397832 134
0.397832 135
0.397832 136
0.397832 137
0.397832 138
0.397832 139
0.397832 140
0.397832 141
0.397832 142
0.397832 143
0.397832 144
0.397832 145
0.397832 146
0.397832 147
0.397832 148
0.397832 149
0.397832 150
0.397832 151
0.397832 152
0.397832 153
0.397832 154
0.397832 155
0.397832 156
0.397832 157
0.397832 158
0.397832 159
0.397832 160
0.397832 161
0.397832 162
0.397832 163
0.397832 164
0.397832 165
0.397832 166
0.397832 167
0.397832 168
0.397832 169
0.397832 170
0.397832 171
0.397832 172
0.397832 173
0.397832 174
0.397832 175
0.397832 176
0.397832 175
0.398232 0
0.398232 0
0.398632 174
0.399032 0
0.399032 0
0.399432 173
0.399832 0
0.399832 0
0.400232 172
0.400632 0
0.400632 0
0.401032 171
0.401432 0
0.401432 0
0.401832 170
0.402232 0
0.402232 0
0.402632 169
0.403032 0
0.403032 0
0.403432 168
0.403832 0
0.403832 0
0.404232 167
0.404632 0
0.404632 0
0.405032 166
0.405432 0
0.405432 0
0.405832 165
0.406232 0
0.406232 0
0.406632 164
0.407032 0
0.407032 0
0.407432 163
0.407832 0
0.407832 0
0.408232 162
0.408632 0
0.408632 0
0.409032 161
0.409432 0
0.409432 0
0.409832 160
0.410232 0
0.410232 0
0.410632 159
0.411032 0
0.411032 0
0.411432 158
0.411832 0
0.411832 0
0.412232 157
0.412632 0
0.412632 0
0.413032 156
0.413432 0
0.413432 0
0.413832 155
0.414232 0
0.414232 0
0.414632 154
0.415032 0
0.415032 0
0.415432 153
0.415832 0
0.415832 0
0.416232 152
0.416632 0
0.416632 0
0.417032 151
0.417432 0
0.417432 0
0.417832 150
0.418232 0
0.418232 0
0.418632 149
0.419032 0
0.419032 0
0.419432 148
0.419832 0
0.419832 0
0.420232 147
0.420632 0
0.420632 0
0.421032 146
0.421432 0
0.421432 0
0.421832 145
0.422232 0
0.422232 0
0.422632 144
0.423032 0
0.423032 0
0.423432 143
0.423832 0
0.423832 0
0.424232 142
0.424632 0
0.424632 0
0.425032 141
0.425432 0
0.425432 0
0.425832 140
0.426232 0
0.426232 0
0.426632 139
0.427032 0
0.427032 0
0.427432 138
0.427832 0
0.427832 0
0.428232 137
0.428632 0
0.428632 0
0.429032 136
0.429432 0
0.429432 0
0.429832 135
0.430232 0
0.430232 0
0.430632 134
0.431032 0
0.431032 0
0.431432 133
0.431832 0
0.431832 0
0.432232 132
0.432632 0
0.432632 0
0.433032 131
0.433432 0
0.433432 0
0.433832 130
0.434232 0
0.434232 0
0.434632 129
0.435032 0
0.435032 0
0.435432 128
0.435832 0
0.435832 0
0.436232 127
0.436632 0
0.436632 0
0.437032 126
0.437432 0
0.437432 0
0.437832 125
0.438232 0
0.438232 0
0.438632 124
0.439032 0
0.439032 0
0.439432 123
0.439832 0
0.439832 0
0.440232 122
0.440632 0
0.440632 0
0.441032 121
0.441432 0
0.441432 0
0.441832 120
0.442232 0
0.442232 0
0.442632 119
0.443032 0
0.443032 0
0.443432 118
0.443832 0
0.443832 0
0.444232 117
0.444632 0
0.444632 0
0.445032 116
0.445432 0
0.445432 0
0.445832 115
0.446232 0
0.446232 0
0.446632 114
0.447032 0
0.447032 0
0.447432 113
0.447832 0
0.447832 0
0.448232 112
0.448632 0
0.448632 0
0.449032 111
0.449432 0
0.449432 0
0.449832 110
0.450232 0
0.450232 0
0.450632 109
0.451032 0
0.451032 0
0.451432 108
0.451832 0
0.451832 0
0.452232 107
0.452632 0
0.452632 0
0.453032 106
0.453432 0
0.453432 0
0.453832 105
0.454232 0
0.454232 0
0.454632 104
0.455032 0
0.455032 0
0.455432 103
0.455832 0
0.455832 0
0.456232 102
0.456632 0
0.456632 0
0.457032 101
0.457432 0
0.457432 0
0.457832 100
0.458036 99
0.458232 0
0.458232 0
0.458836 98
0.459032 0
0.459032 0
0.459636 97
0.459832 0
0.459832 0
0.460436 96
0.460632 0
0.460632 0
0.461236 95
0.461432 0
0.461432 0
0.462036 94
0.462232 0
0.462232 0
0.462836 93
0.463032 0
0.463032 0
0.463636 92
0.463832 0
0.463832 0
0.464436 91
0.464632 0
0.464632 0
0.465236 90
0.465432 0
0.465432 0
0.466036 89
0.466232 0
0.466232 0
0.466836 88
0.467032 0
0.467032 0
0.467636 87
0.467832 0
0.467832 0
0.468036 0
0.468036 0
0.468436 86
0.468836 0
0.468836 0
0.469236 85
0.469636 0
0.469636 0
0.470036 84
0.470436 0
0.470436 0
0.470836 83
0.471236 0
0.471236 0
0.471636 82
0.472036 0
0.472036 0
0.472436 81
0.472836 0
0.472836 0
0.473236 80
0.473636 0
0.473636 0
0.474036 79
0.474436 0
0.474436 0
0.474836 78
0.475236 0
0.475236 0
0.475636 77
0.476036 0
0.476036 0
0.476436 76
0.476836 0
0.476836 0
0.477236 75
0.477636 0
0.477636 0
0.478036 76
0.478036 77
0.478036 78
0.478036 79
0.478036 80
0.478036 81
0.478036 82
0.478036 83
0.478036 84
0.478036 85
0.478036 86
0.478036 87
0.478036 88
0.478036 89
0.478036 90
0.478036 91
0.478036 92
0.478036 93
0.478036 94
0.478036 95
0.478036 96
0.478036 97
0.478036 98
0.478036 99
0.478036 100
0.478036 101
0.478036 102
0.478036 103
0.478036 104
0.478036 105
0.478036 106
0.478036 107
0.478036 108
0.478036 109
0.478036 110
0.478036 111
0.478036 112
0.478036 113
0.478036 114
0.478036 115
0.478036 116
0.478036 117
0.478036 118
0.478036 119
0.478036 120
0.478036 121
0.478036 122
0.478036 123
0.478036 124
0.478036 125
0.478036 126
0.478036 127
0.478036 128
0.478036 129
0.478036 130
0.478036 131
0.478036 132
0.478036 133
0.478036 134
0.478036 135
0.478036 136
0.478036 137
0.478036 138
0.478036 139
0.478036 140
0.478036 141
0.478036 142
0.478036 143
0.478036 144
0.478036 145
0.478036 146
0.478036 147
0.478036 148
0.478036 149
0.478036 150
0.478036 151
0.478036 152
0.478036 153
0.478036 154
0.478036 155
0.478036 156
0.478036 157
0.478036 158
0.478036 159
0.478036 160
0.478036 161
0.478036 162
0.478036 163
0.478036 164
0.478036 165
0.478036 166
0.478036 167
0.478036 168
0.478036 169
0.478036 170
0.478036 171
0.478036 172
0.478036 173
0.478036 174
0.478036 175
0.478036 176
0.478036 177
0.478036 176
0.478436 0
0.478436 0
0.478836 175
0.479236 0
0.479236 0
0.479636 174
0.480036 0
0.480036 0
0.480436 173
0.480836 0
0.480836 0
0.481236 172
0.481636 0
0.481636 0
0.482036 171
0.482436 0
0.482436 0
0.482836 170
0.483236 0
0.483236 0
0.483636 169
0.484036 0
0.484036 0
0.484436 168
0.484836 0
0.484836 0
0.485236 167
0.485636 0
0.485636 0
0.486036 166
0.486436 0
0.486436 0
0.486836 165
0.487236 0
0.487236 0
0.487636 164
0.488036 0
0.488036 0
0.488436 163
0.488836 0
0.488836 0
0.489236 162
0.489636 0
0.489636 0
0.490036 161
0.490436 0
0.490436 0
0.490836 160
0.491236 0
0.491236 0
0.491636 159
0.492036 0
0.492036 0
0.492436 158
0.492836 0
0.492836 0
0.493236 157
0.493636 0
0.493636 0
0.494036 156
0.494436 0
0.494436 0
0.494836 155
0.495236 0
0.495236 0
0.495636 154
0.496036 0
0.496036 0
0.496436 153
0.496836 0
0.496836 0
0.497236 152
0.497636 0
0.497636 0
0.498036 151
0.498436 0
0.498436 0
0.498836 150
0.499236 0
0.499236 0
0.499636 149
0.500036 0
0.500036 0
0.500436 148
0.500836 0
0.500836 0
0.501236 147
0.501636 0
0.501636 0
0.502036 146
0.502436 0
0.502436 0
0.502836 145
0.503236 0
0.503236 0
0.503636 144
0.504036 0
0.504036 0
0.504436 143
0.504836 0
0.504836 0
0.505236 142
0.505636 0
0.505636 0
0.506036 141
0.506436 0
0.506436 0
0.506836 140
0.507236 0
0.507236 0
0.507636 139
0.508036 0
0.508036 0
0.508436 138
0.508836 0
0.508836 0
0.509236 137
0.509636 0
0.509636 0
0.510036 136
0.510436 0
0.510436 0
0.510836 135
0.511236 0
0.511236 0
0.511636 134
0.512036 0
0.512036 0
0.512436 133
0.512836 0
0.512836 0
0.513236 132
0.513636 0
0.513636 0
0.514036 131
0.514436 0
0.514436 0
0.514836 130
0.515236 0
0.515236 0
0.515636 129
0.516036 0
0.516036 0
0.516436 128
0.516836 0
0.516836 0
0.517236 127
0.517636 0
0.517636 0
0.518036 126
0.518436 0
0.518436 0
0.518836 125
0.519236 0
0.519236 0
0.519636 124
0.520036 0
0.520036 0
0.520436 123
0.520836 0
0.520836 0
0.521236 122
0.521636 0
0.521636 0
0.522036 121
0.522436 0
0.522436 0
0.522836 120
0.523236 0
0.523236 0
0.523636 119
0.524036 0
0.524036 0
0.524436 118
0.524836 0
0.524836 0
0.525236 117
0.525636 0
0.525636 0
0.526036 116
0.526436 0
0.526436 0
0.526836 115
0.527236 0
0.527236 0
0.527636 114
0.528036 0
0.528036 0
0.528436 113
0.528836 0
0.528836 0
0.529236 112
0.529636 0
0.529636 0
0.530036 111
0.530436 0
0.530436 0
0.530836 110
0.531236 0
0.531236 0
0.531636 109
0.532036 0
0.532036 0
0.532436 108
0.532836 0
0.532836 0
0.533236 107
0.533636 0
0.533636 0
0.534036 106
0.534436 0
0.534436 0
0.534836 105
0.535236 0
0.535236 0
0.535636 104
0.536036 0
0.536036 0
0.536436 103
0.536836 0
0.536836 0
0.537236 102
0.537468 101
0.537636 0
0.537636 0
0.538268 100
0.538436 0
0.538436 0
0.539068 99
0.539236 0
0.539236 0
0.539868 98
0.540036 0
0.540036 0
0.540668 97
0.540836 0
0.540836 0
0.541468 96
0.541636 0
0.541636 0
0.542268 95
0.542436 0
0.542436 0
0.543068 94
0.543236 0
0.543236 0
0.543868 93
0.544036 0
0.544036 0
0.544668 92
0.544836 0
0.544836 0
0.545468 91
0.545636 0
0.545636 0
0.546268 90
0.546436 0
0.546436 0
0.547068 89
0.547236 0
0.547236 0
0.547468 0
0.547468 0
0.547868 88
0.548268 0
0.548268 0
0.548668 87
0.549068 0
0.549068 0
0.549468 86
0.549868 0
0.549868 0
0.550268 85
0.550668 0
0.550668 0
0.551068 84
0.551468 0
0.551468 0
0.551868 83
0.552268 0
0.552268 0
0.552668 82
0.553068 0
0.553068 0
0.553468 81
0.553868 0
0.553868 0
0.554268 80
0.554668 0
0.554668 0
0.555068 79
0.555468 0
0.555468 0
0.555868 78
0.556268 0
0.556268 0
0.556668 77
0.557068 0
0.557068 0
0.557468 78
0.557468 79
0.557468 80
0.557468 81
0.557468 82
0.557468 83
0.557468 84
0.557468 85
0.557468 86
0.557468 87
0.557468 88
0.557468 89
0.557468 90
0.557468 91
0.557468 92
0.557468 93
0.557468 94
0.557468 95
0.557468 96
0.557468 97
0.557468 98
0.557468 99
0.557468 100
0.557468 101
0.557468 102
0.557468 103
0.557468 104
0.557468 105
0.557468 106
0.557468 107
0.557468 108
0.557468 109
0.557468 110
0.557468 111
0.557468 112
0.557468 113
0.557468 114
0.557468 115
0.557468 116
0.557468 117
0.557468 118
0.557468 119
0.557468 120
0.557468 121
0.557468 122
0.557468 123
0.557468 124
0.557468 125
0.557468 126
0.557468 127
0.557468 128
0.557468 129
0.557468 130
0.557468 131
0.557468 132
0.557468 133
0.557468 134
0.557468 135
0.557468 136
0.557468 137
0.557468 138
0.557468 139
0.557468 140
0.557468 141
0.557468 142
0.557468 143
0.557468 144
0.557468 145
0.557468 146
0.557468 147
0.557468 148
0.557468 149
0.557468 150
0.557468 151
0.557468 152
0.557468 153
0.557468 154
0.557468 155
0.557468 156
0.557468 157
0.557468 158
0.557468 159
0.557468 160
0.557468 161
0.557468 162
0.557468 163
0.557468 164
0.557468 165
0.557468 166
0.557468 167
0.557468 168
0.557468 169
0.557468 170
0.557468 171
0.557468 172
0.557468 173
0.557468 174
0.557468 175
0.557468 176
0.557468 177
0.557468 178
0.557468 177
0.557868 0
0.557868 0
0.558268 176
0.558668 0
0.558668 0
0.559068 175
0.559468 0
0.559468 0
0.559868 174
0.560268 0
0.560268 0
0.560668 173
0.561068 0
0.561068 0
0.561468 172
0.561868 0
0.561868 0
0.562268 171
0.562668 0
0.562668 0
0.563068 170
0.563468 0
0.563468 0
0.563868 169
0.564268 0
0.564268 0
0.564668 168
0.565068 0
0.565068 0
0.565468 167
0.565868 0
0.565868 0
0.566268 166
0.566668 0
0.566668 0
0.567068 165
0.567468 0
0.567468 0
0.567868 164
0.568268 0
0.568268 0
0.568668 163
0.569068 0
0.569068 0
0.569468 162
0.569868 0
0.569868 0
0.570268 161
0.570668 0
0.570668 0
0.571068 160
0.571468 0
0.571468 0
0.571868 159
0.572268 0
0.572268 0
0.572668 158
0.573068 0
0.573068 0
0.573468 157
0.573868 0
0.573868 0
0.574268 156
0.574668 0
0.574668 0
0.575068 155
0.575468 0
0.575468 0
0.575868 154
0.576268 0
0.576268 0
0.576668 153
0.577068 0
0.577068 0
0.577468 152
0.577868 0
0.577868 0
0.578268 151
0.578668 0
0.578668 0
0.579068 150
0.579468 0
0.579468 0
0.579868 149
0.580268 0
0.580268 0
0.580668 148
0.581068 0
0.581068 0
0.581468 147
0.581868 0
0.581868 0
0.582268 146
0.582668 0
0.582668 0
0.583068 145
0.583468 0
0.583468 0
0.583868 144
0.584268 0
0.584268 0
0.584668 143
0.585068 0
0.585068 0
0.585468 142
0.585868 0
0.585868 0
0.586268 141
0.586668 0
0.586668 0
0.587068 140
0.587468 0
0.587468 0
0.587868 139
0.588268 0
0.588268 0
0.588668 138
0.589068 0
0.589068 0
0.589468 137
0.589868 0
0.589868 0
0.590268 136
0.590668 0
0.590668 0
0.591068 135
0.591468 0
0.591468 0
0.591868 134
0.592268 0
0.592268 0
0.592668 133
0.593068 0
0.593068 0
0.593468 132
0.593868 0
0.593868 0
0.594268 131
0.594668 0
0.594668 0
0.595068 130
0.595468 0
0.595468 0
0.595868 129
0.596268 0
0.596268 0
0.596668 128
0.597068 0
0.597068 0
0.597468 127
0.597868 0
0.597868 0
0.598268 126
0.598668 0
0.598668 0
0.599068 125
0.599468 0
0.599468 0
0.599868 124
0.600268 0
0.600268 0
0.600668 123
0.601068 0
0.601068 0
0.601468 122
0.601868 0
0.601868 0
0.602268 121
0.602668 0
0.602668 0
0.603068 120
0.603468 0
0.603468 0
0.603868 119
0.604268 0
0.604268 0
0.604668 118
0.605068 0
0.605068 0
0.605468 117
0.605868 0
0.605868 0
0.606268 116
0.606668 0
0.606668 0
0.607068 115
0.607468 0
0.607468 0
0.607868 114
0.608268 0
0.608268 0
0.608668 113
0.609068 0
0.609068 0
0.609468 112
0.609868 0
0.609868 0
0.610268 111
0.610668 0
0.610668 0
0.611068 110
0.611468 0
0.611468 0
0.611868 109
0.612268 0
0.612268 0
0.612668 108
0.613068 0
0.613068 0
0.613468 107
0.613868 0
0.613868 0
0.614268 106
0.614668 0
0.614668 0
0.615068 105
0.615468 0
0.615468 0
0.615868 104
0.616268 0
0.616268 0
0.616668 103
0.617068 0
0.617068 0
0.617468 102
0.617868 0
0.617868 0
0.618268 101
0.6183936 100
0.618668 0
0.618668 0
0.6191936 99
0.619468 0
0.619468 0
0.6199936 98
0.620268 0
0.620268 0
0.6207936 97
0.621068 0
0.621068 0
0.6215936 96
0.621868 0
0.621868 0
0.6223936 95
0.622668 0
0.622668 0
0.6231936 94
0.623468 0
0.623468 0
0.6239936 93
0.624268 0
0.624268 0
0.6247936 92
0.625068 0
0.625068 0
0.6255936 91
0.625868 0
0.625868 0
0.6263936 90
0.626668 0
0.626668 0
0.6271936 89
0.627468 0
0.627468 0
0.6279936 88
0.628268 0
0.628268 0
0.6283936 0
0.6283936 0
0.6287936 87
0.6291936 0
0.6291936 0
0.6295936 86
0.6299936 0
0.6299936 0
0.6303936 85
0.6307936 0
0.6307936 0
0.6311936 84
0.6315936 0
0.6315936 0
0.6319936 83
0.6323936 0
0.6323936 0
0.6327936 82
0.6331936 0
0.6331936 0
0.6335936 81
0.6339936 0
0.6339936 0
0.6343936 80
0.6347936 0
0.6347936 0
0.6351936 79
0.6355936 0
0.6355936 0
0.6359936 78
0.6363936 0
0.6363936 0
0.6367936 77
0.6371936 0
0.6371936 0
0.6375936 76
0.6379936 0
0.6379936 0
0.6383936 77
0.6383936 78
0.6383936 79
0.6383936 80
0.6383936 81
0.6383936 82
0.6383936 83
0.6383936 84
0.6383936 85
0.6383936 86
0.6383936 87
0.6383936 88
0.6383936 89
0.6383936 90
0.6383936 91
0.6383936 92
0.6383936 93
0.6383936 94
0.6383936 95
0.6383936 96
0.6383936 97
0.6383936 98
0.6383936 99
0.6383936 100
0.6383936 101
0.6383936 102
0.6383936 103
0.6383936 104
0.6383936 105
0.6383936 106
0.6383936 107
0.6383936 108
0.6383936 109
0.6383936 110
0.6383936 111
0.6383936 112
0.6383936 113
0.6383936 114
0.6383936 115
0.6383936 116
0.6383936 117
0.6383936 118
0.6383936 119
0.6383936 120
0.6383936 121
0.6383936 122
0.6383936 123
0.6383936 124
0.6383936 125
0.6383936 126
0.6383936 127
0.6383936 128
0.6383936 129
0.6383936 130
0.6383936 131
0.6383936 132
0.6383936 133
0.6383936 134
0.6383936 135
0.6383936 136
0.6383936 137
0.6383936 138
0.6383936 139
0.6383936 140
0.6383936 141
0.6383936 142
0.6383936 143
0.6383936 144
0.6383936 145
0.6383936 146
0.6383936 147
0.6383936 148
0.6383936 149
0.6383936 150
0.6383936 151
0.6383936 152
0.6383936 153
0.6383936 154
0.6383936 155
0.6383936 156
0.6383936 157
0.6383936 158
0.6383936 159
0.6383936 160
0.6383936 161
0.6383936 162
0.6383936 163
0.6383936 164
0.6383936 165
0.6383936 166
0.6383936 167
0.6383936 168
0.6383936 169
0.6383936 170
0.6383936 171
0.6383936 172
0.6383936 173
0.6383936 174
0.6383936 175
0.6383936 176
0.6383936 177
0.6383936 178
0.6383936 179
0.6383936 178
0.6387936 0
0.6387936 0
0.6391936 177
0.6395936 0
0.6395936 0
0.6399936 176
0.6403936 0
0.6403936 0
0.6407936 175
0.6411936 0
0.6411936 0
0.6415936 174
0.6419936 0
0.6419936 0
0.6423936 173
0.6427936 0
0.6427936 0
0.6431936 172
0.6435936 0
0.6435936 0
0.6439936 171
0.6443936 0
0.6443936 0
0.6447936 170
0.6451936 0
0.6451936 0
0.6455936 169
0.6459936 0
0.6459936 0
0.6463936 168
0.6467936 0
0.6467936 0
0.6471936 167
0.6475936 0
0.6475936 0
0.6479936 166
0.6483936 0
0.6483936 0
0.6487936 165
0.6491936 0
0.6491936 0
0.6495936 164
0.6499936 0
0.6499936 0
0.6503936 163
0.6507936 0
0.6507936 0
0.6511936 162
0.6515936 0
0.6515936 0
0.6519936 161
0.6523936 0
0.6523936 0
0.6527936 160
0.6531936 0
0.6531936 0
0.6535936 159
0.6539936 0
0.6539936 0
0.6543936 158
0.6547936 0
0.6547936 0
0.6551936 157
0.6555936 0
0.6555936 0
0.6559936 156
0.6563936 0
0.6563936 0
0.6567936 155
0.6571936 0
0.6571936 0
0.6575936 154
0.6579936 0
0.6579936 0
0.6583936 153
0.6587936 0
0.6587936 0
0.6591936 152
0.6595936 0
0.6595936 0
0.6599936 151
0.6603936 0
0.6603936 0
0.6607936 150
0.6611936 0
0.6611936 0
0.6615936 149
0.6619936 0
0.6619936 0
0.6623936 148
0.6627936 0
0.6627936 0
0.6631936 147
0.6635936 0
0.6635936 0
0.6639936 146
0.6643936 0
0.6643936 0
0.6647936 145
0.6651936 0
0.6651936 0
0.6655936 144
0.6659936 0
0.6659936 0
0.6663936 143
0.6667936 0
0.6667936 0
0.6671936 142
0.6675936 0
0.6675936 0
0.6679936 141
0.6683936 0
0.6683936 0
0.6687936 140
0.6691936 0
0.6691936 0
0.6695936 139
0.6699936 0
0.6699936 0
0.6703936 138
0.6707936 0
0.6707936 0
0.6711936 137
0.6715936 0
0.6715936 0
0.6719936 136
0.6723936 0
0.6723936 0
0.6727936 135
0.6731936 0
0.6731936 0
0.6735936 134
0.6739936 0
0.6739936 0
0.6743936 133
0.6747936 0
0.6747936 0
0.6751936 132
0.6755936 0
0.6755936 0
0.6759936 131
0.6763936 0
0.6763936 0
0.6767936 130
0.6771936 0
0.6771936 0
0.6775936 129
0.6779936 0
0.6779936 0
0.6783936 128
0.6787936 0
0.6787936 0
0.6791936 127
0.6795936 0
0.6795936 0
0.6799936 126
0.6803936 0
0.6803936 0
0.6807936 125
0.6811936 0
0.6811936 0
0.6815936 124
0.6819936 0
0.6819936 0
0.6823936 123
0.6827936 0
0.6827936 0
0.6831936 122
0.6835936 0
0.6835936 0
0.6839936 121
0.6843936 0
0.6843936 0
0.6847936 120
0.6851936 0
0.6851936 0
0.6855936 119
0.6859936 0
0.6859936 0
0.6863936 118
0.6867936 0
0.6867936 0
0.6871936 117
0.6875936 0
0.6875936 0
0.6879936 116
0.6883936 0
0.6883936 0
0.6887936 115
0.6891936 0
0.6891936 0
0.6895936 114
0.6899936 0
0.6899936 0
0.6903936 113
0.6907936 0
0.6907936 0
0.6911936 112
0.6915936 0
0.6915936 0
0.6919936 111
0.6923936 0
0.6923936 0
0.6927936 110
0.6931936 0
0.6931936 0
0.6935936 109
0.6939936 0
0.6939936 0
0.6943936 108
0.6947936 0
0.6947936 0
0.6951936 107
0.6955936 0
0.6955936 0
0.6959936 106
0.6963936 0
0.6963936 0
0.6967936 105
0.6971936 0
0.6971936 0
0.6975936 104
0.6979936 0
0.6979936 0
0.6983936 103
0.6985976 102
0.6987936 0
0.6987936 0
0.6993976 101
0.6995936 0
0.6995936 0
0.7001976 100
0.7003936 0
0.7003936 0
0.7009976 99
0.7011936 0
0.7011936 0
0.7017976 98
0.7019936 0
0.7019936 0
0.7025976 97
0.7027936 0
0.7027936 0
0.7033976 96
0.7035936 0
0.7035936 0
0.7041976 95
0.7043936 0
0.7043936 0
0.7049976 94
0.7051936 0
0.7051936 0
0.7057976 93
0.7059936 0
0.7059936 0
0.7065976 92
0.7067936 0
0.7067936 0
0.7073976 91
0.7075936 0
0.7075936 0
0.7081976 90
0.7083936 0
0.7083936 0
0.7085976 0
0.7085976 0
0.7089976 89
0.7093976 0
0.7093976 0
0.7097976 88
0.7101976 0
0.7101976 0
0.7105976 87
0.7109976 0
0.7109976 0
0.7113976 86
0.7117976 0
0.7117976 0
0.7121976 85
0.7125976 0
0.7125976 0
0.7129976 84
0.7133976 0
0.7133976 0
0.7137976 83
0.7141976 0
0.7141976 0
0.7145976 82
0.7149976 0
0.7149976 0
0.7153976 81
0.7157976 0
0.7157976 0
0.7161976 80
0.7165976 0
0.7165976 0
0.7169976 79
0.7173976 0
0.7173976 0
0.7177976 78
0.7181976 0
0.7181976 0
0.7185976 79
0.7185976 80
0.7185976 81
0.7185976 82
0.7185976 83
0.7185976 84
0.7185976 85
0.7185976 86
0.7185976 87
0.7185976 88
0.7185976 89
0.7185976 90
0.7185976 91
0.7185976 92
0.7185976 93
0.7185976 94
0.7185976 95
0.7185976 96
0.7185976 97
0.7185976 98
0.7185976 99
0.7185976 100
0.7185976 101
0.7185976 102
0.7185976 103
0.7185976 104
0.7185976 105
0.7185976 106
0.7185976 107
0.7185976 108
0.7185976 109
0.7185976 110
0.7185976 111
0.7185976 112
0.7185976 113
0.7185976 114
0.7185976 115
0.7185976 116
0.7185976 117
0.7185976 118
0.7185976 119
0.7185976 120
0.7185976 121
0.7185976 122
0.7185976 123
0.7185976 124
0.7185976 125
0.7185976 126
0.7185976 127
0.7185976 128
0.7185976 129
0.7185976 130
0.7185976 131
0.7185976 132
0.7185976 133
0.7185976 134
0.7185976 135
0.7185976 136
0.7185976 137
0.7185976 138
0.7185976 139
0.7185976 140
0.7185976 141
0.7185976 142
0.7185976 143
0.7185976 144
0.7185976 145
0.7185976 146
0.7185976 147
0.7185976 148
0.7185976 149
0.7185976 150
0.7185976 151
0.7185976 152
0.7185976 153
0.7185976 154
0.7185976 155
0.7185976 156
0.7185976 157
0.7185976 158
0.7185976 159
0.7185976 160
0.7185976 161
0.7185976 162
0.7185976 163
0.7185976 164
0.7185976 165
0.7185976 166
0.7185976 167
0.7185976 168
0.7185976 169
0.7185976 170
0.7185976 171
0.7185976 172
0.7185976 173
0.7185976 174
0.7185976 175
0.7185976 176
0.7185976 177
0.7185976 178
0.7185976 179
0.7185976 180
0.7185976 179
0.7189976 0
0.7189976 0
0.7193976 178
0.7197976 0
0.7197976 0
0.7201976 177
0.7205976 0
0.7205976 0
0.7209976 176
0.7213976 0
0.7213976 0
0.7217976 175
0.7221976 0
0.7221976 0
0.7225976 174
0.7229976 0
0.7229976 0
0.7233976 173
0.7237976 0
0.7237976 0
0.7241976 172
0.7245976 0
0.7245976 0
0.7249976 171
0.7253976 0
0.7253976 0
0.7257976 170
0.7261976 0
0.7261976 0
0.7265976 169
0.7269976 0
0.7269976 0
0.7273976 168
0.7277976 0
0.7277976 0
0.7281976 167
0.7285976 0
0.7285976 0
0.7289976 166
0.7293976 0
0.7293976 0
0.7297976 165
0.7301976 0
0.7301976 0
0.7305976 164
0.7309976 0
0.7309976 0
0.7313976 163
0.7317976 0
0.7317976 0
0.7321976 162
0.7325976 0
0.7325976 0
0.7329976 161
0.7333976 0
0.7333976 0
0.7337976 160
0.7341976 0
0.7341976 0
0.7345976 159
0.7349976 0
0.7349976 0
0.7353976 158
0.7357976 0
0.7357976 0
0.7361976 157
0.7365976 0
0.7365976 0
0.7369976 156
0.7373976 0
0.7373976 0
0.7377976 155
0.7381976 0
0.7381976 0
0.7385976 154
0.7389976 0
0.7389976 0
0.7393976 153
0.7397976 0
0.7397976 0
0.7401976 152
0.7405976 0
0.7405976 0
0.7409976 151
0.7413976 0
0.7413976 0
0.7417976 150
0.7421976 0
0.7421976 0
0.7425976 149
0.7429976 0
0.7429976 0
0.7433976 148
0.7437976 0
0.7437976 0
0.7441976 147
0.7445976 0
0.7445976 0
0.7449976 146
0.7453976 0
0.7453976 0
0.7457976 145
0.7461976 0
0.7461976 0
0.7465976 144
0.7469976 0
0.7469976 0
0.7473976 143
0.7477976 0
0.7477976 0
0.7481976 142
0.7485976 0
0.7485976 0
0.7489976 141
0.7493976 0
0.7493976 0
0.7497976 140
0.7501976 0
0.7501976 0
0.7505976 139
0.7509976 0
0.7509976 0
0.7513976 138
0.7517976 0
0.7517976 0
0.7521976 137
0.7525976 0
0.7525976 0
0.7529976 136
0.7533976 0
0.7533976 0
0.7537976 135
0.7541976 0
0.7541976 0
0.7545976 134
0.7549976 0
0.7549976 0
0.7553976 133
0.7557976 0
0.7557976 0
0.7561976 132
0.7565976 0
0.7565976 0
0.7569976 131
0.7573976 0
0.7573976 0
0.7577976 130
0.7581976 0
0.7581976 0
0.7585976 129
0.7589976 0
0.7589976 0
0.7593976 128
0.7597976 0
0.7597976 0
0.7601976 127
0.7605976 0
0.7605976 0
0.7609976 126
0.7613976 0
0.7613976 0
0.7617976 125
0.7621976 0
0.7621976 0
0.7625976 124
0.7629976 0
0.7629976 0
0.7633976 123
0.7637976 0
0.7637976 0
0.7641976 122
0.7645976 0
0.7645976 0
0.7649976 121
0.7653976 0
0.7653976 0
0.7657976 120
0.7661976 0
0.7661976 0
0.7665976 119
0.7669976 0
0.7669976 0
0.7673976 118
0.7677976 0
0.7677976 0
0.7681976 117
0.7685976 0
0.7685976 0
0.7689976 116
0.7693976 0
0.7693976 0
0.7697976 115
0.7701976 0
0.7701976 0
0.7705976 114
0.7709976 0
0.7709976 0
0.7713976 113
0.7717976 0
0.7717976 0
0.7721976 112
0.7725976 0
0.7725976 0
0.7729976 111
0.7733976 0
0.7733976 0
0.7737976 110
0.7741976 0
0.7741976 0
0.7745976 109
0.7749976 0
0.7749976 0
0.7753976 108
0.7757976 0
0.7757976 0
0.7761976 107
0.7765976 0
0.7765976 0
0.7769976 106
0.7773976 0
0.7773976 0
0.7777976 105
0.7781976 0
0.7781976 0
0.7785976 104
0.7789976 0
0.7789976 0
0.7793976 103
0.7797976 0
0.7797976 0
0.7801976 102
0.7802512 101
0.7805976 0
0.7805976 0
0.7810512 100
0.7813976 0
0.7813976 0
0.7818512 99
0.7821976 0
0.7821976 0
0.7826512 98
0.7829976 0
0.7829976 0
0.7834512 97
0.7837976 0
0.7837976 0
0.7842512 96
0.7845976 0
0.7845976 0
0.7850512 95
0.7853976 0
0.7853976 0
0.7858512 94
0.7861976 0
0.7861976 0
0.7866512 93
0.7869976 0
0.7869976 0
0.7874512 92
0.7877976 0
0.7877976 0
0.7882512 91
0.7885976 0
0.7885976 0
0.7890512 90
0.7893976 0
0.7893976 0
0.7898512 89
0.7901976 0
0.7901976 0
0.7902512 0
0.7902512 0
0.7906512 88
0.7910512 0
0.7910512 0
0.7914512 87
0.7918512 0
0.7918512 0
0.7922512 86
0.7926512 0
0.7926512 0
0.7930512 85
0.7934512 0
0.7934512 0
0.7938512 84
0.7942512 0
0.7942512 0
0.7946512 83
0.7950512 0
0.7950512 0
0.7954512 82
0.7958512 0
0.7958512 0
0.7962512 81
0.7966512 0
0.7966512 0
0.7970512 80
0.7974512 0
0.7974512 0
0.7978512 79
0.7982512 0
0.7982512 0
0.7986512 78
0.7990512 0
0.7990512 0
0.7994512 77
0.7998512 0
0.7998512 0
0.8002512 78
0.8002512 79
0.8002512 80
0.8002512 81
0.8002512 82
0.8002512 83
0.8002512 84
0.8002512 85
0.8002512 86
0.8002512 87
0.8002512 88
0.8002512 89
0.8002512 90
0.8002512 91
0.8002512 92
0.8002512 93
0.8002512 94
0.8002512 95
0.8002512 96
0.8002512 97
0.8002512 98
0.8002512 99
0.8002512 100
0.8002512 101
0.8002512 102
0.8002512 103
0.8002512 104
0.8002512 105
0.8002512 106
0.8002512 107
0.8002512 108
0.8002512 109
0.8002512 110
0.8002512 111
0.8002512 112
0.8002512 113
0.8002512 114
0.8002512 115
0.8002512 116
0.8002512 117
0.8002512 118
0.8002512 119
0.8002512 120
0.8002512 121
0.8002512 122
0.8002512 123
0.8002512 124
0.8002512 125
0.8002512 126
0.8002512 127
0.8002512 128
0.8002512 129
0.8002512 130
0.8002512 131
0.8002512 132
0.8002512 133
0.8002512 134
0.8002512 135
0.8002512 136
0.8002512 137
0.8002512 138
0.8002512 139
0.8002512 140
0.8002512 141
0.8002512 142
0.8002512 143
0.8002512 144
0.8002512 145
0.8002512 146
0.8002512 147
0.8002512 148
0.8002512 149
0.8002512 150
0.8002512 151
0.8002512 152
0.8002512 153
0.8002512 154
0.8002512 155
0.8002512 156
0.8002512 157
0.8002512 158
0.8002512 159
0.8002512 160
0.8002512 161
0.8002512 162
0.8002512 163
0.8002512 164
0.8002512 165
0.8002512 166
0.8002512 167
0.8002512 168
0.8002512 169
0.8002512 170
0.8002512 171
0.8002512 172
0.8002512 173
0.8002512 174
0.8002512 175
0.8002512 176
0.8002512 177
0.8002512 178
0.8002512 179
0.8002512 180
0.8002512 179
0.8006512 0
0.8006512 0
0.8010512 178
0.8014512 0
0.8014512 0
0.8018512 177
0.8022512 0
0.8022512 0
0.8026512 176
0.8030512 0
0.8030512 0
0.8034512 175
0.8038512 0
0.8038512 0
0.8042512 174
0.8046512 0
0.8046512 0
0.8050512 173
0.8054512 0
0.8054512 0
0.8058512 172
0.8062512 0
0.8062512 0
0.8066512 171
0.8070512 0
0.8070512 0
0.8074512 170
0.8078512 0
0.8078512 0
0.8082512 169
0.8086512 0
0.8086512 0
0.8090512 168
0.8094512 0
0.8094512 0
0.8098512 167
0.8102512 0
0.8102512 0
0.8106512 166
0.8110512 0
0.8110512 0
0.8114512 165
0.8118512 0
0.8118512 0
0.8122512 164
0.8126512 0
0.8126512 0
0.8130512 163
0.8134512 0
0.8134512 0
0.8138512 162
0.8142512 0
0.8142512 0
0.8146512 161
0.8150512 0
0.8150512 0
0.8154512 160
0.8158512 0
0.8158512 0
0.8162512 159
0.8166512 0
0.8166512 0
0.8170512 158
0.8174512 0
0.8174512 0
0.8178512 157
0.8182512 0
0.8182512 0
0.8186512 156
0.8190512 0
0.8190512 0
0.8194512 155
0.8198512 0
0.8198512 0
0.8202512 154
0.8206512 0
0.8206512 0
0.8210512 153
0.8214512 0
0.8214512 0
0.8218512 152
0.8222512 0
0.8222512 0
0.8226512 151
0.8230512 0
0.8230512 0
0.8234512 150
0.8238512 0
0.8238512 0
0.8242512 149
0.8246512 0
0.8246512 0
0.8250512 148
0.8254512 0
0.8254512 0
0.8258512 147
0.8262512 0
0.8262512 0
0.8266512 146
0.8270512 0
0.8270512 0
0.8274512 145
0.8278512 0
0.8278512 0
0.8282512 144
0.8286512 0
0.8286512 0
0.8290512 143
0.8294512 0
0.8294512 0
0.8298512 142
0.8302512 0
0.8302512 0
0.8306512 141
0.8310512 0
0.8310512 0
0.8314512 140
0.8318512 0
0.8318512 0
0.8322512 139
0.8326512 0
0.8326512 0
0.8330512 138
0.8334512 0
0.8334512 0
0.8338512 137
0.8342512 0
0.8342512 0
0.8346512 136
0.8350512 0
0.8350512 0
0.8354512 135
0.8358512 0
0.8358512 0
0.8362512 134
0.8366512 0
0.8366512 0
0.8370512 133
0.8374512 0
0.8374512 0
0.8378512 132
0.8382512 0
0.8382512 0
0.8386512 131
0.8390512 0
0.8390512 0
0.8394512 130
0.8398512 0
0.8398512 0
0.8402512 129
0.8406512 0
0.8406512 0
0.8410512 128
0.8414512 0
0.8414512 0
0.8418512 127
0.8422512 0
0.8422512 0
0.8426512 126
0.8430512 0
0.8430512 0
0.8434512 125
0.8438512 0
0.8438512 0
0.8442512 124
0.8446512 0
0.8446512 0
0.8450512 123
0.8454512 0
0.8454512 0
0.8458512 122
0.8462512 0
0.8462512 0
0.8466512 121
0.8470512 0
0.8470512 0
0.8474512 120
0.8478512 0
0.8478512 0
0.8482512 119
0.8486512 0
0.8486512 0
0.8490512 118
0.8494512 0
0.8494512 0
0.8498512 117
0.8502512 0
0.8502512 0
0.8506512 116
0.8510512 0
0.8510512 0
0.8514512 115
0.8518512 0
0.8518512 0
0.8522512 114
0.8526512 0
0.8526512 0
0.8530512 113
0.8534512 0
0.8534512 0
0.8538512 112
0.8542512 0
0.8542512 0
0.8546512 111
0.8550512 0
0.8550512 0
0.8554512 110
0.8558512 0
0.8558512 0
0.8562512 109
0.8566512 0
0.8566512 0
0.8570512 108
0.8574512 0
0.8574512 0
0.8578512 107
0.8582512 0
0.8582512 0
0.8586512 106
0.8590512 0
0.8590512 0
0.8594512 105
0.8598512 0
0.8598512 0
0.8602512 104
0.8606512 0
0.8606512 0
0.8610512 103
0.8611768 102
0.8614512 0
0.8614512 0
0.8619768 101
0.8622512 0
0.8622512 0
0.8627768 100
0.8630512 0
0.8630512 0
0.8635768 99
0.8638512 0
0.8638512 0
0.8643768 98
0.8646512 0
0.8646512 0
0.8651768 97
0.8654512 0
0.8654512 0
0.8659768 96
0.8662512 0
0.8662512 0
0.8667768 95
0.8670512 0
0.8670512 0
0.8675768 94
0.8678512 0
0.8678512 0
0.8683768 93
0.8686512 0
0.8686512 0
0.8691768 92
0.8694512 0
0.8694512 0
0.8699768 91
0.8702512 0
0.8702512 0
0.8707768 90
0.8710512 0
0.8710512 0
0.8711768 0
0.8711768 0
0.8715768 89
0.8719768 0
0.8719768 0
0.8723768 88
0.8727768 0
0.8727768 0
0.8731768 87
0.8735768 0
0.8735768 0
0.8739768 86
0.8743768 0
0.8743768 0
0.8747768 85
0.8751768 0
0.8751768 0
0.8755768 84
0.8759768 0
0.8759768 0
0.8763768 83
0.8767768 0
0.8767768 0
0.8771768 82
0.8775768 0
0.8775768 0
0.8779768 81
0.8783768 0
0.8783768 0
0.8787768 80
0.8791768 0
0.8791768 0
0.8795768 79
0.8799768 0
0.8799768 0
0.8803768 78
0.8807768 0
0.8807768 0
0.8811768 79
0.8811768 80
0.8811768 81
0.8811768 82
0.8811768 83
0.8811768 84
0.8811768 85
0.8811768 86
0.8811768 87
0.8811768 88
0.8811768 89
0.8811768 90
0.8811768 91
0.8811768 92
0.8811768 93
0.8811768 94
0.8811768 95
0.8811768 96
0.8811768 97
0.8811768 98
0.8811768 99
0.8811768 100
0.8811768 101
0.8811768 102
0.8811768 103
0.8811768 104
0.8811768 105
0.8811768 106
0.8811768 107
0.8811768 108
0.8811768 109
0.8811768 110
0.8811768 111
0.8811768 112
0.8811768 113
0.8811768 114
0.8811768 115
0.8811768 116
0.8811768 117
0.8811768 118
0.8811768 119
0.8811768 120
0.8811768 121
0.8811768 122
0.8811768 123
0.8811768 124
0.8811768 125
0.8811768 126
0.8811768 127
0.8811768 128
0.8811768 129
0.8811768 130
0.8811768 131
0.8811768 132
0.8811768 133
0.8811768 134
0.8811768 135
0.8811768 136
0.8811768 137
0.8811768 138
0.8811768 139
0.8811768 140
0.8811768 141
0.8811768 142
0.8811768 143
0.8811768 144
0.8811768 145
0.8811768 146
0.8811768 147
0.8811768 148
0.8811768 149
0.8811768 150
0.8811768 151
0.8811768 152
0.8811768 153
0.8811768 154
0.8811768 155
0.8811768 156
0.8811768 157
0.8811768 158
0.8811768 159
0.8811768 160
0.8811768 161
0.8811768 162
0.8811768 163
0.8811768 164
0.8811768 165
0.8811768 166
0.8811768 167
0.8811768 168
0.8811768 169
0.8811768 170
0.8811768 171
0.8811768 172
0.8811768 173
0.8811768 174
0.8811768 175
0.8811768 176
0.8811768 177
0.8811768 178
0.8811768 179
0.8811768 180
0.8811768 181
0.8811768 180
0.8815768 0
0.8815768 0
0.8819768 179
0.8823768 0
0.8823768 0
0.8827768 178
0.8831768 0
0.8831768 0
0.8835768 177
0.8839768 0
0.8839768 0
0.8843768 176
0.8847768 0
0.8847768 0
0.8851768 175
0.8855768 0
0.8855768 0
0.8859768 174
0.8863768 0
0.8863768 0
0.8867768 173
0.8871768 0
0.8871768 0
0.8875768 172
0.8879768 0
0.8879768 0
0.8883768 171
0.8887768 0
0.8887768 0
0.8891768 170
0.8895768 0
0.8895768 0
0.8899768 169
0.8903768 0
0.8903768 0
0.8907768 168
0.8911768 0
0.8911768 0
0.8915768 167
0.8919768 0
0.8919768 0
0.8923768 166
0.8927768 0
0.8927768 0
0.8931768 165
0.8935768 0
0.8935768 0
0.8939768 164
0.8943768 0
0.8943768 0
0.8947768 163
0.8951768 0
0.8951768 0
0.8955768 162
0.8959768 0
0.8959768 0
0.8963768 161
0.8967768 0
0.8967768 0
0.8971768 160
0.8975768 0
0.8975768 0
0.8979768 159
0.8983768 0
0.8983768 0
0.8987768 158
0.8991768 0
0.8991768 0
0.8995768 157
0.8999768 0
0.8999768 0
0.9003768 156
0.9007768 0
0.9007768 0
0.9011768 155
0.9015768 0
0.9015768 0
0.9019768 154
0.9023768 0
0.9023768 0
0.9027768 153
0.9031768 0
0.9031768 0
0.9035768 152
0.9039768 0
0.9039768 0
0.9043768 151
0.9047768 0
0.9047768 0
0.9051768 150
0.9055768 0
0.9055768 0
0.9059768 149
0.9063768 0
0.9063768 0
0.9067768 148
0.9071768 0
0.9071768 0
0.9075768 147
0.9079768 0
0.9079768 0
0.9083768 146
0.9087768 0
0.9087768 0
0.9091768 145
0.9095768 0
0.9095768 0
0.9099768 144
0.9103768 0
0.9103768 0
0.9107768 143
0.9111768 0
0.9111768 0
0.9115768 142
0.9119768 0
0.9119768 0
0.9123768 141
0.9127768 0
0.9127768 0
0.9131768 140
0.9135768 0
0.9135768 0
0.9139768 139
0.9143768 0
0.9143768 0
0.9147768 138
0.9151768 0
0.9151768 0
0.9155768 137
0.9159768 0
0.9159768 0
0.9163768 136
0.9167768 0
0.9167768 0
0.9171768 135
0.9175768 0
0.9175768 0
0.9179768 134
0.9183768 0
0.9183768 0
0.9187768 133
0.9191768 0
0.9191768 0
0.9195768 132
0.9199768 0
0.9199768 0
0.9203768 131
0.9207768 0
0.9207768 0
0.9211768 130
0.9215768 0
0.9215768 0
0.9219768 129
0.9223768 0
0.9223768 0
0.9227768 128
0.9231768 0
0.9231768 0
0.9235768 127
0.9239768 0
0.9239768 0
0.9243768 126
0.9247768 0
0.9247768 0
0.9251768 125
0.9255768 0
0.9255768 0
0.9259768 124
0.9263768 0
0.9263768 0
0.9267768 123
0.9271768 0
0.9271768 0
0.9275768 122
0.9279768 0
0.9279768 0
0.9283768 121
0.9287768 0
0.9287768 0
0.9291768 120
0.9295768 0
0.9295768 0
0.9299768 119
0.9303768 0
0.9303768 0
0.9307768 118
0.9311768 0
0.9311768 0
0.9315768 117
0.9319768 0
0.9319768 0
0.9323768 116
0.9327768 0
0.9327768 0
0.9331768 115
0.9335768 0
0.9335768 0
0.9339768 114
0.9343768 0
0.9343768 0
0.9347768 113
0.9351768 0
0.9351768 0
0.9355768 112
0.9359768 0
0.9359768 0
0.9363768 111
0.9367768 0
0.9367768 0
0.9371768 110
0.9375768 0
0.9375768 0
0.9379768 109
0.9383768 0
0.9383768 0
0.9387768 108
0.9391768 0
0.9391768 0
0.9395768 107
0.9399768 0
0.9399768 0
0.9403768 106
0.9407768 0
0.9407768 0
0.9411768 105
0.9415768 0
0.9415768 0
0.9419768 104
0.9423768 0
0.9423768 0
0.9427768 103
0.9431768 0
0.9431768 0
0.9435648 102
0.9439768 0
0.9439768 0
0.9443648 101
0.9447768 0
0.9447768 0
0.9451648 100
0.9455768 0
0.9455768 0
0.9459648 99
0.9463768 0
0.9463768 0
0.9467648 98
0.9471768 0
0.9471768 0
0.9475648 97
0.9479768 0
0.9479768 0
0.9483648 96
0.9487768 0
0.9487768 0
0.9491648 95
0.9495768 0
0.9495768 0
0.9499648 94
0.9503768 0
0.9503768 0
0.9507648 93
0.9511768 0
0.9511768 0
0.9515648 92
0.9519768 0
0.9519768 0
0.9523648 91
0.9527768 0
0.9527768 0
0.9531648 90
0.9535648 0
0.9535648 0
0.9539648 89
0.9543648 0
0.9543648 0
0.9547648 88
0.9551648 0
0.9551648 0
0.9555648 87
0.9559648 0
0.9559648 0
0.9563648 86
0.9567648 0
0.9567648 0
0.9571648 85
0.9575648 0
0.9575648 0
0.9579648 84
0.9583648 0
0.9583648 0
0.9587648 83
0.9591648 0
0.9591648 0
0.9595648 82
0.9599648 0
0.9599648 0
0.9603648 81
0.9607648 0
0.9607648 0
0.9611648 80
0.9615648 0
0.9615648 0
0.9619648 79
0.9623648 0
0.9623648 0
0.9627648 78
0.9631648 0
0.9631648 0
0.9635648 79
0.9635648 80
0.9635648 81
0.9635648 82
0.9635648 83
0.9635648 84
0.9635648 85
0.9635648 86
0.9635648 87
0.9635648 88
0.9635648 89
0.9635648 90
0.9635648 91
0.9635648 92
0.9635648 93
0.9635648 94
0.9635648 95
0.9635648 96
0.9635648 97
0.9635648 98
0.9635648 99
0.9635648 100
0.9635648 101
0.9635648 102
0.9635648 103
0.9635648 104
0.9635648 105
0.9635648 106
0.9635648 107
0.9635648 108
0.9635648 109
0.9635648 110
0.9635648 111
0.9635648 112
0.9635648 113
0.9635648 114
0.9635648 115
0.9635648 116
0.9635648 117
0.9635648 118
0.9635648 119
0.9635648 120
0.9635648 121
0.9635648 122
0.9635648 123
0.9635648 124
0.9635648 125
0.9635648 126
0.9635648 127
0.9635648 128
0.9635648 129
0.9635648 130
0.9635648 131
0.9635648 132
0.9635648 133
0.9635648 134
0.9635648 135
0.9635648 136
0.9635648 137
0.9635648 138
0.9635648 139
0.9635648 140
0.9635648 141
0.9635648 142
0.9635648 143
0.9635648 144
0.9635648 145
0.9635648 146
0.9635648 147
0.9635648 148
0.9635648 149
0.9635648 150
0.9635648 151
0.9635648 152
0.9635648 153
0.9635648 154
0.9635648 155
0.9635648 156
0.9635648 157
0.9635648 158
0.9635648 159
0.9635648 160
0.9635648 161
0.9635648 162
0.9635648 163
0.9635648 164
0.9635648 165
0.9635648 166
0.9635648 167
0.9635648 168
0.9635648 169
0.9635648 170
0.9635648 171
0.9635648 172
0.9635648 173
0.9635648 174
0.9635648 175
0.9635648 176
0.9635648 177
0.9635648 178
0.9635648 179
0.9635648 180
0.9635648 181
0.9635648 182
0.9635648 181
0.9639648 0
0.9639648 0
0.9643648 180
0.9647648 0
0.9647648 0
0.9651648 179
0.9655648 0
0.9655648 0
0.9659648 178
0.9663648 0
0.9663648 0
0.9667648 177
0.9671648 0
0.9671648 0
0.9675648 176
0.9679648 0
0.9679648 0
0.9683648 175
0.9687648 0
0.9687648 0
0.9691648 174
0.9695648 0
0.9695648 0
0.9699648 173
0.9703648 0
0.9703648 0
0.9707648 172
0.9711648 0
0.9711648 0
0.9715648 171
0.9719648 0
0.9719648 0
0.9723648 170
0.9727648 0
0.9727648 0
0.9731648 169
0.9735648 0
0.9735648 0
0.9739648 168
0.9743648 0
0.9743648 0
0.9747648 167
0.9751648 0
0.9751648 0
0.9755648 166
0.9759648 0
0.9759648 0
0.9763648 165
0.9767648 0
0.9767648 0
0.9771648 164
0.9775648 0
0.9775648 0
0.9779648 163
0.9783648 0
0.9783648 0
0.9787648 162
0.9791648 0
0.9791648 0
0.9795648 161
0.9799648 0
0.9799648 0
0.9803648 160
0.9807648 0
0.9807648 0
0.9811648 159
0.9815648 0
0.9815648 0
0.9819648 158
0.9823648 0
0.9823648 0
0.9827648 157
0.9831648 0
0.9831648 0
0.9835648 156
0.9839648 0
0.9839648 0
0.9843648 155
0.9847648 0
0.9847648 0
0.9851648 154
0.9855648 0
0.9855648 0
0.9859648 153
0.9863648 0
0.9863648 0
0.9867648 152
0.9871648 0
0.9871648 0
0.9875648 151
0.9879648 0
0.9879648 0
0.9883648 150
0.9887648 0
0.9887648 0
0.9891648 149
0.9895648 0
0.9895648 0
0.9899648 148
0.9903648 0
0.9903648 0
0.9907648 147
0.9911648 0
0.9911648 0
0.9915648 146
0.9919648 0
0.9919648 0
0.9923648 145
0.9927648 0
0.9927648 0
0.9931648 144
0.9935648 0
0.9935648 0
0.9939648 143
0.9943648 0
0.9943648 0
0.9947648 142
0.9951648 0
0.9951648 0
0.9955648 141
0.9959648 0
0.9959648 0
0.9963648 140
0.9967648 0
0.9967648 0
0.9971648 139
0.9975648 0
0.9975648 0
0.9979648 138
0.9983648 0
0.9983648 0
0.9987648 137
0.9991648 0
0.9991648 0
0.9995648 136
0.9999648 0
0.9999648 0
1.0003648 135
1.0007648 0
1.0007648 0
1.0011648 134
1.0015648 0
1.0015648 0
1.0019648 133
1.0023648 0
1.0023648 0
1.0027648 132
1.0031648 0
1.0031648 0
1.0035648 131
1.0039648 0
1.0039648 0
1.0043648 130
1.0047648 0
1.0047648 0
1.0051648 129
1.0055648 0
1.0055648 0
1.0059648 128
1.0063648 0
1.0063648 0
1.0067648 127
1.0071648 0
1.0071648 0
1.0075648 126
1.0079648 0
1.0079648 0
1.0083648 125
1.0087648 0
1.0087648 0
1.0091648 124
1.0095648 0
1.0095648 0
1.0099648 123
1.0103648 0
1.0103648 0
1.0107648 122
1.0111648 0
1.0111648 0
1.0115648 121
1.0119648 0
1.0119648 0
1.0123648 120
1.0127648 0
1.0127648 0
1.0131648 119
1.0135648 0
1.0135648 0
1.0139648 118
1.0143648 0
1.0143648 0
1.0147648 117
1.0151648 0
1.0151648 0
1.0155648 116
1.0159648 0
1.0159648 0
1.0163648 115
1.0167648 0
1.0167648 0
1.0171648 114
1.0175648 0
1.0175648 0
1.0179648 113
1.0183648 0
1.0183648 0
1.0187648 112
1.0191648 0
1.0191648 0
1.0195648 111
1.0199648 0
1.0199648 0
1.0203648 110
1.0207648 0
1.0207648 0
1.0211648 109
1.0215648 0
1.0215648 0
1.0219648 108
1.0223648 0
1.0223648 0
1.0227648 107
1.0231648 0
1.0231648 0
1.0235648 106
1.0239648 0
1.0239648 0
1.0243648 105
1.0247648 0
1.0247648 0
1.0251648 104
1.0252184 103
1.0255648 0
1.0255648 0
1.0260184 102
1.0263648 0
1.0263648 0
1.0268184 101
1.0271648 0
1.0271648 0
1.0276184 100
1.0279648 0
1.0279648 0
1.0284184 99
1.0287648 0
1.0287648 0
1.0292184 98
1.0295648 0
1.0295648 0
1.0300184 97
1.0303648 0
1.0303648 0
1.0308184 96
1.0311648 0
1.0311648 0
1.0316184 95
1.0319648 0
1.0319648 0
1.0324184 94
1.0327648 0
1.0327648 0
1.0332184 93
1.0335648 0
1.0335648 0
1.0340184 92
1.0343648 0
1.0343648 0
1.0348184 91
1.0351648 0
1.0351648 0
1.0352184 0
1.0352184 0
1.0356184 90
1.0360184 0
1.0360184 0
1.0364184 89
1.0368184 0
1.0368184 0
1.0372184 88
1.0376184 0
1.0376184 0
1.0380184 87
1.0384184 0
1.0384184 0
1.0388184 86
1.0392184 0
1.0392184 0
1.0396184 85
1.0400184 0
1.0400184 0
1.0404184 84
1.0408184 0
1.0408184 0
1.0412184 83
1.0416184 0
1.0416184 0
1.0420184 82
1.0424184 0
1.0424184 0
1.0428184 81
1.0432184 0
1.0432184 0
1.0436184 80
1.0440184 0
1.0440184 0
1.0444184 79
1.0448184 0
1.0448184 0
1.0452184 78
1.0452184 79
1.0452184 80
1.0452184 81
1.0452184 82
1.0452184 83
1.0452184 84
1.0452184 85
1.0452184 86
1.0452184 87
1.0452184 88
1.0452184 89
1.0452184 90
1.0452184 91
1.0452184 92
1.0452184 93
1.0452184 94
1.0452184 95
1.0452184 96
1.0452184 97
1.0452184 98
1.0452184 99
1.0452184 100
1.0452184 101
1.0452184 102
1.0452184 103
1.0452184 104
1.0452184 105
1.0452184 106
1.0452184 107
1.0452184 108
1.0452184 109
1.0452184 110
1.0452184 111
1.0452184 112
1.0452184 113
1.0452184 114
1.0452184 115
1.0452184 116
1.0452184 117
1.0452184 118
1.0452184 119
1.0452184 120
1.0452184 121
1.0452184 122
1.0452184 123
1.0452184 124
1.0452184 125
1.0452184 126
1.0452184 127
1.0452184 128
1.0452184 129
1.0452184 130
1.0452184 131
1.0452184 132
1.0452184 133
1.0452184 134
1.0452184 135
1.0452184 136
1.0452184 137
1.0452184 138
1.0452184 139
1.0452184 140
1.0452184 141
1.0452184 142
1.0452184 143
1.0452184 144
1.0452184 145
1.0452184 146
1.0452184 147
1.0452184 148
1.0452184 149
1.0452184 150
1.0452184 151
1.0452184 152
1.0452184 153
1.0452184 154
1.0452184 155
1.0452184 156
1.0452184 157
1.0452184 158
1.0452184 159
1.0452184 160
1.0452184 161
1.0452184 162
1.0452184 163
1.0452184 164
1.0452184 165
1.0452184 166
1.0452184 167
1.0452184 168
1.0452184 169
1.0452184 170
1.0452184 171
1.0452184 172
1.0452184 173
1.0452184 174
1.0452184 175
1.0452184 176
1.0452184 177
1.0452184 178
1.0452184 179
1.0452184 180
1.0452184 181
1.0456184 0
1.0456184 0
1.0460184 180
1.0464184 0
1.0464184 0
1.0468184 179
1.0472184 0
1.0472184 0
1.0476184 178
1.0480184 0
1.0480184 0
1.0484184 177
1.0488184 0
1.0488184 0
1.0492184 176
1.0496184 0
1.0496184 0
1.0500184 175
1.0504184 0
1.0504184 0
1.0508184 174
1.0512184 0
1.0512184 0
1.0516184 173
1.0520184 0
1.0520184 0
1.0524184 172
1.0528184 0
1.0528184 0
1.0532184 171
1.0536184 0
1.0536184 0
1.0540184 170
1.0544184 0
1.0544184 0
1.0548184 169
1.0552184 0
1.0552184 0
1.0556184 168
1.0560184 0
1.0560184 0
1.0564184 167
1.0568184 0
1.0568184 0
1.0572184 166
1.0576184 0
1.0576184 0
1.0580184 165
1.0584184 0
1.0584184 0
1.0588184 164
1.0592184 0
1.0592184 0
1.0596184 163
1.0600184 0
1.0600184 0
1.0604184 162
1.0608184 0
1.0608184 0
1.0612184 161
1.0616184 0
1.0616184 0
1.0620184 160
1.0624184 0
1.0624184 0
1.0628184 159
1.0632184 0
1.0632184 0
1.0636184 158
1.0640184 0
1.0640184 0
1.0644184 157
1.0648184 0
1.0648184 0
1.0652184 156
1.0656184 0
1.0656184 0
1.0660184 155
1.0664184 0
1.0664184 0
1.0668184 154
1.0672184 0
1.0672184 0
1.0676184 153
1.0680184 0
1.0680184 0
1.0684184 152
1.0688184 0
1.0688184 0
1.0692184 151
1.0696184 0
1.0696184 0
1.0700184 150
1.0704184 0
1.0704184 0
1.0708184 149
1.0712184 0
1.0712184 0
1.0716184 148
1.0720184 0
1.0720184 0
1.0724184 147
1.0728184 0
1.0728184 0
1.0732184 146
1.0736184 0
1.0736184 0
1.0740184 145
1.0744184 0
1.0744184 0
1.0748184 144
1.0752184 0
1.0752184 0
1.0756184 143
1.0760184 0
1.0760184 0
1.0764184 142
1.0768184 0
1.0768184 0
1.0772184 141
1.0776184 0
1.0776184 0
1.0780184 140
1.0784184 0
1.0784184 0
1.0788184 139
1.0792184 0
1.0792184 0
1.0796184 138
1.0800184 0
1.0800184 0
1.0804184 137
1.0808184 0
1.0808184 0
1.0812184 136
1.0816184 0
1.0816184 0
1.0820184 135
1.0824184 0
1.0824184 0
1.0828184 134
1.0832184 0
1.0832184 0
1.0836184 133
1.0840184 0
1.0840184 0
1.0844184 132
1.0848184 0
1.0848184 0
1.0852184 131
1.0856184 0
1.0856184 0
1.0860184 130
1.0864184 0
1.0864184 0
1.0868184 129
1.0872184 0
1.0872184 0
1.0876184 128
1.0880184 0
1.0880184 0
1.0884184 127
1.0888184 0
1.0888184 0
1.0892184 126
1.0896184 0
1.0896184 0
1.0900184 125
1.0904184 0
1.0904184 0
1.0908184 124
1.0912184 0
1.0912184 0
1.0916184 123
1.0920184 0
1.0920184 0
1.0924184 122
1.0928184 0
1.0928184 0
1.0932184 121
1.0936184 0
1.0936184 0
1.0940184 120
1.0944184 0
1.0944184 0
1.0948184 119
1.0952184 0
1.0952184 0
1.0956184 118
1.0960184 0
1.0960184 0
1.0964184 117
1.0968184 0
1.0968184 0
1.0972184 116
1.0976184 0
1.0976184 0
1.0980184 115
1.0984184 0
1.0984184 0
1.0988184 114
1.0992184 0
1.0992184 0
1.0996184 113
1.1000184 0
1.1000184 0
1.1004184 112
1.1008184 0
1.1008184 0
1.1012184 111
1.1016184 0
1.1016184 0
1.1020184 110
1.1024184 0
1.1024184 0
1.1028184 109
1.1032184 0
1.1032184 0
1.1036184 108
1.1040184 0
1.1040184 0
1.1044184 107
1.1048184 0
1.1048184 0
1.1052184 106
1.1056184 0
1.1056184 0
1.1060184 105
1.1064184 0
1.1064184 0
1.1068184 104
1.1072184 0
1.1072184 0
1.1076184 103
1.1080184 0
1.1080184 0
1.108348 102
1.1088184 0
1.1088184 0
1.109148 101
1.1096184 0
1.1096184 0
1.109948 100
1.1104184 0
1.1104184 0
1.110748 99
1.1112184 0
1.1112184 0
1.111548 98
1.1120184 0
1.1120184 0
1.112348 97
1.1128184 0
1.1128184 0
1.113148 96
1.1136184 0
1.1136184 0
1.113948 95
1.1144184 0
1.1144184 0
1.114748 94
1.1152184 0
1.1152184 0
1.115548 93
1.1160184 0
1.1160184 0
1.116348 92
1.1168184 0
1.1168184 0
1.117148 91
1.1176184 0
1.1176184 0
1.117948 90
1.118348 0
1.118348 0
1.118748 89
1.119148 0
1.119148 0
1.119548 88
1.119948 0
1.119948 0
1.120348 87
1.120748 0
1.120748 0
1.121148 86
1.121548 0
1.121548 0
1.121948 85
1.122348 0
1.122348 0
1.122748 84
1.123148 0
1.123148 0
1.123548 83
1.123948 0
1.123948 0
1.124348 82
1.124748 0
1.124748 0
1.125148 81
1.125548 0
1.125548 0
1.125948 80
1.126348 0
1.126348 0
1.126748 79
1.127148 0
1.127148 0
1.127548 78
1.127948 0
1.127948 0
1.128348 77
1.128348 78
1.128348 79
1.128348 80
1.128348 81
1.128348 82
1.128348 83
1.128348 84
1.128348 85
1.128348 86
1.128348 87
1.128348 88
1.128348 89
1.128348 90
1.128348 91
1.128348 92
1.128348 93
1.128348 94
1.128348 95
1.128348 96
1.128348 97
1.128348 98
1.128348 99
1.128348 100
1.128348 101
1.128348 102
1.128348 103
1.128348 104
1.128348 105
1.128348 106
1.128348 107
1.128348 108
1.128348 109
1.128348 110
1.128348 111
1.128348 112
1.128348 113
1.128348 114
1.128348 115
1.128348 116
1.128348 117
1.128348 118
1.128348 119
1.128348 120
1.128348 121
1.128348 122
1.128348 123
1.128348 124
1.128348 125
1.128348 126
1.128348 127
1.128348 128
1.128348 129
1.128348 130
1.128348 131
1.128348 132
1.128348 133
1.128348 134
1.128348 135
1.128348 136
1.128348 137
1.128348 138
1.128348 139
1.128348 140
1.128348 141
1.128348 142
1.128348 143
1.128348 144
1.128348 145
1.128348 146
1.128348 147
1.128348 148
1.128348 149
1.128348 150
1.128348 151
1.128348 152
1.128348 153
1.128348 154
1.128348 155
1.128348 156
1.128348 157
1.128348 158
1.128348 159
1.128348 160
1.128348 161
1.128348 162
1.128348 163
1.128348 164
1.128348 165
1.128348 166
1.128348 167
1.128348 168
1.128348 169
1.128348 170
1.128348 171
1.128348 172
1.128348 173
1.128348 174
1.128348 175
1.128348 176
1.128348 177
1.128348 178
1.128348 179
1.128348 180
1.128348 181
1.128348 182
1.128748 0
1.128748 0
1.129148 181
1.129548 0
1.129548 0
1.129948 180
1.130348 0
1.130348 0
1.130748 179
1.131148 0
1.131148 0
1.131548 178
1.131948 0
1.131948 0
1.132348 177
1.132748 0
1.132748 0
1.133148 176
1.133548 0
1.133548 0
1.133948 175
1.134348 0
1.134348 0
1.134748 174
1.135148 0
1.135148 0
1.135548 173
1.135948 0
1.135948 0
1.136348 172
1.136748 0
1.136748 0
1.137148 171
1.137548 0
1.137548 0
1.137948 170
1.138348 0
1.138348 0
1.138748 169
1.139148 0
1.139148 0
1.139548 168
1.139948 0
1.139948 0
1.140348 167
1.140748 0
1.140748 0
1.141148 166
1.141548 0
1.141548 0
1.141948 165
1.142348 0
1.142348 0
1.142748 164
1.143148 0
1.143148 0
1.143548 163
1.143948 0
1.143948 0
1.144348 162
1.144748 0
1.144748 0
1.145148 161
1.145548 0
1.145548 0
1.145948 160
1.146348 0
1.146348 0
1.146748 159
1.147148 0
1.147148 0
1.147548 158
1.147948 0
1.147948 0
1.148348 157
1.148748 0
1.148748 0
1.149148 156
1.149548 0
1.149548 0
1.149948 155
1.150348 0
1.150348 0
1.150748 154
1.151148 0
1.151148 0
1.151548 153
1.151948 0
1.151948 0
1.152348 152
1.152748 0
1.152748 0
1.153148 151
1.153548 0
1.153548 0
1.153948 150
1.154348 0
1.154348 0
1.154748 149
1.155148 0
1.155148 0
1.155548 148
1.155948 0
1.155948 0
1.156348 147
1.156748 0
1.156748 0
1.157148 146
1.157548 0
1.157548 0
1.157948 145
1.158348 0
1.158348 0
1.158748 144
1.159148 0
1.159148 0
1.159548 143
1.159948 0
1.159948 0
1.160348 142
1.160748 0
1.160748 0
1.161148 141
1.161548 0
1.161548 0
1.161948 140
1.162348 0
1.162348 0
1.162748 139
1.163148 0
1.163148 0
1.163548 138
1.163948 0
1.163948 0
1.164348 137
1.164748 0
1.164748 0
1.165148 136
1.165548 0
1.165548 0
1.165948 135
1.166348 0
1.166348 0
1.166748 134
1.167148 0
1.167148 0
1.167548 133
1.167948 0
1.167948 0
1.168348 132
1.168748 0
1.168748 0
1.169148 131
1.169548 0
1.169548 0
1.169948 130
1.170348 0
1.170348 0
1.170748 129
1.171148 0
1.171148 0
1.171548 128
1.171948 0
1.171948 0
1.172348 127
1.172748 0
1.172748 0
1.173148 126
1.173548 0
1.173548 0
1.173948 125
1.174348 0
1.174348 0
1.174748 124
1.175148 0
1.175148 0
1.175548 123
1.175948 0
1.175948 0
1.176348 122
1.176748 0
1.176748 0
1.177148 121
1.177548 0
1.177548 0
1.177948 120
1.178348 0
1.178348 0
1.178748 119
1.179148 0
1.179148 0
1.179548 118
1.179948 0
1.179948 0
1.180348 117
1.180748 0
1.180748 0
1.181148 116
1.181548 0
1.181548 0
1.181948 115
1.182348 0
1.182348 0
1.182748 114
1.183148 0
1.183148 0
1.183548 113
1.183948 0
1.183948 0
1.184348 112
1.184748 0
1.184748 0
1.185148 111
1.185548 0
1.185548 0
1.185948 110
1.186348 0
1.186348 0
1.186748 109
1.187148 0
1.187148 0
1.187548 108
1.187948 0
1.187948 0
1.188348 107
1.188748 0
1.188748 0
1.189148 106
1.189548 0
1.189548 0
1.189948 105
1.190348 0
1.190348 0
1.190736 104
1.191148 0
1.191148 0
1.191536 103
1.191948 0
1.191948 0
1.192336 102
1.192748 0
1.192748 0
1.193136 101
1.193548 0
1.193548 0
1.193936 100
1.194348 0
1.194348 0
1.194736 99
1.195148 0
1.195148 0
1.195536 98
1.195948 0
1.195948 0
1.196336 97
1.196748 0
1.196748 0
1.197136 96
1.197548 0
1.197548 0
1.197936 95
1.198348 0
1.198348 0
1.198736 94
1.199148 0
1.199148 0
1.199536 93
1.199948 0
1.199948 0
1.200336 92
1.200736 0
1.200736 0
1.201136 91
1.201536 0
1.201536 0
1.201936 90
1.202336 0
1.202336 0
1.202736 89
1.203136 0
1.203136 0
1.203536 88
1.203936 0
1.203936 0
1.204336 87
1.204736 0
1.204736 0
1.205136 86
1.205536 0
1.205536 0
1.205936 85
1.206336 0
1.206336 0
1.206736 84
1.207136 0
1.207136 0
1.207536 83
1.207936 0
1.207936 0
1.208336 82
1.208736 0
1.208736 0
1.209136 81
1.209536 0
1.209536 0
1.209936 80
1.210336 0
1.210336 0
1.210736 79
1.210736 80
1.210736 81
1.210736 82
1.210736 83
1.210736 84
1.210736 85
1.210736 86
1.210736 87
1.210736 88
1.210736 89
1.210736 90
1.210736 91
1.210736 92
1.210736 93
1.210736 94
1.210736 95
1.210736 96
1.210736 97
1.210736 98
1.210736 99
1.210736 100
1.210736 101
1.210736 102
1.210736 103
1.210736 104
1.210736 105
1.210736 106
1.210736 107
1.210736 108
1.210736 109
1.210736 110
1.210736 111
1.210736 112
1.210736 113
1.210736 114
1.210736 115
1.210736 116
1.210736 117
1.210736 118
1.210736 119
1.210736 120
1.210736 121
1.210736 122
1.210736 123
1.210736 124
1.210736 125
1.210736 126
1.210736 127
1.210736 128
1.210736 129
1.210736 130
1.210736 131
1.210736 132
1.210736 133
1.210736 134
1.210736 135
1.210736 136
1.210736 137
1.210736 138
1.210736 139
1.210736 140
1.210736 141
1.210736 142
1.210736 143
1.210736 144
1.210736 145
1.210736 146
1.210736 147
1.210736 148
1.210736 149
1.210736 150
1.210736 151
1.210736 152
1.210736 153
1.210736 154
1.210736 155
1.210736 156
1.210736 157
1.210736 158
1.210736 159
1.210736 160
1.210736 161
1.210736 162
1.210736 163
1.210736 164
1.210736 165
1.210736 166
1.210736 167
1.210736 168
1.210736 169
1.210736 170
1.210736 171
1.210736 172
1.210736 173
1.210736 174
1.210736 175
1.210736 176
1.210736 177
1.210736 178
1.210736 179
1.210736 180
1.210736 181
1.210736 182
1.210736 183
1.211136 0
1.211136 0
1.211536 182
1.211936 0
1.211936 0
1.212336 181
1.212736 0
1.212736 0
1.213136 180
1.213536 0
1.213536 0
1.213936 179
1.214336 0
1.214336 0
1.214736 178
1.215136 0
1.215136 0
1.215536 177
1.215936 0
1.215936 0
1.216336 176
1.216736 0
1.216736 0
1.217136 175
1.217536 0
1.217536 0
1.217936 174
1.218336 0
1.218336 0
1.218736 173
1.219136 0
1.219136 0
1.219536 172
1.219936 0
1.219936 0
1.220336 171
1.220736 0
1.220736 0
1.221136 170
1.221536 0
1.221536 0
1.221936 169
1.222336 0
1.222336 0
1.222736 168
1.223136 0
1.223136 0
1.223536 167
1.223936 0
1.223936 0
1.224336 166
1.224736 0
1.224736 0
1.225136 165
1.225536 0
1.225536 0
1.225936 164
1.226336 0
1.226336 0
1.226736 163
1.227136 0
1.227136 0
1.227536 162
1.227936 0
1.227936 0
1.228336 161
1.228736 0
1.228736 0
1.229136 160
1.229536 0
1.229536 0
1.229936 159
1.230336 0
1.230336 0
1.230736 158
1.231136 0
1.231136 0
1.231536 157
1.231936 0
1.231936 0
1.232336 156
1.232736 0
1.232736 0
1.233136 155
1.233536 0
1.233536 0
1.233936 154
1.234336 0
1.234336 0
1.234736 153
1.235136 0
1.235136 0
1.235536 152
1.235936 0
1.235936 0
1.236336 151
1.236736 0
1.236736 0
1.237136 150
1.237536 0
1.237536 0
1.237936 149
1.238336 0
1.238336 0
1.238736 148
1.239136 0
1.239136 0
1.239536 147
1.239936 0
1.239936 0
1.240336 146
1.240736 0
1.240736 0
1.241136 145
1.241536 0
1.241536 0
1.241936 144
1.242336 0
1.242336 0
1.242736 143
1.243136 0
1.243136 0
1.243536 142
1.243936 0
1.243936 0
1.244336 141
1.244736 0
1.244736 0
1.245136 140
1.245536 0
1.245536 0
1.245936 139
1.246336 0
1.246336 0
1.246736 138
1.247136 0
1.247136 0
1.247536 137
1.247936 0
1.247936 0
1.248336 136
1.248736 0
1.248736 0
1.249136 135
1.249536 0
1.249536 0
1.249936 134
1.250336 0
1.250336 0
1.250736 133
1.251136 0
1.251136 0
1.251536 132
1.251936 0
1.251936 0
1.252336 131
1.252736 0
1.252736 0
1.253136 130
1.253536 0
1.253536 0
1.253936 129
1.254336 0
1.254336 0
1.254736 128
1.255136 0
1.255136 0
1.255536 127
1.255936 0
1.255936 0
1.256336 126
1.256736 0
1.256736 0
1.257136 125
1.257536 0
1.257536 0
1.257936 124
1.258336 0
1.258336 0
1.258736 123
1.259136 0
1.259136 0
1.259536 122
1.259936 0
1.259936 0
1.260336 121
1.260736 0
1.260736 0
1.261136 120
1.261536 0
1.261536 0
1.261936 119
1.262336 0
1.262336 0
1.262736 118
1.263136 0
1.263136 0
1.263536 117
1.263936 0
1.263936 0
1.264336 116
1.264736 0
1.264736 0
1.265136 115
1.265536 0
1.265536 0
1.265936 114
1.266336 0
1.266336 0
1.266736 113
1.267136 0
1.267136 0
1.267536 112
1.267936 0
1.267936 0
1.268336 111
1.268736 0
1.268736 0
1.269136 110
1.269536 0
1.269536 0
1.269936 109
1.270336 0
1.270336 0
1.270736 108
1.271136 0
1.271136 0
1.271536 107
1.271936 0
1.271936 0
1.272336 106
1.272736 0
1.272736 0
1.273136 105
1.273536 0
1.273536 0
1.273936 104
1.274336 0
1.274336 0
1.2746136 103
1.275136 0
1.275136 0
1.2754136 102
1.275936 0
1.275936 0
1.2762136 101
1.276736 0
1.276736 0
1.2770136 100
1.277536 0
1.277536 0
1.2778136 99
1.278336 0
1.278336 0
1.2786136 98
1.279136 0
1.279136 0
1.2794136 97
1.279936 0
1.279936 0
1.2802136 96
1.280736 0
1.280736 0
1.2810136 95
1.281536 0
1.281536 0
1.2818136 94
1.282336 0
1.282336 0
1.2826136 93
1.283136 0
1.283136 0
1.2834136 92
1.283936 0
1.283936 0
1.2842136 91
1.2846136 0
1.2846136 0
1.2850136 90
1.2854136 0
1.2854136 0
1.2858136 89
1.2862136 0
1.2862136 0
1.2866136 88
1.2870136 0
1.2870136 0
1.2874136 87
1.2878136 0
1.2878136 0
1.2882136 86
1.2886136 0
1.2886136 0
1.2890136 85
1.2894136 0
1.2894136 0
1.2898136 84
1.2902136 0
1.2902136 0
1.2906136 83
1.2910136 0
1.2910136 0
1.2914136 82
1.2918136 0
1.2918136 0
1.2922136 81
1.2926136 0
1.2926136 0
1.2930136 80
1.2934136 0
1.2934136 0
1.2938136 79
1.2942136 0
1.2942136 0
1.2946136 78
1.2946136 79
1.2946136 80
1.2946136 81
1.2946136 82
1.2946136 83
1.2946136 84
1.2946136 85
1.2946136 86
1.2946136 87
1.2946136 88
1.2946136 89
1.2946136 90
1.2946136 91
1.2946136 92
1.2946136 93
1.2946136 94
1.2946136 95
1.2946136 96
1.2946136 97
1.2946136 98
1.2946136 99
1.2946136 100
1.2946136 101
1.2946136 102
1.2946136 103
1.2946136 104
1.2946136 105
1.2946136 106
1.2946136 107
1.2946136 108
1.2946136 109
1.2946136 110
1.2946136 111
1.2946136 112
1.2946136 113
1.2946136 114
1.2946136 115
1.2946136 116
1.2946136 117
1.2946136 118
1.2946136 119
1.2946136 120
1.2946136 121
1.2946136 122
1.2946136 123
1.2946136 124
1.2946136 125
1.2946136 126
1.2946136 127
1.2946136 128
1.2946136 129
1.2946136 130
1.2946136 131
1.2946136 132
1.2946136 133
1.2946136 134
1.2946136 135
1.2946136 136
1.2946136 137
1.2946136 138
1.2946136 139
1.2946136 140
1.2946136 141
1.2946136 142
1.2946136 143
1.2946136 144
1.2946136 145
1.2946136 146
1.2946136 147
1.2946136 148
1.2946136 149
1.2946136 150
1.2946136 151
1.2946136 152
1.2946136 153
1.2946136 154
1.2946136 155
1.2946136 156
1.2946136 157
1.2946136 158
1.2946136 159
1.2946136 160
1.2946136 161
1.2946136 162
1.2946136 163
1.2946136 164
1.2946136 165
1.2946136 166
1.2946136 167
1.2946136 168
1.2946136 169
1.2946136 170
1.2946136 171
1.2946136 172
1.2946136 173
1.2946136 174
1.2946136 175
1.2946136 176
1.2946136 177
1.2946136 178
1.2946136 179
1.2946136 180
1.2946136 181
1.2946136 182
1.2946136 183
1.2946136 184
1.2950136 0
1.2950136 0
1.2954136 183
1.2958136 0
1.2958136 0
1.2962136 182
1.2966136 0
1.2966136 0
1.2970136 181
1.2974136 0
1.2974136 0
1.2978136 180
1.2982136 0
1.2982136 0
1.2986136 179
1.2990136 0
1.2990136 0
1.2994136 178
1.2998136 0
1.2998136 0
1.3002136 177
1.3006136 0
1.3006136 0
1.3010136 176
1.3014136 0
1.3014136 0
1.3018136 175
1.3022136 0
1.3022136 0
1.3026136 174
1.3030136 0
1.3030136 0
1.3034136 173
1.3038136 0
1.3038136 0
1.3042136 172
1.3046136 0
1.3046136 0
1.3050136 171
1.3054136 0
1.3054136 0
1.3058136 170
1.3062136 0
1.3062136 0
1.3066136 169
1.3070136 0
1.3070136 0
1.3074136 168
1.3078136 0
1.3078136 0
1.3082136 167
1.3086136 0
1.3086136 0
1.3090136 166
1.3094136 0
1.3094136 0
1.3098136 165
1.3102136 0
1.3102136 0
1.3106136 164
1.3110136 0
1.3110136 0
1.3114136 163
1.3118136 0
1.3118136 0
1.3122136 162
1.3126136 0
1.3126136 0
1.3130136 161
1.3134136 0
1.3134136 0
1.3138136 160
1.3142136 0
1.3142136 0
1.3146136 159
1.3150136 0
1.3150136 0
1.3154136 158
1.3158136 0
1.3158136 0
1.3162136 157
1.3166136 0
1.3166136 0
1.3170136 156
1.3174136 0
1.3174136 0
1.3178136 155
1.3182136 0
1.3182136 0
1.3186136 154
1.3190136 0
1.3190136 0
1.3194136 153
1.3198136 0
1.3198136 0
1.3202136 152
1.3206136 0
1.3206136 0
1.3210136 151
1.3214136 0
1.3214136 0
1.3218136 150
1.3222136 0
1.3222136 0
1.3226136 149
1.3230136 0
1.3230136 0
1.3234136 148
1.3238136 0
1.3238136 0
1.3242136 147
1.3246136 0
1.3246136 0
1.3250136 146
1.3254136 0
1.3254136 0
1.3258136 145
1.3262136 0
1.3262136 0
1.3266136 144
1.3270136 0
1.3270136 0
1.3274136 143
1.3278136 0
1.3278136 0
1.3282136 142
1.3286136 0
1.3286136 0
1.3290136 141
1.3294136 0
1.3294136 0
1.3298136 140
1.3302136 0
1.3302136 0
1.3306136 139
1.3310136 0
1.3310136 0
1.3314136 138
1.3318136 0
1.3318136 0
1.3322136 137
1.3326136 0
1.3326136 0
1.3330136 136
1.3334136 0
1.3334136 0
1.3338136 135
1.3342136 0
1.3342136 0
1.3346136 134
1.3350136 0
1.3350136 0
1.3354136 133
1.3358136 0
1.3358136 0
1.3362136 132
1.3366136 0
1.3366136 0
1.3370136 131
1.3374136 0
1.3374136 0
1.3378136 130
1.3382136 0
1.3382136 0
1.3386136 129
1.3390136 0
1.3390136 0
1.3394136 128
1.3398136 0
1.3398136 0
1.3402136 127
1.3406136 0
1.3406136 0
1.3410136 126
1.3414136 0
1.3414136 0
1.3418136 125
1.3422136 0
1.3422136 0
1.3426136 124
1.3430136 0
1.3430136 0
1.3434136 123
1.3438136 0
1.3438136 0
1.3442136 122
1.3446136 0
1.3446136 0
1.3450136 121
1.3454136 0
1.3454136 0
1.3458136 120
1.3462136 0
1.3462136 0
1.3466136 119
1.3470136 0
1.3470136 0
1.3474136 118
1.3478136 0
1.3478136 0
1.3482136 117
1.3486136 0
1.3486136 0
1.3490136 116
1.3494136 0
1.3494136 0
1.3498136 115
1.3502136 0
1.3502136 0
1.3506136 114
1.3510136 0
1.3510136 0
1.3514136 113
1.3518136 0
1.3518136 0
1.3522136 112
1.3526136 0
1.3526136 0
1.3530136 111
1.3534136 0
1.3534136 0
1.3538136 110
1.3542136 0
1.3542136 0
1.3546136 109
1.3550136 0
1.3550136 0
1.3554136 108
1.3558136 0
1.3558136 0
1.3562136 107
1.3566136 0
1.3566136 0
1.3570136 106
1.3574136 0
1.3574136 0
1.3577432 105
1.3582136 0
1.3582136 0
1.3585432 104
1.3590136 0
1.3590136 0
1.3593432 103
1.3598136 0
1.3598136 0
1.3601432 102
1.3606136 0
1.3606136 0
1.3609432 101
1.3614136 0
1.3614136 0
1.3617432 100
1.3622136 0
1.3622136 0
1.3625432 99
1.3630136 0
1.3630136 0
1.3633432 98
1.3638136 0
1.3638136 0
1.3641432 97
1.3646136 0
1.3646136 0
1.3649432 96
1.3654136 0
1.3654136 0
1.3657432 95
1.3662136 0
1.3662136 0
1.3665432 94
1.3670136 0
1.3670136 0
1.3673432 93
1.3677432 0
1.3677432 0
1.3681432 92
1.3685432 0
1.3685432 0
1.3689432 91
1.3693432 0
1.3693432 0
1.3697432 90
1.3701432 0
1.3701432 0
1.3705432 89
1.3709432 0
1.3709432 0
1.3713432 88
1.3717432 0
1.3717432 0
1.3721432 87
1.3725432 0
1.3725432 0
1.3729432 86
1.3733432 0
1.3733432 0
1.3737432 85
1.3741432 0
1.3741432 0
1.3745432 84
1.3749432 0
1.3749432 0
1.3753432 83
1.3757432 0
1.3757432 0
1.3761432 82
1.3765432 0
1.3765432 0
1.3769432 81
1.3773432 0
1.3773432 0
1.3777432 80
1.3777432 81
1.3777432 82
1.3777432 83
1.3777432 84
1.3777432 85
1.3777432 86
1.3777432 87
1.3777432 88
1.3777432 89
1.3777432 90
1.3777432 91
1.3777432 92
1.3777432 93
1.3777432 94
1.3777432 95
1.3777432 96
1.3777432 97
1.3777432 98
1.3777432 99
1.3777432 100
1.3777432 101
1.3777432 102
1.3777432 103
1.3777432 104
1.3777432 105
1.3777432 106
1.3777432 107
1.3777432 108
1.3777432 109
1.3777432 110
1.3777432 111
1.3777432 112
1.3777432 113
1.3777432 114
1.3777432 115
1.3777432 116
1.3777432 117
1.3777432 118
1.3777432 119
1.3777432 120
1.3777432 121
1.3777432 122
1.3777432 123
1.3777432 124
1.3777432 125
1.3777432 126
1.3777432 127
1.3777432 128
1.3777432 129
1.3777432 130
1.3777432 131
1.3777432 132
1.3777432 133
1.3777432 134
1.3777432 135
1.3777432 136
1.3777432 137
1.3777432 138
1.3777432 139
1.3777432 140
1.3777432 141
1.3777432 142
1.3777432 143
1.3777432 144
1.3777432 145
1.3777432 146
1.3777432 147
1.3777432 148
1.3777432 149
1.3777432 150
1.3777432 151
1.3777432 152
1.3777432 153
1.3777432 154
1.3777432 155
1.3777432 156
1.3777432 157
1.3777432 158
1.3777432 159
1.3777432 160
1.3777432 161
1.3777432 162
1.3777432 163
1.3777432 164
1.3777432 165
1.3777432 166
1.3777432 167
1.3777432 168
1.3777432 169
1.3777432 170
1.3777432 171
1.3777432 172
1.3777432 173
1.3777432 174
1.3777432 175
1.3777432 176
1.3777432 177
1.3777432 178
1.3777432 179
1.3777432 180
1.3777432 181
1.3777432 182
1.3777432 183
1.3777432 184
1.3777432 185
1.3781432 0
1.3781432 0
1.3785432 184
1.3789432 0
1.3789432 0
1.3793432 183
1.3797432 0
1.3797432 0
1.3801432 182
1.3805432 0
1.3805432 0
1.3809432 181
1.3813432 0
1.3813432 0
1.3817432 180
1.3821432 0
1.3821432 0
1.3825432 179
1.3829432 0
1.3829432 0
1.3833432 178
1.3837432 0
1.3837432 0
1.3841432 177
1.3845432 0
1.3845432 0
1.3849432 176
1.3853432 0
1.3853432 0
1.3857432 175
1.3861432 0
1.3861432 0
1.3865432 174
1.3869432 0
1.3869432 0
1.3873432 173
1.3877432 0
1.3877432 0
1.3881432 172
1.3885432 0
1.3885432 0
1.3889432 171
1.3893432 0
1.3893432 0
1.3897432 170
1.3901432 0
1.3901432 0
1.3905432 169
1.3909432 0
1.3909432 0
1.3913432 168
1.3917432 0
1.3917432 0
1.3921432 167
1.3925432 0
1.3925432 0
1.3929432 166
1.3933432 0
1.3933432 0
1.3937432 165
1.3941432 0
1.3941432 0
1.3945432 164
1.3949432 0
1.3949432 0
1.3953432 163
1.3957432 0
1.3957432 0
1.3961432 162
1.3965432 0
1.3965432 0
1.3969432 161
1.3973432 0
1.3973432 0
1.3977432 160
1.3981432 0
1.3981432 0
1.3985432 159
1.3989432 0
1.3989432 0
1.3993432 158
1.3997432 0
1.3997432 0
1.4001432 157
1.4005432 0
1.4005432 0
1.4009432 156
1.4013432 0
1.4013432 0
1.4017432 155
1.4021432 0
1.4021432 0
1.4025432 154
1.4029432 0
1.4029432 0
1.4033432 153
1.4037432 0
1.4037432 0
1.4041432 152
1.4045432 0
1.4045432 0
1.4049432 151
1.4053432 0
1.4053432 0
1.4057432 150
1.4061432 0
1.4061432 0
1.4065432 149
1.4069432 0
1.4069432 0
1.4073432 148
1.4077432 0
1.4077432 0
1.4081432 147
1.4085432 0
1.4085432 0
1.4089432 146
1.4093432 0
1.4093432 0
1.4097432 145
1.4101432 0
1.4101432 0
1.4105432 144
1.4109432 0
1.4109432 0
1.4113432 143
1.4117432 0
1.4117432 0
1.4121432 142
1.4125432 0
1.4125432 0
1.4129432 141
1.4133432 0
1.4133432 0
1.4137432 140
1.4141432 0
1.4141432 0
1.4145432 139
1.4149432 0
1.4149432 0
1.4153432 138
1.4157432 0
1.4157432 0
1.4161432 137
1.4165432 0
1.4165432 0
1.4169432 136
1.4173432 0
1.4173432 0
1.4177432 135
1.4181432 0
1.4181432 0
1.4185432 134
1.4189432 0
1.4189432 0
1.4193432 133
1.4197432 0
1.4197432 0
1.4201432 132
1.4205432 0
1.4205432 0
1.4209432 131
1.4213432 0
1.4213432 0
1.4217432 130
1.4221432 0
1.4221432 0
1.4225432 129
1.4229432 0
1.4229432 0
1.4233432 128
1.4237432 0
1.4237432 0
1.4241432 127
1.4245432 0
1.4245432 0
1.4249432 126
1.4253432 0
1.4253432 0
1.4257432 125
1.4261432 0
1.4261432 0
1.4265432 124
1.4269432 0
1.4269432 0
1.4273432 123
1.4277432 0
1.4277432 0
1.4281432 122
1.4285432 0
1.4285432 0
1.4289432 121
1.4293432 0
1.4293432 0
1.4297432 120
1.4301432 0
1.4301432 0
1.4305432 119
1.4309432 0
1.4309432 0
1.4313432 118
1.4317432 0
1.4317432 0
1.4321432 117
1.4325432 0
1.4325432 0
1.4329432 116
1.4333432 0
1.4333432 0
1.4337432 115
1.4341432 0
1.4341432 0
1.4345432 114
1.4349432 0
1.4349432 0
1.4353432 113
1.4357432 0
1.4357432 0
1.4361432 112
1.4365432 0
1.4365432 0
1.4369432 111
1.4373432 0
1.4373432 0
1.4377432 110
1.4381432 0
1.4381432 0
1.4385432 109
1.4389432 0
1.4389432 0
1.4393432 108
1.4397432 0
1.4397432 0
1.4401432 107
1.4405432 0
1.4405432 0
1.4409432 106
1.4413432 0
1.4413432 0
1.4417432 105
1.4421432 0
1.4421432 0
1.442376 104
1.4429432 0
1.4429432 0
1.443176 103
1.4437432 0
1.4437432 0
1.443976 102
1.4445432 0
1.4445432 0
1.444776 101
1.4453432 0
1.4453432 0
1.445576 100
1.4461432 0
1.4461432 0
1.446376 99
1.4469432 0
1.4469432 0
1.447176 98
1.4477432 0
1.4477432 0
1.447976 97
1.4485432 0
1.4485432 0
1.448776 96
1.4493432 0
1.4493432 0
1.449576 95
1.4501432 0
1.4501432 0
1.450376 94
1.4509432 0
1.4509432 0
1.451176 93
1.4517432 0
1.4517432 0
1.451976 92
1.452376 0
1.452376 0
1.452776 91
1.453176 0
1.453176 0
1.453576 90
1.453976 0
1.453976 0
1.454376 89
1.454776 0
1.454776 0
1.455176 88
1.455576 0
1.455576 0
1.455976 87
1.456376 0
1.456376 0
1.456776 86
1.457176 0
1.457176 0
1.457576 85
1.457976 0
1.457976 0
1.458376 84
1.458776 0
1.458776 0
1.459176 83
1.459576 0
1.459576 0
1.459976 82
1.460376 0
1.460376 0
1.460776 81
1.461176 0
1.461176 0
1.461576 80
1.461976 0
1.461976 0
1.462376 79
1.462376 80
1.462376 81
1.462376 82
1.462376 83
1.462376 84
1.462376 85
1.462376 86
1.462376 87
1.462376 88
1.462376 89
1.462376 90
1.462376 91
1.462376 92
1.462376 93
1.462376 94
1.462376 95
1.462376 96
1.462376 97
1.462376 98
1.462376 99
1.462376 100
1.462376 101
1.462376 102
1.462376 103
1.462376 104
1.462376 105
1.462376 106
1.462376 107
1.462376 108
1.462376 109
1.462376 110
1.462376 111
1.462376 112
1.462376 113
1.462376 114
1.462376 115
1.462376 116
1.462376 117
1.462376 118
1.462376 119
1.462376 120
1.462376 121
1.462376 122
1.462376 123
1.462376 124
1.462376 125
1.462376 126
1.462376 127
1.462376 128
1.462376 129
1.462376 130
1.462376 131
1.462376 132
1.462776 0
1.462776 0
1.463176 131
1.463576 0
1.463576 0
1.463976 130
1.464376 0
1.464376 0
1.464776 129
1.465176 0
1.465176 0
1.465576 128
1.465976 0
1.465976 0
1.466376 127
1.466776 0
1.466776 0
1.467176 126
1.467576 0
1.467576 0
1.467976 125
1.468376 0
1.468376 0
1.468776 124
1.469176 0
1.469176 0
1.469576 123
1.469976 0
1.469976 0
1.470376 122
1.470776 0
1.470776 0
1.471176 121
1.471576 0
1.471576 0
1.471976 120
1.472376 0
1.472376 0
1.472776 119
1.473176 0
1.473176 0
1.473576 118
1.473976 0
1.473976 0
1.474376 117
1.474776 0
1.474776 0
1.475176 116
1.475576 0
1.475576 0
1.475976 115
1.476376 0
1.476376 0
1.476776 114
1.477176 0
1.477176 0
1.477576 113
1.477976 0
1.477976 0
1.478376 112
1.478776 0
1.478776 0
1.479176 111
1.479576 0
1.479576 0
1.479976 110
1.480376 0
1.480376 0
1.480776 109
1.481176 0
1.481176 0
1.481576 108
1.481976 0
1.481976 0
1.482376 107
1.482776 0
1.482776 0
1.483176 106
1.483576 0
1.483576 0
1.483976 105
1.484376 0
1.484376 0
1.484776 104
1.485176 0
1.485176 0
1.485576 103
1.485976 0
1.485976 0
1.486376 102
1.486776 0
1.486776 0
1.487176 101
1.487576 0
1.487576 0
1.487976 100
1.488376 0
1.488376 0
1.488776 99
1.489176 0
1.489176 0
1.489576 98
1.489976 0
1.489976 0
1.490376 97
1.490776 0
1.490776 0
1.491176 96
1.491576 0
1.491576 0
1.491976 95
1.492376 0
1.492376 0
1.492776 94
1.493176 0
1.493176 0
1.493576 93
1.493976 0
1.493976 0
1.494376 92
1.494776 0
1.494776 0
1.495176 91
1.495576 0
1.495576 0
1.495976 90
1.496376 0
1.496376 0
1.496776 89
1.497176 0
1.497176 0
1.497576 88
1.497976 0
1.497976 0
1.498376 87
1.498776 0
1.498776 0
1.499176 86
1.499576 0
1.499576 0
1.499976 85
1.500376 0
1.500376 0
1.500776 84
1.501176 0
1.501176 0
1.501576 83
1.501976 0
1.501976 0
1.502376 82
1.502776 0
1.502776 0
1.503176 81
1.503576 0
1.503576 0
1.503976 80
1.504376 0
1.504376 0
1.504776 79
1.505176 0
1.505176 0
1.505576 78
1.505976 0
1.505976 0
1.506376 77
1.506776 0
1.506776 0
1.507176 76
1.507576 0
1.507576 0
1.507976 75
1.508376 0
1.508376 0
1.508776 74
1.509176 0
1.509176 0
1.509576 73
1.509976 0
1.509976 0
1.510376 72
1.510776 0
1.510776 0
1.511176 71
1.511576 0
1.511576 0
1.511976 70
1.512376 0
1.512376 0
1.512776 69
1.513176 0
1.513176 0
1.513576 68
1.513976 0
1.513976 0
1.514376 67
1.514776 0
1.514776 0
1.515176 66
1.515576 0
1.515576 0
1.515976 65
1.516376 0
1.516376 0
1.516776 64
1.517176 0
1.517176 0
1.517576 63
1.517976 0
1.517976 0
1.518376 62
1.518776 0
1.518776 0
1.519176 61
1.519576 0
1.519576 0
1.519976 60
1.520376 0
1.520376 0
1.520776 59
1.521176 0
1.521176 0
1.521576 58
1.521976 0
1.521976 0
1.522376 57
1.522776 0
1.522776 0
1.523176 56
1.523576 0
1.523576 0
1.523976 55
1.524376 0
1.524376 0
1.524776 54
1.525176 0
1.525176 0
1.525576 53
1.525976 0
1.525976 0
1.5262536 52
1.526776 0
1.526776 0
1.5270536 51
1.527576 0
1.527576 0
1.5278536 50
1.528376 0
1.528376 0
1.5286536 49
1.529176 0
1.529176 0
1.5294536 48
1.529976 0
1.529976 0
1.5302536 47
1.530776 0
1.530776 0
1.5310536 46
1.531576 0
1.531576 0
1.5318536 45
1.532376 0
1.532376 0
1.5326536 44
1.533176 0
1.533176 0
1.5334536 43
1.533976 0
1.533976 0
1.5342536 42
1.534776 0
1.534776 0
1.5350536 41
1.535576 0
1.535576 0
1.5358536 40
1.5362536 0
1.5362536 0
1.5366536 39
1.5370536 0
1.5370536 0
1.5374536 38
1.5378536 0
1.5378536 0
1.5382536 37
1.5386536 0
1.5386536 0
1.5390536 36
1.5394536 0
1.5394536 0
1.5398536 35
1.5402536 0
1.5402536 0
1.5406536 34
1.5410536 0
1.5410536 0
1.5414536 33
1.5418536 0
1.5418536 0
1.5422536 32
1.5426536 0
1.5426536 0
1.5430536 31
1.5434536 0
1.5434536 0
1.5438536 30
1.5442536 0
1.5442536 0
1.5446536 29
1.5450536 0
1.5450536 0
1.5454536 28
1.5458536 0
1.5458536 0
1.5462536 27
1.5462536 28
1.5462536 29
1.5462536 30
1.5462536 31
1.5462536 32
1.5462536 33
1.5462536 34
1.5462536 35
1.5462536 36
1.5462536 37
1.5462536 38
1.5462536 39
1.5462536 40
1.5462536 41
1.5462536 42
1.5462536 43
1.5462536 44
1.5462536 45
1.5462536 46
1.5462536 47
1.5462536 48
1.5462536 49
1.5462536 50
1.5462536 51
1.5462536 52
1.5462536 53
1.5462536 54
1.5462536 55
1.5462536 56
1.5462536 57
1.5462536 58
1.5462536 59
1.5462536 60
1.5462536 61
1.5462536 62
1.5462536 63
1.5462536 64
1.5462536 65
1.5462536 66
1.5462536 67
1.5462536 68
1.5462536 69
1.5462536 70
1.5462536 71
1.5462536 72
1.5462536 73
1.5462536 74
1.5462536 75
1.5462536 76
1.5462536 77
1.5462536 78
1.5462536 79
1.5462536 80
1.5462536 81
1.5462536 82
1.5462536 83
1.5462536 84
1.5462536 85
1.5462536 86
1.5462536 87
1.5462536 88
1.5462536 89
1.5462536 90
1.5462536 91
1.5462536 92
1.5462536 93
1.5462536 94
1.5462536 95
1.5462536 96
1.5462536 97
1.5462536 98
1.5462536 99
1.5462536 100
1.5462536 101
1.5462536 102
1.5462536 103
1.5462536 104
1.5462536 105
1.5462536 106
1.5462536 107
1.5462536 108
1.5462536 109
1.5462536 110
1.5462536 111
1.5462536 112
1.5462536 113
1.5462536 114
1.5462536 115
1.5462536 116
1.5462536 117
1.5462536 118
1.5462536 119
1.5462536 120
1.5462536 121
1.5462536 122
1.5462536 123
1.5462536 124
1.5462536 125
1.5462536 126
1.5462536 127
1.5462536 128
1.5462536 129
1.5462536 130
1.5462536 131
1.5462536 132
1.5462536 133
1.5466536 0
1.5466536 0
1.5470536 132
1.5474536 0
1.5474536 0
1.5478536 131
1.5482536 0
1.5482536 0
1.5486536 130
1.5490536 0
1.5490536 0
1.5494536 129
1.5498536 0
1.5498536 0
1.5502536 128
1.5506536 0
1.5506536 0
1.5510536 127
1.5514536 0
1.5514536 0
1.5518536 126
1.5522536 0
1.5522536 0
1.5526536 125
1.5530536 0
1.5530536 0
1.5534536 124
1.5538536 0
1.5538536 0
1.5542536 123
1.5546536 0
1.5546536 0
1.5550536 122
1.5554536 0
1.5554536 0
1.5558536 121
1.5562536 0
1.5562536 0
1.5566536 120
1.5570536 0
1.5570536 0
1.5574536 119
1.5578536 0
1.5578536 0
1.5582536 118
1.5586536 0
1.5586536 0
1.5590536 117
1.5594536 0
1.5594536 0
1.5598536 116
1.5602536 0
1.5602536 0
1.5606536 115
1.5610536 0
1.5610536 0
1.5614536 114
1.5618536 0
1.5618536 0
1.5622536 113
1.5626536 0
1.5626536 0
1.5630536 112
1.5634536 0
1.5634536 0
1.5638536 111
1.5642536 0
1.5642536 0
1.5646536 110
1.5650536 0
1.5650536 0
1.5654536 109
1.5658536 0
1.5658536 0
1.5662536 108
1.5666536 0
1.5666536 0
1.5670536 107
1.5674536 0
1.5674536 0
1.5678536 106
1.5682536 0
1.5682536 0
1.5684104 105
1.5690536 0
1.5690536 0
1.5692104 104
1.5698536 0
1.5698536 0
1.5700104 103
1.5706536 0
1.5706536 0
1.5708104 102
1.5714536 0
1.5714536 0
1.5716104 101
1.5722536 0
1.5722536 0
1.5724104 100
1.5730536 0
1.5730536 0
1.5732104 99
1.5738536 0
1.5738536 0
1.5740104 98
1.5746536 0
1.5746536 0
1.5748104 97
1.5754536 0
1.5754536 0
1.5756104 96
1.5762536 0
1.5762536 0
1.5764104 95
1.5770536 0
1.5770536 0
1.5772104 94
1.5778536 0
1.5778536 0
1.5780104 93
1.5784104 0
1.5784104 0
1.5788104 92
1.5792104 0
1.5792104 0
1.5796104 91
1.5800104 0
1.5800104 0
1.5804104 90
1.5808104 0
1.5808104 0
1.5812104 89
1.5816104 0
1.5816104 0
1.5820104 88
1.5824104 0
1.5824104 0
1.5828104 87
1.5832104 0
1.5832104 0
1.5836104 86
1.5840104 0
1.5840104 0
1.5844104 85
1.5848104 0
1.5848104 0
1.5852104 84
1.5856104 0
1.5856104 0
1.5860104 83
1.5864104 0
1.5864104 0
1.5868104 82
1.5872104 0
1.5872104 0
1.5876104 81
1.5880104 0
1.5880104 0
1.5884104 80
1.5888104 0
1.5888104 0
1.5892104 79
1.5896104 0
1.5896104 0
1.5900104 78
1.5904104 0
1.5904104 0
1.5908104 77
1.5912104 0
1.5912104 0
1.5916104 76
1.5920104 0
1.5920104 0
1.5924104 75
1.5928104 0
1.5928104 0
1.5932104 74
1.5936104 0
1.5936104 0
1.5940104 73
1.5944104 0
1.5944104 0
1.5948104 72
1.5952104 0
1.5952104 0
1.5956104 71
1.5960104 0
1.5960104 0
1.5964104 70
1.5968104 0
1.5968104 0
1.5972104 69
1.5976104 0
1.5976104 0
1.5980104 68
1.5984104 0
1.5984104 0
1.5988104 67
1.5992104 0
1.5992104 0
1.5996104 66
1.6000104 0
1.6000104 0
1.6004104 65
1.6008104 0
1.6008104 0
1.6012104 64
1.6016104 0
1.6016104 0
1.6020104 63
1.6024104 0
1.6024104 0
1.6028104 62
1.6032104 0
1.6032104 0
1.6036104 61
1.6040104 0
1.6040104 0
1.6044104 60
1.6048104 0
1.6048104 0
1.6052104 59
1.6056104 0
1.6056104 0
1.6060104 58
1.6064104 0
1.6064104 0
1.6068104 57
1.6072104 0
1.6072104 0
1.6076104 56
1.6080104 0
1.6080104 0
1.6084104 55
1.6088104 0
1.6088104 0
1.6092104 54
1.6096104 0
1.6096104 0
1.6100104 53
1.6104104 0
1.6104104 0
1.6108104 52
1.6112104 0
1.6112104 0
1.6116104 51
1.6120104 0
1.6120104 0
1.6124104 50
1.6128104 0
1.6128104 0
1.6132104 49
1.6136104 0
1.6136104 0
1.6140104 48
1.6144104 0
1.6144104 0
1.6148104 47
1.6152104 0
1.6152104 0
1.6156104 46
1.6160104 0
1.6160104 0
1.6164104 45
1.6168104 0
1.6168104 0
1.6172104 44
1.6176104 0
1.6176104 0
1.6180104 43
1.6184104 0
1.6184104 0
1.6188104 42
1.6192104 0
1.6192104 0
1.6196104 41
1.6200104 0
1.6200104 0
1.6204104 40
1.6208104 0
1.6208104 0
1.6212104 39
1.6216104 0
1.6216104 0
1.6220104 38
1.6224104 0
1.6224104 0
1.6228104 37
1.6232104 0
1.6232104 0
1.6236104 36
1.6240104 0
1.6240104 0
1.6244104 35
1.6248104 0
1.6248104 0
1.6252104 34
1.6256104 0
1.6256104 0
1.6260104 33
1.6264104 0
1.6264104 0
1.6268104 32
1.6272104 0
1.6272104 0
1.6276104 31
1.6280104 0
1.6280104 0
1.6284104 30
1.6288104 0
1.6288104 0
1.6292104 29
1.6296104 0
1.6296104 0
1.6300104 28
1.6304104 0
1.6304104 0
1.6308104 27
1.6312104 0
1.6312104 0
1.6316104 26
1.6320104 0
1.6320104 0
1.6324104 25
1.6328104 0
1.6328104 0
1.6332104 24
1.6336104 0
1.6336104 0
1.6340104 23
1.6344104 0
1.6344104 0
1.6348104 22
1.6352104 0
1.6352104 0
1.6356104 21
1.6360104 0
1.6360104 0
1.6364104 20
1.6368104 0
1.6368104 0
1.6372104 19
1.6376104 0
1.6376104 0
1.6380104 18
1.6384104 0
1.6384104 0
1.6388104 17
1.6392104 0
1.6392104 0
1.6396104 16
1.6400104 0
1.6400104 0
1.6404104 15
1.6408104 0
1.6408104 0
1.6412104 14
1.6416104 0
1.6416104 0
1.6420104 13
1.6424104 0
1.6424104 0
1.6428104 12
1.6432104 0
1.6432104 0
1.6436104 11
1.6440104 0
1.6440104 0
1.6444104 10
1.6448104 0
1.6448104 0
1.6452104 9
1.6456104 0
1.6456104 0
1.6460104 8
1.6464104 0
1.6464104 0
1.6468104 7
1.6472104 0
1.6472104 0
1.6476104 6
1.6480104 0
1.6480104 0
1.6484104 5
1.6488104 0
1.6488104 0
1.6492104 4
1.6496104 0
1.6496104 0
1.6500104 3
1.6504104 0
1.6504104 0
1.6508104 2
1.6512104 0
1.6512104 0
1.6516104 1
1.6520104 0
1.6520104 0
1.6524104 0
1.6528104 0
1.6528104 0
1.6536104 0
1.6536104 0
1.6544104 0
1.6544104 0
1.6552104 0
1.6552104 0
1.6560104 0
1.6560104 0
1.6568104 0
1.6568104 0
1.6576104 0
1.6576104 0
1.6584104 0
1.6584104 0
1.6592104 0
1.6592104 0
1.6600104 0
1.6600104 0
1.6608104 0
1.6608104 0
1.6616104 0
1.6616104 0
1.6624104 0
1.6624104 0
1.6630432 0
1.6630432 0
1.6730432 0
1.6730432 0
1.6730432 1
1.6730432 2
1.6730432 3
1.6730432 4
1.6730432 5
1.6730432 6
1.6730432 7
1.6730432 8
1.6730432 9
1.6730432 10
1.6730432 11
1.6730432 12
1.6730432 13
1.6730432 14
1.6730432 15
1.6730432 16
1.6730432 17
1.6730432 18
1.6730432 19
1.6730432 20
1.6730432 21
1.6730432 22
1.6730432 23
1.6730432 24
1.6730432 25
1.6730432 26
1.6730432 27
1.6730432 28
1.6730432 29
1.6730432 30
1.6730432 31
1.6730432 32
1.6730432 33
1.6730432 34
1.6730432 35
1.6730432 36
1.6730432 37
1.6730432 38
1.6730432 39
1.6730432 40
1.6730432 41
1.6730432 42
1.6730432 43
1.6730432 44
1.6730432 45
1.6730432 46
1.6730432 47
1.6730432 48
1.6730432 49
1.6730432 50
1.6730432 51
1.6730432 52
1.6738432 51
1.6746432 50
1.6754432 49
1.6762432 48
1.6770432 47
1.6778432 46
1.6786432 45
1.6794432 44
1.6802432 43
1.6810432 42
1.6818432 41
1.6826432 40
1.6834432 39
1.6838432 0
1.6838432 0
1.6842432 38
1.6846432 0
1.6846432 0
1.6850432 37
1.6854432 0
1.6854432 0
1.6858432 36
1.6862432 0
1.6862432 0
1.6866432 35
1.6870432 0
1.6870432 0
1.6874432 34
1.6878432 0
1.6878432 0
1.6882432 33
1.6886432 0
1.6886432 0
1.6890432 32
1.6894432 0
1.6894432 0
1.6898432 31
1.6902432 0
1.6902432 0
1.6906432 30
1.6910432 0
1.6910432 0
1.6914432 29
1.6918432 0
1.6918432 0
1.6922432 28
1.6926432 0
1.6926432 0
1.6930432 27
1.6934432 0
1.6934432 0
1.6938432 26
1.6942432 0
1.6942432 0
1.6946432 25
1.6950432 0
1.6950432 0
1.6954432 24
1.6958432 0
1.6958432 0
1.6962432 23
1.6966432 0
1.6966432 0
1.6970432 22
1.6974432 0
1.6974432 0
1.6978432 21
1.6982432 0
1.6982432 0
1.6986432 20
1.6990432 0
1.6990432 0
1.6994432 19
1.6998432 0
1.6998432 0
1.7002432 18
1.7006432 0
1.7006432 0
1.7010432 17
1.7014432 0
1.7014432 0
1.7018432 16
1.7022432 0
1.7022432 0
1.7026432 15
1.7030432 0
1.7030432 0
1.7034432 14
1.7038432 0
1.7038432 0
1.7042432 13
1.7046432 0
1.7046432 0
1.7050432 12
1.7054432 0
1.7054432 0
1.7058432 11
1.7062432 0
1.7062432 0
1.7066432 10
1.7070432 0
1.7070432 0
1.7074432 9
1.7078432 0
1.7078432 0
1.7082432 8
1.7086432 0
1.7086432 0
1.7090432 7
1.7094432 0
1.7094432 0
1.7098432 6
1.7102432 0
1.7102432 0
1.7106432 5
1.7110432 0
1.7110432 0
1.7114432 4
1.7118432 0
1.7118432 0
1.7122432 3
1.7126432 0
1.7126432 0
1.7130432 2
1.7134432 0
1.7134432 0
1.7138432 1
1.7142432 0
1.7142432 0
1.7146432 0
1.7150432 0
1.7150432 0
1.7158432 0
1.7158432 0
1.7166432 0
1.7166432 0
1.7174432 0
1.7174432 0
1.7182432 0
1.7182432 0
1.7190432 0
1.7190432 0
1.7198432 0
1.7198432 0
1.7206432 0
1.7206432 0
1.7214432 0
1.7214432 0
1.7222432 0
1.7222432 0
1.7230432 0
1.7230432 0
1.7238432 0
1.7238432 0
1.7246432 0
1.7246432 0
1.7252 0
1.7252 0
