# Time (seconds) Sequence (number) Size (bytes) Port (number) Sent(s)/Acked(a)
0.0108 0 0 1000 a
0.0316 1000 1000 1000 a
0.0324 2000 1000 1000 a
0.0532 3000 1000 1000 a
0.054 4000 1000 1000 a
0.0548 5000 1000 1000 a
0.0556 6000 1000 1000 a
0.0608 0 0 2000 a
0.0764 7000 1000 1000 a
0.0772 8000 1000 1000 a
0.078 9000 1000 1000 a
0.0788 10000 1000 1000 a
0.0796 11000 1000 1000 a
0.0804 12000 1000 1000 a
0.0812 13000 1000 1000 a
0.082 14000 1000 1000 a
0.0828 1000 1000 2000 a
0.0836 2000 1000 2000 a
0.1028 15000 1000 1000 a
0.1036 16000 1000 1000 a
0.1044 17000 1000 1000 a
0.1052 18000 1000 1000 a
0.106 19000 1000 1000 a
0.1068 20000 1000 1000 a
0.1076 21000 1000 1000 a
0.1084 22000 1000 1000 a
0.1092 23000 1000 1000 a
0.11 24000 1000 1000 a
0.1108 25000 1000 1000 a
0.1116 26000 1000 1000 a
0.1124 27000 1000 1000 a
0.1132 28000 1000 1000 a
0.114 29000 1000 1000 a
0.1148 30000 1000 1000 a
0.1156 3000 1000 2000 a
0.1164 4000 1000 2000 a
0.1172 5000 1000 2000 a
0.118 6000 1000 2000 a
0.1356 31000 1000 1000 a
0.1364 32000 1000 1000 a
0.1372 33000 1000 1000 a
0.138 34000 1000 1000 a
0.1388 35000 1000 1000 a
0.1396 36000 1000 1000 a
0.1404 37000 1000 1000 a
0.1412 38000 1000 1000 a
0.142 39000 1000 1000 a
0.1428 40000 1000 1000 a
0.1436 41000 1000 1000 a
0.1444 42000 1000 1000 a
0.1452 43000 1000 1000 a
0.146 44000 1000 1000 a
0.1468 45000 1000 1000 a
0.1476 46000 1000 1000 a
0.1484 47000 1000 1000 a
0.1492 48000 1000 1000 a
0.15 49000 1000 1000 a
0.1508 50000 1000 1000 a
0.1516 51000 1000 1000 a
0.1524 52000 1000 1000 a
0.1532 53000 1000 1000 a
0.154 54000 1000 1000 a
0.1548 55000 1000 1000 a
0.1556 56000 1000 1000 a
0.1564 57000 1000 1000 a
0.1572 58000 1000 1000 a
0.158 59000 1000 1000 a
0.1588 60000 1000 1000 a
0.1596 61000 1000 1000 a
0.1604 62000 1000 1000 a
0.1612 7000 1000 2000 a
0.162 8000 1000 2000 a
0.1628 9000 1000 2000 a
0.1636 10000 1000 2000 a
0.1644 11000 1000 2000 a
0.1652 12000 1000 2000 a
0.166 13000 1000 2000 a
0.1668 14000 1000 2000 a
0.1812 63000 1000 1000 a
0.182 64000 1000 1000 a
0.1828 65000 1000 1000 a
0.1836 66000 1000 1000 a
0.1844 67000 1000 1000 a
0.1852 68000 1000 1000 a
0.186 69000 1000 1000 a
0.1868 70000 1000 1000 a
0.1876 71000 1000 1000 a
0.1884 72000 1000 1000 a
0.1892 73000 1000 1000 a
0.19 74000 1000 1000 a
0.1908 75000 1000 1000 a
0.1916 76000 1000 1000 a
0.1924 77000 1000 1000 a
0.1932 78000 1000 1000 a
0.194 79000 1000 1000 a
0.1948 80000 1000 1000 a
0.1956 81000 1000 1000 a
0.1964 82000 1000 1000 a
0.1972 83000 1000 1000 a
0.198 84000 1000 1000 a
0.1988 85000 1000 1000 a
0.1996 86000 1000 1000 a
0.2004 87000 1000 1000 a
0.2012 88000 1000 1000 a
0.202 89000 1000 1000 a
0.2028 90000 1000 1000 a
0.2036 91000 1000 1000 a
0.2044 92000 1000 1000 a
0.2052 93000 1000 1000 a
0.206 94000 1000 1000 a
0.2068 95000 1000 1000 a
0.2076 96000 1000 1000 a
0.2084 97000 1000 1000 a
0.2092 98000 1000 1000 a
0.21 99000 1000 1000 a
0.2108 100000 1000 1000 a
0.2116 101000 1000 1000 a
0.2124 102000 1000 1000 a
0.2132 103000 1000 1000 a
0.214 104000 1000 1000 a
0.2148 105000 1000 1000 a
0.2156 106000 1000 1000 a
0.2164 107000 1000 1000 a
0.2172 108000 1000 1000 a
0.218 109000 1000 1000 a
0.2188 110000 1000 1000 a
0.2196 111000 1000 1000 a
0.2204 112000 1000 1000 a
0.2212 113000 1000 1000 a
0.222 114000 1000 1000 a
0.2228 115000 1000 1000 a
0.2236 116000 1000 1000 a
0.2244 117000 1000 1000 a
0.2252 118000 1000 1000 a
0.226 119000 1000 1000 a
0.2268 120000 1000 1000 a
0.2276 121000 1000 1000 a
0.2284 122000 1000 1000 a
0.2292 123000 1000 1000 a
0.23 124000 1000 1000 a
0.2308 125000 1000 1000 a
0.2316 126000 1000 1000 a
0.2324 15000 1000 2000 a
0.2332 16000 1000 2000 a
0.234 17000 1000 2000 a
0.2348 18000 1000 2000 a
0.2356 19000 1000 2000 a
0.2364 20000 1000 2000 a
0.2372 21000 1000 2000 a
0.238 22000 1000 2000 a
0.2388 23000 1000 2000 a
0.2396 24000 1000 2000 a
0.2404 25000 1000 2000 a
0.2412 26000 1000 2000 a
0.242 27000 1000 2000 a
0.2428 28000 1000 2000 a
0.2436 29000 1000 2000 a
0.2444 30000 1000 2000 a
0.2524 127000 1000 1000 a
0.2532 128000 1000 1000 a
0.254 129000 1000 1000 a
0.2548 130000 1000 1000 a
0.2556 131000 1000 1000 a
0.2564 132000 1000 1000 a
0.2572 133000 1000 1000 a
0.258 134000 1000 1000 a
0.2588 135000 1000 1000 a
0.2596 136000 1000 1000 a
0.2604 137000 1000 1000 a
0.2612 138000 1000 1000 a
0.262 139000 1000 1000 a
0.2628 140000 1000 1000 a
0.2636 141000 1000 1000 a
0.2644 142000 1000 1000 a
0.2652 143000 1000 1000 a
0.266 144000 1000 1000 a
0.2668 145000 1000 1000 a
0.2676 146000 1000 1000 a
0.2684 147000 1000 1000 a
0.2692 148000 1000 1000 a
0.27 149000 1000 1000 a
0.2708 150000 1000 1000 a
0.2716 151000 1000 1000 a
0.2724 152000 1000 1000 a
0.2732 153000 1000 1000 a
0.274 154000 1000 1000 a
0.2748 155000 1000 1000 a
0.2756 156000 1000 1000 a
0.2764 157000 1000 1000 a
0.2772 158000 1000 1000 a
0.278 159000 1000 1000 a
0.2788 160000 1000 1000 a
0.2796 161000 1000 1000 a
0.2804 162000 1000 1000 a
0.2812 163000 1000 1000 a
0.282 164000 1000 1000 a
0.2828 165000 1000 1000 a
0.2836 166000 1000 1000 a
0.2844 167000 1000 1000 a
0.2852 168000 1000 1000 a
0.286 169000 1000 1000 a
0.2868 170000 1000 1000 a
0.2876 171000 1000 1000 a
0.2884 172000 1000 1000 a
0.2892 173000 1000 1000 a
0.29 174000 1000 1000 a
0.2908 175000 1000 1000 a
0.2916 176000 1000 1000 a
0.2924 177000 1000 1000 a
0.2932 178000 1000 1000 a
0.294 179000 1000 1000 a
0.2948 180000 1000 1000 a
0.2956 181000 1000 1000 a
0.2964 182000 1000 1000 a
0.2972 183000 1000 1000 a
0.298 184000 1000 1000 a
0.2988 185000 1000 1000 a
0.2996 186000 1000 1000 a
0.3004 187000 1000 1000 a
0.3012 188000 1000 1000 a
0.302 189000 1000 1000 a
0.3028 190000 1000 1000 a
0.3036 191000 1000 1000 a
0.3044 192000 1000 1000 a
0.3052 193000 1000 1000 a
0.306 194000 1000 1000 a
0.3068 195000 1000 1000 a
0.3076 196000 1000 1000 a
0.3084 197000 1000 1000 a
0.3092 198000 1000 1000 a
0.31 199000 1000 1000 a
0.3108 200000 1000 1000 a
0.3116 201000 1000 1000 a
0.3124 202000 1000 1000 a
0.3132 203000 1000 1000 a
0.314 204000 1000 1000 a
0.3148 205000 1000 1000 a
0.3156 206000 1000 1000 a
0.3164 207000 1000 1000 a
0.3172 208000 1000 1000 a
0.318 209000 1000 1000 a
0.3188 210000 1000 1000 a
0.3196 211000 1000 1000 a
0.3204 212000 1000 1000 a
0.3212 213000 1000 1000 a
0.322 214000 1000 1000 a
0.3228 215000 1000 1000 a
0.3236 216000 1000 1000 a
0.3244 217000 1000 1000 a
0.3252 218000 1000 1000 a
0.326 219000 1000 1000 a
0.3268 220000 1000 1000 a
0.3276 221000 1000 1000 a
0.3284 222000 1000 1000 a
0.3292 223000 1000 1000 a
0.33 224000 1000 1000 a
0.3308 225000 1000 1000 a
0.331032 226000 1000 1000 a
0.331832 31000 1000 2000 a
0.332632 32000 1000 2000 a
0.333432 33000 1000 2000 a
0.334232 34000 1000 2000 a
0.335032 35000 1000 2000 a
0.335832 36000 1000 2000 a
0.336632 37000 1000 2000 a
0.337432 38000 1000 2000 a
0.338232 39000 1000 2000 a
0.339032 40000 1000 2000 a
0.339832 41000 1000 2000 a
0.340632 42000 1000 2000 a
0.341432 43000 1000 2000 a
0.342232 44000 1000 2000 a
0.343032 45000 1000 2000 a
0.343832 46000 1000 2000 a
0.344632 47000 1000 2000 a
0.345432 48000 1000 2000 a
0.346232 49000 1000 2000 a
0.347032 50000 1000 2000 a
0.347832 51000 1000 2000 a
0.348632 52000 1000 2000 a
0.349432 53000 1000 2000 a
0.350232 54000 1000 2000 a
0.351032 55000 1000 2000 a
0.351832 56000 1000 2000 a
0.352632 57000 1000 2000 a
0.353432 58000 1000 2000 a
0.354232 59000 1000 2000 a
0.355032 60000 1000 2000 a
0.355832 61000 1000 2000 a
0.356632 62000 1000 2000 a
0.357432 226290 290 1000 a
0.358232 227290 1000 1000 a
0.359032 228290 1000 1000 a
0.359832 229290 1000 1000 a
0.360632 230290 1000 1000 a
0.361432 231290 1000 1000 a
0.362232 232290 1000 1000 a
0.363032 233290 1000 1000 a
0.363832 234290 1000 1000 a
0.364632 235290 1000 1000 a
0.365432 236290 1000 1000 a
0.366232 237290 1000 1000 a
0.367032 238290 1000 1000 a
0.367832 239290 1000 1000 a
0.368632 240290 1000 1000 a
0.369432 241290 1000 1000 a
0.370232 242290 1000 1000 a
0.371032 243290 1000 1000 a
0.371832 244290 1000 1000 a
0.372632 245290 1000 1000 a
0.373432 246290 1000 1000 a
0.374232 247290 1000 1000 a
0.375032 248290 1000 1000 a
0.375832 249290 1000 1000 a
0.376632 250290 1000 1000 a
0.377432 251290 1000 1000 a
0.378232 252290 1000 1000 a
0.379032 253290 1000 1000 a
0.379832 254290 1000 1000 a
0.380632 255290 1000 1000 a
0.381432 256290 1000 1000 a
0.382232 257290 1000 1000 a
0.383032 258290 1000 1000 a
0.383832 259290 1000 1000 a
0.384632 260290 1000 1000 a
0.385432 261290 1000 1000 a
0.386232 262290 1000 1000 a
0.387032 263290 1000 1000 a
0.387832 264290 1000 1000 a
0.388632 265290 1000 1000 a
0.389432 266290 1000 1000 a
0.390232 267290 1000 1000 a
0.391032 268290 1000 1000 a
0.391832 269290 1000 1000 a
0.392632 270290 1000 1000 a
0.393432 271290 1000 1000 a
0.394232 272290 1000 1000 a
0.395032 273290 1000 1000 a
0.395832 274290 1000 1000 a
0.396632 275290 1000 1000 a
0.397432 276290 1000 1000 a
0.398232 277290 1000 1000 a
0.399032 278290 1000 1000 a
0.399832 279290 1000 1000 a
0.400632 280290 1000 1000 a
0.401432 281290 1000 1000 a
0.402232 282290 1000 1000 a
0.403032 283290 1000 1000 a
0.403832 284290 1000 1000 a
0.404632 285290 1000 1000 a
0.405432 286290 1000 1000 a
0.406232 287290 1000 1000 a
0.407032 288290 1000 1000 a
0.407832 289290 1000 1000 a
0.408632 290290 1000 1000 a
0.409432 291290 1000 1000 a
0.410232 292290 1000 1000 a
0.411032 293290 1000 1000 a
0.411832 294290 1000 1000 a
0.412632 295290 1000 1000 a
0.413432 296290 1000 1000 a
0.414232 297290 1000 1000 a
0.415032 298290 1000 1000 a
0.415832 299290 1000 1000 a
0.416632 300290 1000 1000 a
0.417432 301290 1000 1000 a
0.418232 302290 1000 1000 a
0.419032 303290 1000 1000 a
0.419832 304290 1000 1000 a
0.420632 305290 1000 1000 a
0.421432 306290 1000 1000 a
0.422232 307290 1000 1000 a
0.423032 308290 1000 1000 a
0.423832 309290 1000 1000 a
0.424632 310290 1000 1000 a
0.425432 311290 1000 1000 a
0.426232 312290 1000 1000 a
0.427032 313290 1000 1000 a
0.427832 314290 1000 1000 a
0.428632 315290 1000 1000 a
0.429432 316290 1000 1000 a
0.430232 317290 1000 1000 a
0.431032 318290 1000 1000 a
0.431832 319290 1000 1000 a
0.432632 320290 1000 1000 a
0.433432 321290 1000 1000 a
0.434232 322290 1000 1000 a
0.435032 323290 1000 1000 a
0.435832 324290 1000 1000 a
0.436632 325290 1000 1000 a
0.436836 326290 1000 1000 a
0.437636 63000 1000 2000 a
0.438436 64000 1000 2000 a
0.439236 65000 1000 2000 a
0.440036 66000 1000 2000 a
0.440836 67000 1000 2000 a
0.441636 68000 1000 2000 a
0.442436 69000 1000 2000 a
0.443236 70000 1000 2000 a
0.444036 71000 1000 2000 a
0.444836 72000 1000 2000 a
0.445636 73000 1000 2000 a
0.446436 74000 1000 2000 a
0.447236 75000 1000 2000 a
0.448036 76000 1000 2000 a
0.448836 77000 1000 2000 a
0.449636 78000 1000 2000 a
0.450436 79000 1000 2000 a
0.451236 80000 1000 2000 a
0.452036 81000 1000 2000 a
0.452836 82000 1000 2000 a
0.453636 83000 1000 2000 a
0.454436 84000 1000 2000 a
0.455236 85000 1000 2000 a
0.456036 86000 1000 2000 a
0.456836 87000 1000 2000 a
0.457636 88000 1000 2000 a
0.458436 89000 1000 2000 a
0.459236 90000 1000 2000 a
0.460036 91000 1000 2000 a
0.460836 92000 1000 2000 a
0.461636 93000 1000 2000 a
0.462436 94000 1000 2000 a
0.463236 95000 1000 2000 a
0.464036 96000 1000 2000 a
0.464836 97000 1000 2000 a
0.465636 98000 1000 2000 a
0.466436 99000 1000 2000 a
0.467236 100000 1000 2000 a
0.468036 101000 1000 2000 a
0.468836 102000 1000 2000 a
0.469636 103000 1000 2000 a
0.470436 104000 1000 2000 a
0.471236 105000 1000 2000 a
0.472036 106000 1000 2000 a
0.472836 107000 1000 2000 a
0.473636 108000 1000 2000 a
0.474436 109000 1000 2000 a
0.475236 110000 1000 2000 a
0.476036 111000 1000 2000 a
0.476836 112000 1000 2000 a
0.477636 113000 1000 2000 a
0.478436 114000 1000 2000 a
0.479236 115000 1000 2000 a
0.480036 116000 1000 2000 a
0.480836 117000 1000 2000 a
0.481636 118000 1000 2000 a
0.482436 119000 1000 2000 a
0.483236 120000 1000 2000 a
0.484036 121000 1000 2000 a
0.484836 122000 1000 2000 a
0.485636 123000 1000 2000 a
0.486436 124000 1000 2000 a
0.487236 125000 1000 2000 a
0.488036 126000 1000 2000 a
0.488836 326545 255 1000 a
0.489636 327545 1000 1000 a
0.490436 328545 1000 1000 a
0.491236 329545 1000 1000 a
0.492036 330545 1000 1000 a
0.492836 331545 1000 1000 a
0.493636 332545 1000 1000 a
0.494436 333545 1000 1000 a
0.495236 334545 1000 1000 a
0.496036 335545 1000 1000 a
0.496836 336545 1000 1000 a
0.497636 337545 1000 1000 a
0.498436 338545 1000 1000 a
0.499236 339545 1000 1000 a
0.500036 340545 1000 1000 a
0.500836 341545 1000 1000 a
0.501636 342545 1000 1000 a
0.502436 343545 1000 1000 a
0.503236 344545 1000 1000 a
0.504036 345545 1000 1000 a
0.504836 346545 1000 1000 a
0.505636 347545 1000 1000 a
0.506436 348545 1000 1000 a
0.507236 349545 1000 1000 a
0.508036 350545 1000 1000 a
0.508836 351545 1000 1000 a
0.509636 352545 1000 1000 a
0.510436 353545 1000 1000 a
0.511236 354545 1000 1000 a
0.512036 355545 1000 1000 a
0.512836 356545 1000 1000 a
0.513636 357545 1000 1000 a
0.514436 358545 1000 1000 a
0.515236 359545 1000 1000 a
0.516036 360545 1000 1000 a
0.516836 361545 1000 1000 a
0.517636 362545 1000 1000 a
0.518436 363545 1000 1000 a
0.519236 364545 1000 1000 a
0.520036 365545 1000 1000 a
0.520836 366545 1000 1000 a
0.521636 367545 1000 1000 a
0.522436 368545 1000 1000 a
0.523236 369545 1000 1000 a
0.524036 370545 1000 1000 a
0.524836 371545 1000 1000 a
0.525636 372545 1000 1000 a
0.526436 373545 1000 1000 a
0.527236 374545 1000 1000 a
0.528036 375545 1000 1000 a
0.528836 376545 1000 1000 a
0.529636 377545 1000 1000 a
0.530436 378545 1000 1000 a
0.531236 379545 1000 1000 a
0.532036 380545 1000 1000 a
0.532836 381545 1000 1000 a
0.533636 382545 1000 1000 a
0.534436 383545 1000 1000 a
0.535236 384545 1000 1000 a
0.536036 385545 1000 1000 a
0.536836 386545 1000 1000 a
0.537636 387545 1000 1000 a
0.538436 388545 1000 1000 a
0.539236 389545 1000 1000 a
0.540036 390545 1000 1000 a
0.540836 391545 1000 1000 a
0.541636 392545 1000 1000 a
0.542436 393545 1000 1000 a
0.543236 394545 1000 1000 a
0.544036 395545 1000 1000 a
0.544836 396545 1000 1000 a
0.545636 397545 1000 1000 a
0.546436 398545 1000 1000 a
0.547236 399545 1000 1000 a
0.548036 400545 1000 1000 a
0.548836 401545 1000 1000 a
0.549636 402545 1000 1000 a
0.550436 403545 1000 1000 a
0.551236 404545 1000 1000 a
0.552036 405545 1000 1000 a
0.552836 406545 1000 1000 a
0.553636 407545 1000 1000 a
0.554436 408545 1000 1000 a
0.555236 409545 1000 1000 a
0.556036 410545 1000 1000 a
0.556836 411545 1000 1000 a
0.557636 412545 1000 1000 a
0.558436 413545 1000 1000 a
0.559236 414545 1000 1000 a
0.560036 415545 1000 1000 a
0.560836 416545 1000 1000 a
0.561636 417545 1000 1000 a
0.562436 418545 1000 1000 a
0.563236 419545 1000 1000 a
0.564036 420545 1000 1000 a
0.564836 421545 1000 1000 a
0.565636 422545 1000 1000 a
0.566436 423545 1000 1000 a
0.567236 424545 1000 1000 a
0.568036 425545 1000 1000 a
0.568836 426545 1000 1000 a
0.5689616 427545 1000 1000 a
0.5697616 127000 1000 2000 a
0.5705616 128000 1000 2000 a
0.5713616 129000 1000 2000 a
0.5721616 130000 1000 2000 a
0.5729616 131000 1000 2000 a
0.5737616 132000 1000 2000 a
0.5745616 133000 1000 2000 a
0.5753616 134000 1000 2000 a
0.5761616 135000 1000 2000 a
0.5769616 136000 1000 2000 a
0.5777616 137000 1000 2000 a
0.5785616 138000 1000 2000 a
0.5793616 139000 1000 2000 a
0.5801616 140000 1000 2000 a
0.5809616 141000 1000 2000 a
0.5817616 142000 1000 2000 a
0.5825616 143000 1000 2000 a
0.5833616 144000 1000 2000 a
0.5841616 145000 1000 2000 a
0.5849616 146000 1000 2000 a
0.5857616 147000 1000 2000 a
0.5865616 148000 1000 2000 a
0.5873616 149000 1000 2000 a
0.5881616 150000 1000 2000 a
0.5889616 151000 1000 2000 a
0.5897616 152000 1000 2000 a
0.5905616 153000 1000 2000 a
0.5913616 154000 1000 2000 a
0.5921616 155000 1000 2000 a
0.5929616 156000 1000 2000 a
0.5937616 157000 1000 2000 a
0.5945616 158000 1000 2000 a
0.5953616 159000 1000 2000 a
0.5961616 160000 1000 2000 a
0.5969616 161000 1000 2000 a
0.5977616 162000 1000 2000 a
0.5985616 163000 1000 2000 a
0.5993616 164000 1000 2000 a
0.6001616 165000 1000 2000 a
0.6009616 166000 1000 2000 a
0.6017616 167000 1000 2000 a
0.6025616 168000 1000 2000 a
0.6033616 169000 1000 2000 a
0.6041616 170000 1000 2000 a
0.6049616 171000 1000 2000 a
0.6057616 172000 1000 2000 a
0.6065616 173000 1000 2000 a
0.6073616 174000 1000 2000 a
0.6081616 175000 1000 2000 a
0.6089616 176000 1000 2000 a
0.6097616 177000 1000 2000 a
0.6105616 178000 1000 2000 a
0.6113616 179000 1000 2000 a
0.6121616 180000 1000 2000 a
0.6129616 181000 1000 2000 a
0.6137616 182000 1000 2000 a
0.6145616 183000 1000 2000 a
0.6153616 184000 1000 2000 a
0.6161616 185000 1000 2000 a
0.6169616 186000 1000 2000 a
0.6177616 187000 1000 2000 a
0.6185616 188000 1000 2000 a
0.6193616 189000 1000 2000 a
0.6201616 190000 1000 2000 a
0.6209616 191000 1000 2000 a
0.6217616 192000 1000 2000 a
0.6225616 193000 1000 2000 a
0.6233616 194000 1000 2000 a
0.6241616 195000 1000 2000 a
0.6249616 196000 1000 2000 a
0.6257616 197000 1000 2000 a
0.6265616 198000 1000 2000 a
0.6273616 199000 1000 2000 a
0.6281616 200000 1000 2000 a
0.6289616 201000 1000 2000 a
0.6297616 202000 1000 2000 a
0.6305616 203000 1000 2000 a
0.6313616 204000 1000 2000 a
0.6321616 205000 1000 2000 a
0.6329616 206000 1000 2000 a
0.6337616 207000 1000 2000 a
0.6345616 208000 1000 2000 a
0.6353616 209000 1000 2000 a
0.6361616 210000 1000 2000 a
0.6369616 211000 1000 2000 a
0.6377616 212000 1000 2000 a
0.6385616 213000 1000 2000 a
0.6393616 214000 1000 2000 a
0.6401616 215000 1000 2000 a
0.6409616 216000 1000 2000 a
0.6417616 217000 1000 2000 a
0.6425616 218000 1000 2000 a
0.6433616 219000 1000 2000 a
0.6441616 220000 1000 2000 a
0.6449616 221000 1000 2000 a
0.6457616 222000 1000 2000 a
0.6465616 223000 1000 2000 a
0.6473616 224000 1000 2000 a
0.6481616 225000 1000 2000 a
0.6483936 226000 1000 2000 a
0.6491936 427702 157 1000 a
0.6499936 428702 1000 1000 a
0.6507936 429702 1000 1000 a
0.6515936 430702 1000 1000 a
0.6523936 431702 1000 1000 a
0.6531936 432702 1000 1000 a
0.6539936 433702 1000 1000 a
0.6547936 434702 1000 1000 a
0.6555936 435702 1000 1000 a
0.6563936 436702 1000 1000 a
0.6571936 437702 1000 1000 a
0.6579936 438702 1000 1000 a
0.6587936 439702 1000 1000 a
0.6595936 440702 1000 1000 a
0.6603936 441702 1000 1000 a
0.6611936 442702 1000 1000 a
0.6619936 443702 1000 1000 a
0.6627936 444702 1000 1000 a
0.6635936 445702 1000 1000 a
0.6643936 446702 1000 1000 a
0.6651936 447702 1000 1000 a
0.6659936 448702 1000 1000 a
0.6667936 449702 1000 1000 a
0.6675936 450702 1000 1000 a
0.6683936 451702 1000 1000 a
0.6691936 452702 1000 1000 a
0.6699936 453702 1000 1000 a
0.6707936 454702 1000 1000 a
0.6715936 455702 1000 1000 a
0.6723936 456702 1000 1000 a
0.6731936 457702 1000 1000 a
0.6739936 458702 1000 1000 a
0.6747936 459702 1000 1000 a
0.6755936 460702 1000 1000 a
0.6763936 461702 1000 1000 a
0.6771936 462702 1000 1000 a
0.6779936 463702 1000 1000 a
0.6787936 464702 1000 1000 a
0.6795936 465702 1000 1000 a
0.6803936 466702 1000 1000 a
0.6811936 467702 1000 1000 a
0.6819936 468702 1000 1000 a
0.6827936 469702 1000 1000 a
0.6835936 470702 1000 1000 a
0.6843936 471702 1000 1000 a
0.6851936 472702 1000 1000 a
0.6859936 473702 1000 1000 a
0.6867936 474702 1000 1000 a
0.6875936 475702 1000 1000 a
0.6883936 476702 1000 1000 a
0.6891936 477702 1000 1000 a
0.6899936 478702 1000 1000 a
0.6907936 479702 1000 1000 a
0.6915936 480702 1000 1000 a
0.6923936 481702 1000 1000 a
0.6931936 482702 1000 1000 a
0.6939936 483702 1000 1000 a
0.6947936 484702 1000 1000 a
0.6955936 485702 1000 1000 a
0.6963936 486702 1000 1000 a
0.6971936 487702 1000 1000 a
0.6979936 488702 1000 1000 a
0.6987936 489702 1000 1000 a
0.6995936 490702 1000 1000 a
0.7003936 491702 1000 1000 a
0.7011936 492702 1000 1000 a
0.7019936 493702 1000 1000 a
0.7027936 494702 1000 1000 a
0.7035936 495702 1000 1000 a
0.7043936 496702 1000 1000 a
0.7051936 497702 1000 1000 a
0.7059936 498702 1000 1000 a
0.7067936 499702 1000 1000 a
0.7075936 500702 1000 1000 a
0.7083936 501702 1000 1000 a
0.7091936 502702 1000 1000 a
0.7099936 503702 1000 1000 a
0.7107936 504702 1000 1000 a
0.7115936 505702 1000 1000 a
0.7123936 506702 1000 1000 a
0.7131936 507702 1000 1000 a
0.7139936 508702 1000 1000 a
0.7147936 509702 1000 1000 a
0.7155936 510702 1000 1000 a
0.7163936 511702 1000 1000 a
0.7171936 512702 1000 1000 a
0.7179936 513702 1000 1000 a
0.7187936 514702 1000 1000 a
0.7195936 515702 1000 1000 a
0.7203936 516702 1000 1000 a
0.7211936 517702 1000 1000 a
0.7219936 518702 1000 1000 a
0.7227936 519702 1000 1000 a
0.7235936 520702 1000 1000 a
0.7243936 521702 1000 1000 a
0.7251936 522702 1000 1000 a
0.7259936 523702 1000 1000 a
0.7267936 524702 1000 1000 a
0.7275936 525702 1000 1000 a
0.7283936 526702 1000 1000 a
0.7291936 527702 1000 1000 a
0.7299936 528702 1000 1000 a
0.7300472 529702 1000 1000 a
0.7308472 226290 290 2000 a
0.7316472 227290 1000 2000 a
0.7324472 228290 1000 2000 a
0.7332472 229290 1000 2000 a
0.7340472 230290 1000 2000 a
0.7348472 231290 1000 2000 a
0.7356472 232290 1000 2000 a
0.7364472 233290 1000 2000 a
0.7372472 234290 1000 2000 a
0.7380472 235290 1000 2000 a
0.7388472 236290 1000 2000 a
0.7396472 237290 1000 2000 a
0.7404472 238290 1000 2000 a
0.7412472 239290 1000 2000 a
0.7420472 240290 1000 2000 a
0.7428472 241290 1000 2000 a
0.7436472 242290 1000 2000 a
0.7444472 243290 1000 2000 a
0.7452472 244290 1000 2000 a
0.7460472 245290 1000 2000 a
0.7468472 246290 1000 2000 a
0.7476472 247290 1000 2000 a
0.7484472 248290 1000 2000 a
0.7492472 249290 1000 2000 a
0.7500472 250290 1000 2000 a
0.7508472 251290 1000 2000 a
0.7516472 252290 1000 2000 a
0.7524472 253290 1000 2000 a
0.7532472 254290 1000 2000 a
0.7540472 255290 1000 2000 a
0.7548472 256290 1000 2000 a
0.7556472 257290 1000 2000 a
0.7564472 258290 1000 2000 a
0.7572472 259290 1000 2000 a
0.7580472 260290 1000 2000 a
0.7588472 261290 1000 2000 a
0.7596472 262290 1000 2000 a
0.7604472 263290 1000 2000 a
0.7612472 264290 1000 2000 a
0.7620472 265290 1000 2000 a
0.7628472 266290 1000 2000 a
0.7636472 267290 1000 2000 a
0.7644472 268290 1000 2000 a
0.7652472 269290 1000 2000 a
0.7660472 270290 1000 2000 a
0.7668472 271290 1000 2000 a
0.7676472 272290 1000 2000 a
0.7684472 273290 1000 2000 a
0.7692472 274290 1000 2000 a
0.7700472 275290 1000 2000 a
0.7708472 276290 1000 2000 a
0.7716472 277290 1000 2000 a
0.7724472 278290 1000 2000 a
0.7732472 279290 1000 2000 a
0.7740472 280290 1000 2000 a
0.7748472 281290 1000 2000 a
0.7756472 282290 1000 2000 a
0.7764472 283290 1000 2000 a
0.7772472 284290 1000 2000 a
0.7780472 285290 1000 2000 a
0.7788472 286290 1000 2000 a
0.7796472 287290 1000 2000 a
0.7804472 288290 1000 2000 a
0.7812472 289290 1000 2000 a
0.7820472 290290 1000 2000 a
0.7828472 291290 1000 2000 a
0.7836472 292290 1000 2000 a
0.7844472 293290 1000 2000 a
0.7852472 294290 1000 2000 a
0.7860472 295290 1000 2000 a
0.7868472 296290 1000 2000 a
0.7876472 297290 1000 2000 a
0.7884472 298290 1000 2000 a
0.7892472 299290 1000 2000 a
0.7900472 300290 1000 2000 a
0.7908472 301290 1000 2000 a
0.7916472 302290 1000 2000 a
0.7924472 303290 1000 2000 a
0.7932472 304290 1000 2000 a
0.7940472 305290 1000 2000 a
0.7948472 306290 1000 2000 a
0.7956472 307290 1000 2000 a
0.7964472 308290 1000 2000 a
0.7972472 309290 1000 2000 a
0.7980472 310290 1000 2000 a
0.7988472 311290 1000 2000 a
0.7996472 312290 1000 2000 a
0.8004472 313290 1000 2000 a
0.8012472 314290 1000 2000 a
0.8020472 315290 1000 2000 a
0.8028472 316290 1000 2000 a
0.8036472 317290 1000 2000 a
0.8044472 318290 1000 2000 a
0.8052472 319290 1000 2000 a
0.8060472 320290 1000 2000 a
0.8068472 321290 1000 2000 a
0.8076472 322290 1000 2000 a
0.8084472 323290 1000 2000 a
0.8092472 324290 1000 2000 a
0.8100472 325290 1000 2000 a
0.8102512 326290 1000 2000 a
0.8110512 529769 67 1000 a
0.8118512 530769 1000 1000 a
0.8126512 531769 1000 1000 a
0.8134512 532769 1000 1000 a
0.8142512 533769 1000 1000 a
0.8150512 534769 1000 1000 a
0.8158512 535769 1000 1000 a
0.8166512 536769 1000 1000 a
0.8174512 537769 1000 1000 a
0.8182512 538769 1000 1000 a
0.8190512 539769 1000 1000 a
0.8198512 540769 1000 1000 a
0.8206512 541769 1000 1000 a
0.8214512 542769 1000 1000 a
0.8222512 543769 1000 1000 a
0.8230512 544769 1000 1000 a
0.8238512 545769 1000 1000 a
0.8246512 546769 1000 1000 a
0.8254512 547769 1000 1000 a
0.8262512 548769 1000 1000 a
0.8270512 549769 1000 1000 a
0.8278512 550769 1000 1000 a
0.8286512 551769 1000 1000 a
0.8294512 552769 1000 1000 a
0.8302512 553769 1000 1000 a
0.8310512 554769 1000 1000 a
0.8318512 555769 1000 1000 a
0.8326512 556769 1000 1000 a
0.8334512 557769 1000 1000 a
0.8342512 558769 1000 1000 a
0.8350512 559769 1000 1000 a
0.8358512 560769 1000 1000 a
0.8366512 561769 1000 1000 a
0.8374512 562769 1000 1000 a
0.8382512 563769 1000 1000 a
0.8390512 564769 1000 1000 a
0.8398512 565769 1000 1000 a
0.8406512 566769 1000 1000 a
0.8414512 567769 1000 1000 a
0.8422512 568769 1000 1000 a
0.8430512 569769 1000 1000 a
0.8438512 570769 1000 1000 a
0.8446512 571769 1000 1000 a
0.8454512 572769 1000 1000 a
0.8462512 573769 1000 1000 a
0.8470512 574769 1000 1000 a
0.8478512 575769 1000 1000 a
0.8486512 576769 1000 1000 a
0.8494512 577769 1000 1000 a
0.8502512 578769 1000 1000 a
0.8510512 579769 1000 1000 a
0.8518512 580769 1000 1000 a
0.8526512 581769 1000 1000 a
0.8534512 582769 1000 1000 a
0.8542512 583769 1000 1000 a
0.8550512 584769 1000 1000 a
0.8558512 585769 1000 1000 a
0.8566512 586769 1000 1000 a
0.8574512 587769 1000 1000 a
0.8582512 588769 1000 1000 a
0.8590512 589769 1000 1000 a
0.8598512 590769 1000 1000 a
0.8606512 591769 1000 1000 a
0.8614512 592769 1000 1000 a
0.8622512 593769 1000 1000 a
0.8630512 594769 1000 1000 a
0.8638512 595769 1000 1000 a
0.8646512 596769 1000 1000 a
0.8654512 597769 1000 1000 a
0.8662512 598769 1000 1000 a
0.8670512 599769 1000 1000 a
0.8678512 600769 1000 1000 a
0.8686512 601769 1000 1000 a
0.8694512 602769 1000 1000 a
0.8702512 603769 1000 1000 a
0.8710512 604769 1000 1000 a
0.8718512 605769 1000 1000 a
0.8726512 606769 1000 1000 a
0.8734512 607769 1000 1000 a
0.8742512 608769 1000 1000 a
0.8750512 609769 1000 1000 a
0.8758512 610769 1000 1000 a
0.8766512 611769 1000 1000 a
0.8774512 612769 1000 1000 a
0.8782512 613769 1000 1000 a
0.8790512 614769 1000 1000 a
0.8798512 615769 1000 1000 a
0.8806512 616769 1000 1000 a
0.8814512 617769 1000 1000 a
0.8822512 618769 1000 1000 a
0.8830512 619769 1000 1000 a
0.8838512 620769 1000 1000 a
0.8846512 621769 1000 1000 a
0.8854512 622769 1000 1000 a
0.8862512 623769 1000 1000 a
0.8870512 624769 1000 1000 a
0.8878512 625769 1000 1000 a
0.8886512 626769 1000 1000 a
0.8894512 627769 1000 1000 a
0.8902512 628769 1000 1000 a
0.8910512 629769 1000 1000 a
0.8918512 630769 1000 1000 a
0.8926392 631769 1000 1000 a
0.8934392 326545 255 2000 a
0.8942392 327545 1000 2000 a
0.8950392 328545 1000 2000 a
0.8958392 329545 1000 2000 a
0.8966392 330545 1000 2000 a
0.8974392 331545 1000 2000 a
0.8982392 332545 1000 2000 a
0.8990392 333545 1000 2000 a
0.8998392 334545 1000 2000 a
0.9006392 335545 1000 2000 a
0.9014392 336545 1000 2000 a
0.9022392 337545 1000 2000 a
0.9030392 338545 1000 2000 a
0.9038392 339545 1000 2000 a
0.9046392 340545 1000 2000 a
0.9054392 341545 1000 2000 a
0.9062392 342545 1000 2000 a
0.9070392 343545 1000 2000 a
0.9078392 344545 1000 2000 a
0.9086392 345545 1000 2000 a
0.9094392 346545 1000 2000 a
0.9102392 347545 1000 2000 a
0.9110392 348545 1000 2000 a
0.9118392 349545 1000 2000 a
0.9126392 350545 1000 2000 a
0.9134392 351545 1000 2000 a
0.9142392 352545 1000 2000 a
0.9150392 353545 1000 2000 a
0.9158392 354545 1000 2000 a
0.9166392 355545 1000 2000 a
0.9174392 356545 1000 2000 a
0.9182392 357545 1000 2000 a
0.9190392 358545 1000 2000 a
0.9198392 359545 1000 2000 a
0.9206392 360545 1000 2000 a
0.9214392 361545 1000 2000 a
0.9222392 362545 1000 2000 a
0.9230392 363545 1000 2000 a
0.9238392 364545 1000 2000 a
0.9246392 365545 1000 2000 a
0.9254392 366545 1000 2000 a
0.9262392 367545 1000 2000 a
0.9270392 368545 1000 2000 a
0.9278392 369545 1000 2000 a
0.9286392 370545 1000 2000 a
0.9294392 371545 1000 2000 a
0.9302392 372545 1000 2000 a
0.9310392 373545 1000 2000 a
0.9318392 374545 1000 2000 a
0.9326392 375545 1000 2000 a
0.9334392 376545 1000 2000 a
0.9342392 377545 1000 2000 a
0.9350392 378545 1000 2000 a
0.9358392 379545 1000 2000 a
0.9366392 380545 1000 2000 a
0.9374392 381545 1000 2000 a
0.9382392 382545 1000 2000 a
0.9390392 383545 1000 2000 a
0.9398392 384545 1000 2000 a
0.9406392 385545 1000 2000 a
0.9414392 386545 1000 2000 a
0.9422392 387545 1000 2000 a
0.9430392 388545 1000 2000 a
0.9438392 389545 1000 2000 a
0.9446392 390545 1000 2000 a
0.9454392 391545 1000 2000 a
0.9462392 392545 1000 2000 a
0.9470392 393545 1000 2000 a
0.9478392 394545 1000 2000 a
0.9486392 395545 1000 2000 a
0.9494392 396545 1000 2000 a
0.9502392 397545 1000 2000 a
0.9510392 398545 1000 2000 a
0.9518392 399545 1000 2000 a
0.9526392 400545 1000 2000 a
0.9534392 401545 1000 2000 a
0.9542392 402545 1000 2000 a
0.9550392 403545 1000 2000 a
0.9558392 404545 1000 2000 a
0.9566392 405545 1000 2000 a
0.9574392 406545 1000 2000 a
0.9582392 407545 1000 2000 a
0.9590392 408545 1000 2000 a
0.9598392 409545 1000 2000 a
0.9606392 410545 1000 2000 a
0.9614392 411545 1000 2000 a
0.9622392 412545 1000 2000 a
0.9630392 413545 1000 2000 a
0.9638392 414545 1000 2000 a
0.9646392 415545 1000 2000 a
0.9654392 416545 1000 2000 a
0.9662392 417545 1000 2000 a
0.9670392 418545 1000 2000 a
0.9678392 419545 1000 2000 a
0.9686392 420545 1000 2000 a
0.9694392 421545 1000 2000 a
0.9702392 422545 1000 2000 a
0.9710392 423545 1000 2000 a
0.9718392 424545 1000 2000 a
0.9726392 425545 1000 2000 a
0.9734392 426545 1000 2000 a
0.9735648 427545 1000 2000 a
0.9743648 632754 985 1000 a
0.9751648 633754 1000 1000 a
0.9759648 634754 1000 1000 a
0.9767648 635754 1000 1000 a
0.9775648 636754 1000 1000 a
0.9783648 637754 1000 1000 a
0.9791648 638754 1000 1000 a
0.9799648 639754 1000 1000 a
0.9807648 640754 1000 1000 a
0.9815648 641754 1000 1000 a
0.9823648 642754 1000 1000 a
0.9831648 643754 1000 1000 a
0.9839648 644754 1000 1000 a
0.9847648 645754 1000 1000 a
0.9855648 646754 1000 1000 a
0.9863648 647754 1000 1000 a
0.9871648 648754 1000 1000 a
0.9879648 649754 1000 1000 a
0.9887648 650754 1000 1000 a
0.9895648 651754 1000 1000 a
0.9903648 652754 1000 1000 a
0.9911648 653754 1000 1000 a
0.9919648 654754 1000 1000 a
0.9927648 655754 1000 1000 a
0.9935648 656754 1000 1000 a
0.9943648 657754 1000 1000 a
0.9951648 658754 1000 1000 a
0.9959648 659754 1000 1000 a
0.9967648 660754 1000 1000 a
0.9975648 661754 1000 1000 a
0.9983648 662754 1000 1000 a
0.9991648 663754 1000 1000 a
0.9999648 664754 1000 1000 a
1.0007648 665754 1000 1000 a
1.0015648 666754 1000 1000 a
1.0023648 667754 1000 1000 a
1.0031648 668754 1000 1000 a
1.0039648 669754 1000 1000 a
1.0047648 670754 1000 1000 a
1.0055648 671754 1000 1000 a
1.0063648 672754 1000 1000 a
1.0071648 673754 1000 1000 a
1.0079648 674754 1000 1000 a
1.0087648 675754 1000 1000 a
1.0095648 676754 1000 1000 a
1.0103648 677754 1000 1000 a
1.0111648 678754 1000 1000 a
1.0119648 679754 1000 1000 a
1.0127648 680754 1000 1000 a
1.0135648 681754 1000 1000 a
1.0143648 682754 1000 1000 a
1.0151648 683754 1000 1000 a
1.0159648 684754 1000 1000 a
1.0167648 685754 1000 1000 a
1.0175648 686754 1000 1000 a
1.0183648 687754 1000 1000 a
1.0191648 688754 1000 1000 a
1.0199648 689754 1000 1000 a
1.0207648 690754 1000 1000 a
1.0215648 691754 1000 1000 a
1.0223648 692754 1000 1000 a
1.0231648 693754 1000 1000 a
1.0239648 694754 1000 1000 a
1.0247648 695754 1000 1000 a
1.0255648 696754 1000 1000 a
1.0263648 697754 1000 1000 a
1.0271648 698754 1000 1000 a
1.0279648 699754 1000 1000 a
1.0287648 700754 1000 1000 a
1.0295648 701754 1000 1000 a
1.0303648 702754 1000 1000 a
1.0311648 703754 1000 1000 a
1.0319648 704754 1000 1000 a
1.0327648 705754 1000 1000 a
1.0335648 706754 1000 1000 a
1.0343648 707754 1000 1000 a
1.0351648 708754 1000 1000 a
1.0359648 709754 1000 1000 a
1.0367648 710754 1000 1000 a
1.0375648 711754 1000 1000 a
1.0383648 712754 1000 1000 a
1.0391648 713754 1000 1000 a
1.0399648 714754 1000 1000 a
1.0407648 715754 1000 1000 a
1.0415648 716754 1000 1000 a
1.0423648 717754 1000 1000 a
1.0431648 718754 1000 1000 a
1.0439648 719754 1000 1000 a
1.0447648 720754 1000 1000 a
1.0455648 721754 1000 1000 a
1.0463648 722754 1000 1000 a
1.0471648 723754 1000 1000 a
1.0479648 724754 1000 1000 a
1.0487648 725754 1000 1000 a
1.0495648 726754 1000 1000 a
1.0503648 727754 1000 1000 a
1.0511648 728754 1000 1000 a
1.0519648 729754 1000 1000 a
1.0527648 730754 1000 1000 a
1.0535648 731754 1000 1000 a
1.0543648 732754 1000 1000 a
1.0551648 733754 1000 1000 a
1.0559648 734754 1000 1000 a
1.0566944 735754 1000 1000 a
1.0574944 427702 157 2000 a
1.0582944 428702 1000 2000 a
1.0590944 429702 1000 2000 a
1.0598944 430702 1000 2000 a
1.0606944 431702 1000 2000 a
1.0614944 432702 1000 2000 a
1.0622944 433702 1000 2000 a
1.0630944 434702 1000 2000 a
1.0638944 435702 1000 2000 a
1.0646944 436702 1000 2000 a
1.0654944 437702 1000 2000 a
1.0662944 438702 1000 2000 a
1.0670944 439702 1000 2000 a
1.0678944 440702 1000 2000 a
1.0686944 441702 1000 2000 a
1.0694944 442702 1000 2000 a
1.0702944 443702 1000 2000 a
1.0710944 444702 1000 2000 a
1.0718944 445702 1000 2000 a
1.0726944 446702 1000 2000 a
1.0734944 447702 1000 2000 a
1.0742944 448702 1000 2000 a
1.0750944 449702 1000 2000 a
1.0758944 450702 1000 2000 a
1.0766944 451702 1000 2000 a
1.0774944 452702 1000 2000 a
1.0782944 453702 1000 2000 a
1.0790944 454702 1000 2000 a
1.0798944 455702 1000 2000 a
1.0806944 456702 1000 2000 a
1.0814944 457702 1000 2000 a
1.0822944 458702 1000 2000 a
1.0830944 459702 1000 2000 a
1.0838944 460702 1000 2000 a
1.0846944 461702 1000 2000 a
1.0854944 462702 1000 2000 a
1.0862944 463702 1000 2000 a
1.0870944 464702 1000 2000 a
1.0878944 465702 1000 2000 a
1.0886944 466702 1000 2000 a
1.0894944 467702 1000 2000 a
1.0902944 468702 1000 2000 a
1.0910944 469702 1000 2000 a
1.0918944 470702 1000 2000 a
1.0926944 471702 1000 2000 a
1.0934944 472702 1000 2000 a
1.0942944 473702 1000 2000 a
1.0950944 474702 1000 2000 a
1.0958944 475702 1000 2000 a
1.0966944 476702 1000 2000 a
1.0974944 477702 1000 2000 a
1.0982944 478702 1000 2000 a
1.0990944 479702 1000 2000 a
1.0998944 480702 1000 2000 a
1.1006944 481702 1000 2000 a
1.1014944 482702 1000 2000 a
1.1022944 483702 1000 2000 a
1.1030944 484702 1000 2000 a
1.1038944 485702 1000 2000 a
1.1046944 486702 1000 2000 a
1.1054944 487702 1000 2000 a
1.1062944 488702 1000 2000 a
1.1070944 489702 1000 2000 a
1.1078944 490702 1000 2000 a
1.1086944 491702 1000 2000 a
1.1094944 492702 1000 2000 a
1.1102944 493702 1000 2000 a
1.1110944 494702 1000 2000 a
1.1118944 495702 1000 2000 a
1.1126944 496702 1000 2000 a
1.1134944 497702 1000 2000 a
1.1142944 498702 1000 2000 a
1.1150944 499702 1000 2000 a
1.1158944 500702 1000 2000 a
1.1166944 501702 1000 2000 a
1.1174944 502702 1000 2000 a
1.1182944 503702 1000 2000 a
1.1190944 504702 1000 2000 a
1.1198944 505702 1000 2000 a
1.1206944 506702 1000 2000 a
1.1214944 507702 1000 2000 a
1.1222944 508702 1000 2000 a
1.1230944 509702 1000 2000 a
1.1238944 510702 1000 2000 a
1.1246944 511702 1000 2000 a
1.1254944 512702 1000 2000 a
1.1262944 513702 1000 2000 a
1.1270944 514702 1000 2000 a
1.1278944 515702 1000 2000 a
1.1286944 516702 1000 2000 a
1.1294944 517702 1000 2000 a
1.1302944 518702 1000 2000 a
1.1310944 519702 1000 2000 a
1.1318944 520702 1000 2000 a
1.1326944 521702 1000 2000 a
1.1334944 522702 1000 2000 a
1.1342944 523702 1000 2000 a
1.1350944 524702 1000 2000 a
1.1358944 525702 1000 2000 a
1.1366944 526702 1000 2000 a
1.1374944 527702 1000 2000 a
1.1382944 528702 1000 2000 a
1.138348 529702 1000 2000 a
1.139148 736666 912 1000 a
1.139948 737666 1000 1000 a
1.140748 738666 1000 1000 a
1.141548 739666 1000 1000 a
1.142348 740666 1000 1000 a
1.143148 741666 1000 1000 a
1.143948 742666 1000 1000 a
1.144748 743666 1000 1000 a
1.145548 744666 1000 1000 a
1.146348 745666 1000 1000 a
1.147148 746666 1000 1000 a
1.147948 747666 1000 1000 a
1.148748 748666 1000 1000 a
1.149548 749666 1000 1000 a
1.150348 750666 1000 1000 a
1.151148 751666 1000 1000 a
1.151948 752666 1000 1000 a
1.152748 753666 1000 1000 a
1.153548 754666 1000 1000 a
1.154348 755666 1000 1000 a
1.155148 756666 1000 1000 a
1.155948 757666 1000 1000 a
1.156748 758666 1000 1000 a
1.157548 759666 1000 1000 a
1.158348 760666 1000 1000 a
1.159148 761666 1000 1000 a
1.159948 762666 1000 1000 a
1.160748 763666 1000 1000 a
1.161548 764666 1000 1000 a
1.162348 765666 1000 1000 a
1.163148 766666 1000 1000 a
1.163948 767666 1000 1000 a
1.164748 768666 1000 1000 a
1.165548 769666 1000 1000 a
1.166348 770666 1000 1000 a
1.167148 771666 1000 1000 a
1.167948 772666 1000 1000 a
1.168748 773666 1000 1000 a
1.169548 774666 1000 1000 a
1.170348 775666 1000 1000 a
1.171148 776666 1000 1000 a
1.171948 777666 1000 1000 a
1.172748 778666 1000 1000 a
1.173548 779666 1000 1000 a
1.174348 780666 1000 1000 a
1.175148 781666 1000 1000 a
1.175948 782666 1000 1000 a
1.176748 783666 1000 1000 a
1.177548 784666 1000 1000 a
1.178348 785666 1000 1000 a
1.179148 786666 1000 1000 a
1.179948 787666 1000 1000 a
1.180748 788666 1000 1000 a
1.181548 789666 1000 1000 a
1.182348 790666 1000 1000 a
1.183148 791666 1000 1000 a
1.183948 792666 1000 1000 a
1.184748 793666 1000 1000 a
1.185548 794666 1000 1000 a
1.186348 795666 1000 1000 a
1.187148 796666 1000 1000 a
1.187948 797666 1000 1000 a
1.188748 798666 1000 1000 a
1.189548 799666 1000 1000 a
1.190348 800666 1000 1000 a
1.191148 801666 1000 1000 a
1.191948 802666 1000 1000 a
1.192748 803666 1000 1000 a
1.193548 804666 1000 1000 a
1.194348 805666 1000 1000 a
1.195148 806666 1000 1000 a
1.195948 807666 1000 1000 a
1.196748 808666 1000 1000 a
1.197548 809666 1000 1000 a
1.198348 810666 1000 1000 a
1.199148 811666 1000 1000 a
1.199948 812666 1000 1000 a
1.200748 813666 1000 1000 a
1.201548 814666 1000 1000 a
1.202348 815666 1000 1000 a
1.203148 816666 1000 1000 a
1.203948 817666 1000 1000 a
1.204748 818666 1000 1000 a
1.205548 819666 1000 1000 a
1.206348 820666 1000 1000 a
1.207148 821666 1000 1000 a
1.207948 822666 1000 1000 a
1.208748 823666 1000 1000 a
1.209548 824666 1000 1000 a
1.210348 825666 1000 1000 a
1.211148 826666 1000 1000 a
1.211948 827666 1000 1000 a
1.212748 828666 1000 1000 a
1.213548 829666 1000 1000 a
1.214348 830666 1000 1000 a
1.215148 831666 1000 1000 a
1.215948 832666 1000 1000 a
1.216748 833666 1000 1000 a
1.217548 834666 1000 1000 a
1.218348 835666 1000 1000 a
1.219148 836666 1000 1000 a
1.219948 837666 1000 1000 a
1.220748 838666 1000 1000 a
1.221548 839666 1000 1000 a
1.2222256 840666 1000 1000 a
1.2230256 529769 67 2000 a
1.2238256 530769 1000 2000 a
1.2246256 531769 1000 2000 a
1.2254256 532769 1000 2000 a
1.2262256 533769 1000 2000 a
1.2270256 534769 1000 2000 a
1.2278256 535769 1000 2000 a
1.2286256 536769 1000 2000 a
1.2294256 537769 1000 2000 a
1.2302256 538769 1000 2000 a
1.2310256 539769 1000 2000 a
1.2318256 540769 1000 2000 a
1.2326256 541769 1000 2000 a
1.2334256 542769 1000 2000 a
1.2342256 543769 1000 2000 a
1.2350256 544769 1000 2000 a
1.2358256 545769 1000 2000 a
1.2366256 546769 1000 2000 a
1.2374256 547769 1000 2000 a
1.2382256 548769 1000 2000 a
1.2390256 549769 1000 2000 a
1.2398256 550769 1000 2000 a
1.2406256 551769 1000 2000 a
1.2414256 552769 1000 2000 a
1.2422256 553769 1000 2000 a
1.2430256 554769 1000 2000 a
1.2438256 555769 1000 2000 a
1.2446256 556769 1000 2000 a
1.2454256 557769 1000 2000 a
1.2462256 558769 1000 2000 a
1.2470256 559769 1000 2000 a
1.2478256 560769 1000 2000 a
1.2486256 561769 1000 2000 a
1.2494256 562769 1000 2000 a
1.2502256 563769 1000 2000 a
1.2510256 564769 1000 2000 a
1.2518256 565769 1000 2000 a
1.2526256 566769 1000 2000 a
1.2534256 567769 1000 2000 a
1.2542256 568769 1000 2000 a
1.2550256 569769 1000 2000 a
1.2558256 570769 1000 2000 a
1.2566256 571769 1000 2000 a
1.2574256 572769 1000 2000 a
1.2582256 573769 1000 2000 a
1.2590256 574769 1000 2000 a
1.2598256 575769 1000 2000 a
1.2606256 576769 1000 2000 a
1.2614256 577769 1000 2000 a
1.2622256 578769 1000 2000 a
1.2630256 579769 1000 2000 a
1.2638256 580769 1000 2000 a
1.2646256 581769 1000 2000 a
1.2654256 582769 1000 2000 a
1.2662256 583769 1000 2000 a
1.2670256 584769 1000 2000 a
1.2678256 585769 1000 2000 a
1.2686256 586769 1000 2000 a
1.2694256 587769 1000 2000 a
1.2702256 588769 1000 2000 a
1.2710256 589769 1000 2000 a
1.2718256 590769 1000 2000 a
1.2726256 591769 1000 2000 a
1.2734256 592769 1000 2000 a
1.2742256 593769 1000 2000 a
1.2750256 594769 1000 2000 a
1.2758256 595769 1000 2000 a
1.2766256 596769 1000 2000 a
1.2774256 597769 1000 2000 a
1.2782256 598769 1000 2000 a
1.2790256 599769 1000 2000 a
1.2798256 600769 1000 2000 a
1.2806256 601769 1000 2000 a
1.2814256 602769 1000 2000 a
1.2822256 603769 1000 2000 a
1.2830256 604769 1000 2000 a
1.2838256 605769 1000 2000 a
1.2846256 606769 1000 2000 a
1.2854256 607769 1000 2000 a
1.2862256 608769 1000 2000 a
1.2870256 609769 1000 2000 a
1.2878256 610769 1000 2000 a
1.2886256 611769 1000 2000 a
1.2894256 612769 1000 2000 a
1.2902256 613769 1000 2000 a
1.2910256 614769 1000 2000 a
1.2918256 615769 1000 2000 a
1.2926256 616769 1000 2000 a
1.2934256 617769 1000 2000 a
1.2942256 618769 1000 2000 a
1.2950256 619769 1000 2000 a
1.2958256 620769 1000 2000 a
1.2966256 621769 1000 2000 a
1.2974256 622769 1000 2000 a
1.2982256 623769 1000 2000 a
1.2990256 624769 1000 2000 a
1.2998256 625769 1000 2000 a
1.3006256 626769 1000 2000 a
1.3014256 627769 1000 2000 a
1.3022256 628769 1000 2000 a
1.3030256 629769 1000 2000 a
1.3038256 630769 1000 2000 a
1.3046136 631769 1000 2000 a
1.3054136 841513 847 1000 a
1.3062136 842513 1000 1000 a
1.3070136 843513 1000 1000 a
1.3078136 844513 1000 1000 a
1.3086136 845513 1000 1000 a
1.3094136 846513 1000 1000 a
1.3102136 847513 1000 1000 a
1.3110136 848513 1000 1000 a
1.3118136 849513 1000 1000 a
1.3126136 850513 1000 1000 a
1.3134136 851513 1000 1000 a
1.3142136 852513 1000 1000 a
1.3150136 853513 1000 1000 a
1.3158136 854513 1000 1000 a
1.3166136 855513 1000 1000 a
1.3174136 856513 1000 1000 a
1.3182136 857513 1000 1000 a
1.3190136 858513 1000 1000 a
1.3198136 859513 1000 1000 a
1.3206136 860513 1000 1000 a
1.3214136 861513 1000 1000 a
1.3222136 862513 1000 1000 a
1.3230136 863513 1000 1000 a
1.3238136 864513 1000 1000 a
1.3246136 865513 1000 1000 a
1.3254136 866513 1000 1000 a
1.3262136 867513 1000 1000 a
1.3270136 868513 1000 1000 a
1.3278136 869513 1000 1000 a
1.3286136 870513 1000 1000 a
1.3294136 871513 1000 1000 a
1.3302136 872513 1000 1000 a
1.3310136 873513 1000 1000 a
1.3318136 874513 1000 1000 a
1.3326136 875513 1000 1000 a
1.3334136 876513 1000 1000 a
1.3342136 877513 1000 1000 a
1.3350136 878513 1000 1000 a
1.3358136 879513 1000 1000 a
1.3366136 880513 1000 1000 a
1.3374136 881513 1000 1000 a
1.3382136 882513 1000 1000 a
1.3390136 883513 1000 1000 a
1.3398136 884513 1000 1000 a
1.3406136 885513 1000 1000 a
1.3414136 886513 1000 1000 a
1.3422136 887513 1000 1000 a
1.3430136 888513 1000 1000 a
1.3438136 889513 1000 1000 a
1.3446136 890513 1000 1000 a
1.3454136 891513 1000 1000 a
1.3462136 892513 1000 1000 a
1.3470136 893513 1000 1000 a
1.3478136 894513 1000 1000 a
1.3486136 895513 1000 1000 a
1.3494136 896513 1000 1000 a
1.3502136 897513 1000 1000 a
1.3510136 898513 1000 1000 a
1.3518136 899513 1000 1000 a
1.3526136 900513 1000 1000 a
1.3534136 901513 1000 1000 a
1.3542136 902513 1000 1000 a
1.3550136 903513 1000 1000 a
1.3558136 904513 1000 1000 a
1.3566136 905513 1000 1000 a
1.3574136 906513 1000 1000 a
1.3582136 907513 1000 1000 a
1.3590136 908513 1000 1000 a
1.3598136 909513 1000 1000 a
1.3606136 910513 1000 1000 a
1.3614136 911513 1000 1000 a
1.3622136 912513 1000 1000 a
1.3630136 913513 1000 1000 a
1.3638136 914513 1000 1000 a
1.3646136 915513 1000 1000 a
1.3654136 916513 1000 1000 a
1.3662136 917513 1000 1000 a
1.3670136 918513 1000 1000 a
1.3678136 919513 1000 1000 a
1.3686136 920513 1000 1000 a
1.3694136 921513 1000 1000 a
1.3702136 922513 1000 1000 a
1.3710136 923513 1000 1000 a
1.3718136 924513 1000 1000 a
1.3726136 925513 1000 1000 a
1.3734136 926513 1000 1000 a
1.3742136 927513 1000 1000 a
1.3750136 928513 1000 1000 a
1.3758136 929513 1000 1000 a
1.3766136 930513 1000 1000 a
1.3774136 931513 1000 1000 a
1.3782136 932513 1000 1000 a
1.3790136 933513 1000 1000 a
1.3798136 934513 1000 1000 a
1.3806136 935513 1000 1000 a
1.3814136 936513 1000 1000 a
1.3822136 937513 1000 1000 a
1.3830136 938513 1000 1000 a
1.3838136 939513 1000 1000 a
1.3846136 940513 1000 1000 a
1.3854136 941513 1000 1000 a
1.3862136 942513 1000 1000 a
1.3870136 943513 1000 1000 a
1.3878136 944513 1000 1000 a
1.3886136 945513 1000 1000 a
1.3892464 946513 1000 1000 a
1.3900464 632754 985 2000 a
1.3908464 633754 1000 2000 a
1.3916464 634754 1000 2000 a
1.3924464 635754 1000 2000 a
1.3932464 636754 1000 2000 a
1.3940464 637754 1000 2000 a
1.3948464 638754 1000 2000 a
1.3956464 639754 1000 2000 a
1.3964464 640754 1000 2000 a
1.3972464 641754 1000 2000 a
1.3980464 642754 1000 2000 a
1.3988464 643754 1000 2000 a
1.3996464 644754 1000 2000 a
1.4004464 645754 1000 2000 a
1.4012464 646754 1000 2000 a
1.4020464 647754 1000 2000 a
1.4028464 648754 1000 2000 a
1.4036464 649754 1000 2000 a
1.4044464 650754 1000 2000 a
1.4052464 651754 1000 2000 a
1.4060464 652754 1000 2000 a
1.4068464 653754 1000 2000 a
1.4076464 654754 1000 2000 a
1.4084464 655754 1000 2000 a
1.4092464 656754 1000 2000 a
1.4100464 657754 1000 2000 a
1.4108464 658754 1000 2000 a
1.4116464 659754 1000 2000 a
1.4124464 660754 1000 2000 a
1.4132464 661754 1000 2000 a
1.4140464 662754 1000 2000 a
1.4148464 663754 1000 2000 a
1.4156464 664754 1000 2000 a
1.4164464 665754 1000 2000 a
1.4172464 666754 1000 2000 a
1.4180464 667754 1000 2000 a
1.4188464 668754 1000 2000 a
1.4196464 669754 1000 2000 a
1.4204464 670754 1000 2000 a
1.4212464 671754 1000 2000 a
1.4220464 672754 1000 2000 a
1.4228464 673754 1000 2000 a
1.4236464 674754 1000 2000 a
1.4244464 675754 1000 2000 a
1.4252464 676754 1000 2000 a
1.4260464 677754 1000 2000 a
1.4268464 678754 1000 2000 a
1.4276464 679754 1000 2000 a
1.4284464 680754 1000 2000 a
1.4292464 681754 1000 2000 a
1.4300464 682754 1000 2000 a
1.4308464 683754 1000 2000 a
1.4316464 684754 1000 2000 a
1.4324464 685754 1000 2000 a
1.4332464 686754 1000 2000 a
1.4340464 687754 1000 2000 a
1.4348464 688754 1000 2000 a
1.4356464 689754 1000 2000 a
1.4364464 690754 1000 2000 a
1.4372464 691754 1000 2000 a
1.4380464 692754 1000 2000 a
1.4388464 693754 1000 2000 a
1.4396464 694754 1000 2000 a
1.4404464 695754 1000 2000 a
1.4412464 696754 1000 2000 a
1.4420464 697754 1000 2000 a
1.4428464 698754 1000 2000 a
1.4436464 699754 1000 2000 a
1.4444464 700754 1000 2000 a
1.4452464 701754 1000 2000 a
1.4460464 702754 1000 2000 a
1.4468464 703754 1000 2000 a
1.4476464 704754 1000 2000 a
1.4484464 705754 1000 2000 a
1.4492464 706754 1000 2000 a
1.4500464 707754 1000 2000 a
1.4508464 708754 1000 2000 a
1.4516464 709754 1000 2000 a
1.4524464 710754 1000 2000 a
1.4532464 711754 1000 2000 a
1.4540464 712754 1000 2000 a
1.4548464 713754 1000 2000 a
1.4556464 714754 1000 2000 a
1.4564464 715754 1000 2000 a
1.4572464 716754 1000 2000 a
1.4580464 717754 1000 2000 a
1.4588464 718754 1000 2000 a
1.4596464 719754 1000 2000 a
1.4604464 720754 1000 2000 a
1.4612464 721754 1000 2000 a
1.4620464 722754 1000 2000 a
1.4628464 723754 1000 2000 a
1.4636464 724754 1000 2000 a
1.4644464 725754 1000 2000 a
1.4652464 726754 1000 2000 a
1.4660464 727754 1000 2000 a
1.4668464 728754 1000 2000 a
1.4676464 729754 1000 2000 a
1.4684464 730754 1000 2000 a
1.4692464 731754 1000 2000 a
1.4700464 732754 1000 2000 a
1.4708464 733754 1000 2000 a
1.4716464 734754 1000 2000 a
1.472376 735754 1000 2000 a
1.473176 947304 791 1000 a
1.473976 948304 1000 1000 a
1.474776 949304 1000 1000 a
1.475576 950304 1000 1000 a
1.476376 951304 1000 1000 a
1.477176 952304 1000 1000 a
1.477976 953304 1000 1000 a
1.478776 954304 1000 1000 a
1.479576 955304 1000 1000 a
1.480376 956304 1000 1000 a
1.481176 957304 1000 1000 a
1.481976 958304 1000 1000 a
1.482776 959304 1000 1000 a
1.483576 960304 1000 1000 a
1.484376 961304 1000 1000 a
1.485176 962304 1000 1000 a
1.485976 963304 1000 1000 a
1.486776 964304 1000 1000 a
1.487576 965304 1000 1000 a
1.488376 966304 1000 1000 a
1.489176 967304 1000 1000 a
1.489976 968304 1000 1000 a
1.490776 969304 1000 1000 a
1.491576 970304 1000 1000 a
1.492376 971304 1000 1000 a
1.493176 972304 1000 1000 a
1.493976 973304 1000 1000 a
1.494776 974304 1000 1000 a
1.495576 975304 1000 1000 a
1.496376 976304 1000 1000 a
1.497176 977304 1000 1000 a
1.497976 978304 1000 1000 a
1.498776 979304 1000 1000 a
1.499576 980304 1000 1000 a
1.500376 981304 1000 1000 a
1.501176 982304 1000 1000 a
1.501976 983304 1000 1000 a
1.502776 984304 1000 1000 a
1.503576 985304 1000 1000 a
1.504376 986304 1000 1000 a
1.505176 987304 1000 1000 a
1.505976 988304 1000 1000 a
1.506776 989304 1000 1000 a
1.507576 990304 1000 1000 a
1.508376 991304 1000 1000 a
1.509176 992304 1000 1000 a
1.509976 993304 1000 1000 a
1.510776 994304 1000 1000 a
1.511576 995304 1000 1000 a
1.512376 996304 1000 1000 a
1.513176 997304 1000 1000 a
1.513976 998304 1000 1000 a
1.5145328 999304 1000 1000 a
1.5153328 736666 912 2000 a
1.5161328 737666 1000 2000 a
1.5169328 738666 1000 2000 a
1.5177328 739666 1000 2000 a
1.5185328 740666 1000 2000 a
1.5193328 741666 1000 2000 a
1.5201328 742666 1000 2000 a
1.5209328 743666 1000 2000 a
1.5217328 744666 1000 2000 a
1.5225328 745666 1000 2000 a
1.5233328 746666 1000 2000 a
1.5241328 747666 1000 2000 a
1.5249328 748666 1000 2000 a
1.5257328 749666 1000 2000 a
1.5265328 750666 1000 2000 a
1.5273328 751666 1000 2000 a
1.5281328 752666 1000 2000 a
1.5289328 753666 1000 2000 a
1.5297328 754666 1000 2000 a
1.5305328 755666 1000 2000 a
1.5313328 756666 1000 2000 a
1.5321328 757666 1000 2000 a
1.5329328 758666 1000 2000 a
1.5337328 759666 1000 2000 a
1.5345328 760666 1000 2000 a
1.5353328 761666 1000 2000 a
1.5361328 762666 1000 2000 a
1.5369328 763666 1000 2000 a
1.5377328 764666 1000 2000 a
1.5385328 765666 1000 2000 a
1.5393328 766666 1000 2000 a
1.5401328 767666 1000 2000 a
1.5409328 768666 1000 2000 a
1.5417328 769666 1000 2000 a
1.5425328 770666 1000 2000 a
1.5433328 771666 1000 2000 a
1.5441328 772666 1000 2000 a
1.5449328 773666 1000 2000 a
1.5457328 774666 1000 2000 a
1.5465328 775666 1000 2000 a
1.5473328 776666 1000 2000 a
1.5481328 777666 1000 2000 a
1.5489328 778666 1000 2000 a
1.5497328 779666 1000 2000 a
1.5505328 780666 1000 2000 a
1.5513328 781666 1000 2000 a
1.5521328 782666 1000 2000 a
1.5529328 783666 1000 2000 a
1.5537328 784666 1000 2000 a
1.5545328 785666 1000 2000 a
1.5553328 786666 1000 2000 a
1.5561328 787666 1000 2000 a
1.5569328 788666 1000 2000 a
1.5577328 789666 1000 2000 a
1.5585328 790666 1000 2000 a
1.5593328 791666 1000 2000 a
1.5601328 792666 1000 2000 a
1.5609328 793666 1000 2000 a
1.5617328 794666 1000 2000 a
1.5625328 795666 1000 2000 a
1.5633328 796666 1000 2000 a
1.5641328 797666 1000 2000 a
1.5649328 798666 1000 2000 a
1.5657328 799666 1000 2000 a
1.5665328 800666 1000 2000 a
1.5673328 801666 1000 2000 a
1.5681328 802666 1000 2000 a
1.5689328 803666 1000 2000 a
1.5697328 804666 1000 2000 a
1.5705328 805666 1000 2000 a
1.5713328 806666 1000 2000 a
1.5721328 807666 1000 2000 a
1.5729328 808666 1000 2000 a
1.5737328 809666 1000 2000 a
1.5745328 810666 1000 2000 a
1.5753328 811666 1000 2000 a
1.5761328 812666 1000 2000 a
1.5769328 813666 1000 2000 a
1.5777328 814666 1000 2000 a
1.5785328 815666 1000 2000 a
1.5793328 816666 1000 2000 a
1.5801328 817666 1000 2000 a
1.5809328 818666 1000 2000 a
1.5817328 819666 1000 2000 a
1.5825328 820666 1000 2000 a
1.5833328 821666 1000 2000 a
1.5841328 822666 1000 2000 a
1.5849328 823666 1000 2000 a
1.5857328 824666 1000 2000 a
1.5865328 825666 1000 2000 a
1.5873328 826666 1000 2000 a
1.5881328 827666 1000 2000 a
1.5889328 828666 1000 2000 a
1.5897328 829666 1000 2000 a
1.5905328 830666 1000 2000 a
1.5913328 831666 1000 2000 a
1.5921328 832666 1000 2000 a
1.5929328 833666 1000 2000 a
1.5937328 834666 1000 2000 a
1.5945328 835666 1000 2000 a
1.5953328 836666 1000 2000 a
1.5961328 837666 1000 2000 a
1.5969328 838666 1000 2000 a
1.5977328 839666 1000 2000 a
1.5984104 840666 1000 2000 a
1.6192104 841513 847 2000 a
1.6200104 842513 1000 2000 a
1.6208104 843513 1000 2000 a
1.6216104 844513 1000 2000 a
1.6224104 845513 1000 2000 a
1.6232104 846513 1000 2000 a
1.6240104 847513 1000 2000 a
1.6248104 848513 1000 2000 a
1.6256104 849513 1000 2000 a
1.6264104 850513 1000 2000 a
1.6272104 851513 1000 2000 a
1.6280104 852513 1000 2000 a
1.6288104 853513 1000 2000 a
1.6296104 854513 1000 2000 a
1.6304104 855513 1000 2000 a
1.6312104 856513 1000 2000 a
1.6320104 857513 1000 2000 a
1.6328104 858513 1000 2000 a
1.6336104 859513 1000 2000 a
1.6344104 860513 1000 2000 a
1.6352104 861513 1000 2000 a
1.6360104 862513 1000 2000 a
1.6368104 863513 1000 2000 a
1.6376104 864513 1000 2000 a
1.6384104 865513 1000 2000 a
1.6392104 866513 1000 2000 a
1.6400104 867513 1000 2000 a
1.6408104 868513 1000 2000 a
1.6416104 869513 1000 2000 a
1.6424104 870513 1000 2000 a
1.6432104 871513 1000 2000 a
1.6440104 872513 1000 2000 a
1.6448104 873513 1000 2000 a
1.6456104 874513 1000 2000 a
1.6464104 875513 1000 2000 a
1.6472104 876513 1000 2000 a
1.6480104 877513 1000 2000 a
1.6488104 878513 1000 2000 a
1.6496104 879513 1000 2000 a
1.6504104 880513 1000 2000 a
1.6512104 881513 1000 2000 a
1.6520104 882513 1000 2000 a
1.6528104 883513 1000 2000 a
1.6536104 884513 1000 2000 a
1.6544104 885513 1000 2000 a
1.6552104 886513 1000 2000 a
1.6560104 887513 1000 2000 a
1.6568104 888513 1000 2000 a
1.6576104 889513 1000 2000 a
1.6584104 890513 1000 2000 a
1.6592104 891513 1000 2000 a
1.6600104 892513 1000 2000 a
1.6608104 893513 1000 2000 a
1.6616104 894513 1000 2000 a
1.6624104 895513 1000 2000 a
1.6632104 896513 1000 2000 a
1.6640104 897513 1000 2000 a
1.6648104 898513 1000 2000 a
1.6656104 899513 1000 2000 a
1.6664104 900513 1000 2000 a
1.6672104 901513 1000 2000 a
1.6680104 902513 1000 2000 a
1.6688104 903513 1000 2000 a
1.6696104 904513 1000 2000 a
1.6704104 905513 1000 2000 a
1.6712104 906513 1000 2000 a
1.6720104 907513 1000 2000 a
1.6728104 908513 1000 2000 a
1.6736104 909513 1000 2000 a
1.6744104 910513 1000 2000 a
1.6752104 911513 1000 2000 a
1.6760104 912513 1000 2000 a
1.6768104 913513 1000 2000 a
1.6776104 914513 1000 2000 a
1.6784104 915513 1000 2000 a
1.6792104 916513 1000 2000 a
1.6800104 917513 1000 2000 a
1.6808104 918513 1000 2000 a
1.6816104 919513 1000 2000 a
1.6824104 920513 1000 2000 a
1.6832104 921513 1000 2000 a
1.6840104 922513 1000 2000 a
1.6848104 923513 1000 2000 a
1.6856104 924513 1000 2000 a
1.6864104 925513 1000 2000 a
1.6872104 926513 1000 2000 a
1.6880104 927513 1000 2000 a
1.6888104 928513 1000 2000 a
1.6896104 929513 1000 2000 a
1.6904104 930513 1000 2000 a
1.6912104 931513 1000 2000 a
1.6920104 932513 1000 2000 a
1.6928104 933513 1000 2000 a
1.6936104 934513 1000 2000 a
1.6944104 935513 1000 2000 a
1.6952104 936513 1000 2000 a
1.6960104 937513 1000 2000 a
1.6968104 938513 1000 2000 a
1.6976104 939513 1000 2000 a
1.6984104 940513 1000 2000 a
1.6992104 941513 1000 2000 a
1.7000104 942513 1000 2000 a
1.7008104 943513 1000 2000 a
1.7016104 944513 1000 2000 a
1.7024104 945513 1000 2000 a
1.7030432 946513 1000 2000 a
1.7238432 947304 791 2000 a
1.7246432 948304 1000 2000 a
1.7254432 949304 1000 2000 a
1.7262432 950304 1000 2000 a
1.7270432 951304 1000 2000 a
1.7278432 952304 1000 2000 a
1.7286432 953304 1000 2000 a
1.7294432 954304 1000 2000 a
1.7302432 955304 1000 2000 a
1.7310432 956304 1000 2000 a
1.7318432 957304 1000 2000 a
1.7326432 958304 1000 2000 a
1.7334432 959304 1000 2000 a
1.7342432 960304 1000 2000 a
1.7350432 961304 1000 2000 a
1.7358432 962304 1000 2000 a
1.7366432 963304 1000 2000 a
1.7374432 964304 1000 2000 a
1.7382432 965304 1000 2000 a
1.7390432 966304 1000 2000 a
1.7398432 967304 1000 2000 a
1.7406432 968304 1000 2000 a
1.7414432 969304 1000 2000 a
1.7422432 970304 1000 2000 a
1.7430432 971304 1000 2000 a
1.7438432 972304 1000 2000 a
1.7446432 973304 1000 2000 a
1.7454432 974304 1000 2000 a
1.7462432 975304 1000 2000 a
1.7470432 976304 1000 2000 a
1.7478432 977304 1000 2000 a
1.7486432 978304 1000 2000 a
1.7494432 979304 1000 2000 a
1.7502432 980304 1000 2000 a
1.7510432 981304 1000 2000 a
1.7518432 982304 1000 2000 a
1.7526432 983304 1000 2000 a
1.7534432 984304 1000 2000 a
1.7542432 985304 1000 2000 a
1.7550432 986304 1000 2000 a
1.7558432 987304 1000 2000 a
1.7566432 988304 1000 2000 a
1.7574432 989304 1000 2000 a
1.7582432 990304 1000 2000 a
1.7590432 991304 1000 2000 a
1.7598432 992304 1000 2000 a
1.7606432 993304 1000 2000 a
1.7614432 994304 1000 2000 a
1.7622432 995304 1000 2000 a
1.7630432 996304 1000 2000 a
1.7638432 997304 1000 2000 a
1.7646432 998304 1000 2000 a
1.7652 999304 1000 2000 a
