# Time (seconds) Size (packets)0 0
0 0
0.0108 0
0.0108 0
0.0208 0
0.0208 0
0.0208 1
0.0216 0
0.0316 0
0.0316 0
0.0324 0
0.0324 0
0.0424 0
0.0424 0
0.0424 1
0.0424 2
0.0424 3
0.0432 2
0.044 1
0.0448 0
0.05 0
0.05 0
0.0532 0
0.0532 0
0.054 0
0.054 0
0.0548 0
0.0548 0
0.0556 0
0.0556 0
0.0608 0
0.0608 0
0.0656 0
0.0656 0
0.0656 1
0.0656 2
0.0656 3
0.0656 4
0.0656 5
0.0656 6
0.0656 7
0.0664 6
0.0672 5
0.068 4
0.0688 3
0.0696 2
0.0704 1
0.0708 2
0.0708 3
0.0712 2
0.072 1
0.0728 0
0.0764 0
0.0764 0
0.0772 0
0.0772 0
0.078 0
0.078 0
0.0788 0
0.0788 0
0.0796 0
0.0796 0
0.0804 0
0.0804 0
0.0812 0
0.0812 0
0.082 0
0.082 0
0.0828 0
0.0828 0
0.0836 0
0.0836 0
0.092 0
0.092 0
0.092 1
0.092 2
0.092 3
0.092 4
0.092 5
0.092 6
0.092 7
0.092 8
0.092 9
0.092 10
0.092 11
0.092 12
0.092 13
0.092 14
0.092 15
0.0928 14
0.0936 13
0.0936 14
0.0936 15
0.0936 16
0.0936 17
0.0944 16
0.0952 15
0.096 14
0.0968 13
0.0976 12
0.0984 11
0.0992 10
0.1 9
0.1008 8
0.1016 7
0.1024 6
0.1028 0
0.1028 0
0.1032 5
0.1036 0
0.1036 0
0.104 4
0.1044 0
0.1044 0
0.1048 3
0.1052 0
0.1052 0
0.1056 2
0.106 0
0.106 0
0.1064 1
0.1068 0
0.1068 0
0.1072 0
0.1076 0
0.1076 0
0.1084 0
0.1084 0
0.1092 0
0.1092 0
0.11 0
0.11 0
0.1108 0
0.1108 0
0.1116 0
0.1116 0
0.1124 0
0.1124 0
0.1132 0
0.1132 0
0.114 0
0.114 0
0.1148 0
0.1148 0
0.1156 0
0.1156 0
0.1164 0
0.1164 0
0.1172 0
0.1172 0
0.118 0
0.118 0
0.1248 0
0.1248 0
0.1248 1
0.1248 2
0.1248 3
0.1248 4
0.1248 5
0.1248 6
0.1248 7
0.1248 8
0.1248 9
0.1248 10
0.1248 11
0.1248 12
0.1248 13
0.1248 14
0.1248 15
0.1248 16
0.1248 17
0.1248 18
0.1248 19
0.1248 20
0.1248 21
0.1248 22
0.1248 23
0.1248 24
0.1248 25
0.1248 26
0.1248 27
0.1248 28
0.1248 29
0.1248 30
0.1248 31
0.1256 30
0.1264 29
0.1272 28
0.128 27
0.128 28
0.128 29
0.128 30
0.128 31
0.128 32
0.128 33
0.128 34
0.128 35
0.1288 34
0.1296 33
0.1304 32
0.1312 31
0.132 30
0.1328 29
0.1336 28
0.1344 27
0.1352 26
0.1356 0
0.1356 0
0.136 25
0.1364 0
0.1364 0
0.1368 24
0.1372 0
0.1372 0
0.1376 23
0.138 0
0.138 0
0.1384 22
0.1388 0
0.1388 0
0.1392 21
0.1396 0
0.1396 0
0.14 20
0.1404 0
0.1404 0
0.1408 19
0.1412 0
0.1412 0
0.1416 18
0.142 0
0.142 0
0.1424 17
0.1428 0
0.1428 0
0.1432 16
0.1436 0
0.1436 0
0.144 15
0.1444 0
0.1444 0
0.1448 14
0.1452 0
0.1452 0
0.1456 13
0.146 0
0.146 0
0.1464 12
0.1468 0
0.1468 0
0.1472 11
0.1476 0
0.1476 0
0.148 10
0.1484 0
0.1484 0
0.1488 9
0.1492 0
0.1492 0
0.1496 8
0.15 0
0.15 0
0.1504 7
0.1508 0
0.1508 0
0.1512 6
0.1516 0
0.1516 0
0.152 5
0.1524 0
0.1524 0
0.1528 4
0.1532 0
0.1532 0
0.1536 3
0.154 0
0.154 0
0.1544 2
0.1548 0
0.1548 0
0.1552 1
0.1556 0
0.1556 0
0.156 0
0.1564 0
0.1564 0
0.1572 0
0.1572 0
0.158 0
0.158 0
0.1588 0
0.1588 0
0.1596 0
0.1596 0
0.1604 0
0.1604 0
0.1612 0
0.1612 0
0.162 0
0.162 0
0.1628 0
0.1628 0
0.1636 0
0.1636 0
0.1644 0
0.1644 0
0.1652 0
0.1652 0
0.166 0
0.166 0
0.1668 0
0.1668 0
0.1704 0
0.1704 0
0.1704 1
0.1704 2
0.1704 3
0.1704 4
0.1704 5
0.1704 6
0.1704 7
0.1704 8
0.1704 9
0.1704 10
0.1704 11
0.1704 12
0.1704 13
0.1704 14
0.1704 15
0.1704 16
0.1704 17
0.1704 18
0.1704 19
0.1704 20
0.1704 21
0.1704 22
0.1704 23
0.1704 24
0.1704 25
0.1704 26
0.1704 27
0.1704 28
0.1704 29
0.1704 30
0.1704 31
0.1704 32
0.1704 33
0.1704 34
0.1704 35
0.1704 36
0.1704 37
0.1704 38
0.1704 39
0.1704 40
0.1704 41
0.1704 42
0.1704 43
0.1704 44
0.1704 45
0.1704 46
0.1704 47
0.1704 48
0.1704 49
0.1704 50
0.1704 51
0.1704 52
0.1704 53
0.1704 54
0.1704 55
0.1704 56
0.1704 57
0.1704 58
0.1704 59
0.1704 60
0.1704 61
0.1704 62
0.1704 63
0.1712 62
0.172 61
0.1728 60
0.1736 59
0.1744 58
0.1752 57
0.176 56
0.1768 55
0.1768 56
0.1768 57
0.1768 58
0.1768 59
0.1768 60
0.1768 61
0.1768 62
0.1768 63
0.1768 64
0.1768 65
0.1768 66
0.1768 67
0.1768 68
0.1768 69
0.1768 70
0.1768 71
0.1776 70
0.1784 69
0.1792 68
0.18 67
0.1808 66
0.1812 0
0.1812 0
0.1816 65
0.182 0
0.182 0
0.1824 64
0.1828 0
0.1828 0
0.1832 63
0.1836 0
0.1836 0
0.184 62
0.1844 0
0.1844 0
0.1848 61
0.1852 0
0.1852 0
0.1856 60
0.186 0
0.186 0
0.1864 59
0.1868 0
0.1868 0
0.1872 58
0.1876 0
0.1876 0
0.188 57
0.1884 0
0.1884 0
0.1888 56
0.1892 0
0.1892 0
0.1896 55
0.19 0
0.19 0
0.1904 54
0.1908 0
0.1908 0
0.1912 53
0.1916 0
0.1916 0
0.192 52
0.1924 0
0.1924 0
0.1928 51
0.1932 0
0.1932 0
0.1936 50
0.194 0
0.194 0
0.1944 49
0.1948 0
0.1948 0
0.1952 48
0.1956 0
0.1956 0
0.196 47
0.1964 0
0.1964 0
0.1968 46
0.1972 0
0.1972 0
0.1976 45
0.198 0
0.198 0
0.1984 44
0.1988 0
0.1988 0
0.1992 43
0.1996 0
0.1996 0
0.2 42
0.2004 0
0.2004 0
0.2008 41
0.2012 0
0.2012 0
0.2016 40
0.202 0
0.202 0
0.2024 39
0.2028 0
0.2028 0
0.2032 38
0.2036 0
0.2036 0
0.204 37
0.2044 0
0.2044 0
0.2048 36
0.2052 0
0.2052 0
0.2056 35
0.206 0
0.206 0
0.2064 34
0.2068 0
0.2068 0
0.2072 33
0.2076 0
0.2076 0
0.208 32
0.2084 0
0.2084 0
0.2088 31
0.2092 0
0.2092 0
0.2096 30
0.21 0
0.21 0
0.2104 29
0.2108 0
0.2108 0
0.2112 28
0.2116 0
0.2116 0
0.212 27
0.2124 0
0.2124 0
0.2128 26
0.2132 0
0.2132 0
0.2136 25
0.214 0
0.214 0
0.2144 24
0.2148 0
0.2148 0
0.2152 23
0.2156 0
0.2156 0
0.216 22
0.2164 0
0.2164 0
0.2168 21
0.2172 0
0.2172 0
0.2176 20
0.218 0
0.218 0
0.2184 19
0.2188 0
0.2188 0
0.2192 18
0.2196 0
0.2196 0
0.22 17
0.2204 0
0.2204 0
0.2208 16
0.2212 0
0.2212 0
0.2216 15
0.222 0
0.222 0
0.2224 14
0.2228 0
0.2228 0
0.2232 13
0.2236 0
0.2236 0
0.224 12
0.2244 0
0.2244 0
0.2248 11
0.2252 0
0.2252 0
0.2256 10
0.226 0
0.226 0
0.2264 9
0.2268 0
0.2268 0
0.2272 8
0.2276 0
0.2276 0
0.228 7
0.2284 0
0.2284 0
0.2288 6
0.2292 0
0.2292 0
0.2296 5
0.23 0
0.23 0
0.2304 4
0.2308 0
0.2308 0
0.2312 3
0.2316 0
0.2316 0
0.232 2
0.2324 0
0.2324 0
0.2328 1
0.2332 0
0.2332 0
0.2336 0
0.234 0
0.234 0
0.2348 0
0.2348 0
0.2356 0
0.2356 0
0.2364 0
0.2364 0
0.2372 0
0.2372 0
0.238 0
0.238 0
0.2388 0
0.2388 0
0.2396 0
0.2396 0
0.2404 0
0.2404 0
0.2412 0
0.2412 0
0.2416 0
0.2416 0
0.2416 1
0.2416 2
0.2416 3
0.2416 4
0.2416 5
0.2416 6
0.2416 7
0.2416 8
0.2416 9
0.2416 10
0.2416 11
0.2416 12
0.2416 13
0.2416 14
0.2416 15
0.2416 16
0.2416 17
0.2416 18
0.2416 19
0.2416 20
0.2416 21
0.2416 22
0.2416 23
0.2416 24
0.2416 25
0.2416 26
0.2416 27
0.2416 28
0.2416 29
0.2416 30
0.2416 31
0.2416 32
0.2416 33
0.2416 34
0.2416 35
0.2416 36
0.2416 37
0.2416 38
0.2416 39
0.2416 40
0.2416 41
0.2416 42
0.2416 43
0.2416 44
0.2416 45
0.2416 46
0.2416 47
0.2416 48
0.2416 49
0.2416 50
0.2416 51
0.2416 52
0.2416 53
0.2416 54
0.2416 55
0.2416 56
0.2416 57
0.2416 58
0.2416 59
0.2416 60
0.2416 61
0.2416 62
0.2416 63
0.2416 64
0.2416 65
0.2416 66
0.2416 67
0.2416 68
0.2416 69
0.2416 70
0.2416 71
0.2416 72
0.2416 73
0.2416 74
0.2416 75
0.2416 76
0.2416 77
0.2416 78
0.2416 79
0.2416 80
0.2416 81
0.2416 82
0.2416 83
0.2416 84
0.2416 85
0.2416 86
0.2416 87
0.2416 88
0.2416 89
0.2416 90
0.2416 91
0.2416 92
0.2416 93
0.2416 94
0.2416 95
0.2416 96
0.2416 97
0.2416 98
0.2416 99
0.242 0
0.242 0
0.2424 98
0.2428 0
0.2428 0
0.2432 97
0.2436 0
0.2436 0
0.244 96
0.2444 0
0.2444 0
0.2448 95
0.2456 94
0.2464 93
0.2472 92
0.248 91
0.2488 90
0.2496 89
0.2504 88
0.2512 87
0.252 86
0.2524 0
0.2524 0
0.2528 85
0.2532 0
0.2532 0
0.2536 84
0.254 0
0.254 0
0.2544 85
0.2544 86
0.2544 87
0.2544 88
0.2544 89
0.2544 90
0.2544 91
0.2544 92
0.2544 93
0.2544 94
0.2544 95
0.2544 96
0.2544 97
0.2544 98
0.2544 99
0.2544 100
0.2544 101
0.2544 102
0.2544 103
0.2544 104
0.2544 105
0.2544 106
0.2544 107
0.2544 108
0.2544 109
0.2544 110
0.2544 111
0.2544 112
0.2544 113
0.2544 114
0.2544 115
0.2544 116
0.2544 115
0.2548 0
0.2548 0
0.2552 114
0.2556 0
0.2556 0
0.256 113
0.2564 0
0.2564 0
0.2568 112
0.2572 0
0.2572 0
0.2576 111
0.258 0
0.258 0
0.2584 110
0.2588 0
0.2588 0
0.2592 109
0.2596 0
0.2596 0
0.26 108
0.2604 0
0.2604 0
0.2608 107
0.2612 0
0.2612 0
0.2616 106
0.262 0
0.262 0
0.2624 105
0.2628 0
0.2628 0
0.2632 104
0.2636 0
0.2636 0
0.264 103
0.2644 0
0.2644 0
0.2648 102
0.2652 0
0.2652 0
0.2656 101
0.266 0
0.266 0
0.2664 100
0.2668 0
0.2668 0
0.2672 99
0.2676 0
0.2676 0
0.268 98
0.2684 0
0.2684 0
0.2688 97
0.2692 0
0.2692 0
0.2696 96
0.27 0
0.27 0
0.2704 95
0.2708 0
0.2708 0
0.2712 94
0.2716 0
0.2716 0
0.272 93
0.2724 0
0.2724 0
0.2728 92
0.2732 0
0.2732 0
0.2736 91
0.274 0
0.274 0
0.2744 90
0.2748 0
0.2748 0
0.2752 89
0.2756 0
0.2756 0
0.276 88
0.2764 0
0.2764 0
0.2768 87
0.2772 0
0.2772 0
0.2776 86
0.278 0
0.278 0
0.2784 85
0.2788 0
0.2788 0
0.2792 84
0.2796 0
0.2796 0
0.28 83
0.2804 0
0.2804 0
0.2808 82
0.2812 0
0.2812 0
0.2816 81
0.282 0
0.282 0
0.2824 80
0.2828 0
0.2828 0
0.2832 79
0.2836 0
0.2836 0
0.284 78
0.2844 0
0.2844 0
0.2848 77
0.2852 0
0.2852 0
0.2856 76
0.286 0
0.286 0
0.2864 75
0.2868 0
0.2868 0
0.2872 74
0.2876 0
0.2876 0
0.288 73
0.2884 0
0.2884 0
0.2888 72
0.2892 0
0.2892 0
0.2896 71
0.29 0
0.29 0
0.2904 70
0.2908 0
0.2908 0
0.2912 69
0.2916 0
0.2916 0
0.292 68
0.2924 0
0.2924 0
0.2928 67
0.2932 0
0.2932 0
0.2936 66
0.294 0
0.294 0
0.2944 65
0.2948 0
0.2948 0
0.2952 64
0.2956 0
0.2956 0
0.296 63
0.2964 0
0.2964 0
0.2968 62
0.2972 0
0.2972 0
0.2976 61
0.298 0
0.298 0
0.2984 60
0.2988 0
0.2988 0
0.2992 59
0.2996 0
0.2996 0
0.3 58
0.3004 0
0.3004 0
0.3008 57
0.3012 0
0.3012 0
0.3016 56
0.302 0
0.302 0
0.3024 55
0.3028 0
0.3028 0
0.3032 54
0.3036 0
0.3036 0
0.304 53
0.3044 0
0.3044 0
0.3048 52
0.3052 0
0.3052 0
0.3056 51
0.306 0
0.306 0
0.3064 50
0.3068 0
0.3068 0
0.3072 49
0.3076 0
0.3076 0
0.308 48
0.3084 0
0.3084 0
0.3088 47
0.3092 0
0.3092 0
0.3096 46
0.31 0
0.31 0
0.3104 45
0.3108 0
0.3108 0
0.3112 44
0.3116 0
0.3116 0
0.312 43
0.3124 0
0.3124 0
0.3128 42
0.3132 0
0.3132 0
0.3136 41
0.314 0
0.314 0
0.3144 40
0.3148 0
0.3148 0
0.3152 39
0.3156 0
0.3156 0
0.316 38
0.3164 0
0.3164 0
0.3168 37
0.3172 0
0.3172 0
0.3176 36
0.318 0
0.318 0
0.3184 35
0.3188 0
0.3188 0
0.3192 34
0.3196 0
0.3196 0
0.32 33
0.3204 0
0.3204 0
0.3208 32
0.321032 31
0.3212 0
0.3212 0
0.321832 30
0.322 0
0.322 0
0.322632 29
0.3228 0
0.3228 0
0.323432 28
0.3236 0
0.3236 0
0.324232 27
0.3244 0
0.3244 0
0.325032 26
0.3252 0
0.3252 0
0.325832 25
0.326 0
0.326 0
0.326632 24
0.3268 0
0.3268 0
0.327432 23
0.3276 0
0.3276 0
0.328232 22
0.3284 0
0.3284 0
0.329032 21
0.3292 0
0.3292 0
0.329832 20
0.33 0
0.33 0
0.330632 19
0.3308 0
0.3308 0
0.331032 0
0.331032 0
0.331432 18
0.331832 0
0.331832 0
0.332232 17
0.332632 0
0.332632 0
0.333032 16
0.333432 0
0.333432 0
0.333832 15
0.334232 0
0.334232 0
0.334632 14
0.335032 0
0.335032 0
0.335432 13
0.335832 0
0.335832 0
0.336232 12
0.336632 0
0.336632 0
0.337032 11
0.337432 0
0.337432 0
0.337832 10
0.338232 0
0.338232 0
0.338632 9
0.339032 0
0.339032 0
0.339432 8
0.339832 0
0.339832 0
0.340232 7
0.340632 0
0.340632 0
0.341032 8
0.341032 9
0.341032 10
0.341032 11
0.341032 12
0.341032 13
0.341032 14
0.341032 15
0.341032 16
0.341032 17
0.341032 18
0.341032 19
0.341032 20
0.341032 21
0.341032 22
0.341032 23
0.341032 24
0.341032 25
0.341032 26
0.341032 27
0.341032 28
0.341032 29
0.341032 30
0.341032 31
0.341032 32
0.341032 33
0.341032 34
0.341032 35
0.341032 36
0.341032 37
0.341032 38
0.341032 39
0.341032 40
0.341032 41
0.341032 42
0.341032 43
0.341032 44
0.341032 45
0.341032 46
0.341032 47
0.341032 48
0.341032 49
0.341032 50
0.341032 51
0.341032 52
0.341032 53
0.341032 54
0.341032 55
0.341032 56
0.341032 57
0.341032 58
0.341032 59
0.341032 60
0.341032 61
0.341032 62
0.341032 63
0.341032 64
0.341032 65
0.341032 66
0.341032 67
0.341032 68
0.341032 69
0.341032 70
0.341032 71
0.341032 72
0.341032 73
0.341032 74
0.341032 75
0.341032 76
0.341032 77
0.341032 78
0.341032 79
0.341032 80
0.341032 81
0.341032 82
0.341032 83
0.341032 84
0.341032 85
0.341032 86
0.341032 87
0.341032 88
0.341032 89
0.341032 90
0.341032 91
0.341032 92
0.341032 93
0.341032 94
0.341032 95
0.341032 96
0.341032 97
0.341032 98
0.341032 99
0.341032 100
0.341032 101
0.341032 102
0.341032 103
0.341032 104
0.341032 105
0.341032 106
0.341032 107
0.341032 108
0.341032 107
0.341432 0
0.341432 0
0.341832 106
0.342232 0
0.342232 0
0.342632 105
0.343032 0
0.343032 0
0.343432 104
0.343832 0
0.343832 0
0.344232 103
0.344632 0
0.344632 0
0.345032 102
0.345432 0
0.345432 0
0.345832 101
0.346232 0
0.346232 0
0.346632 100
0.347032 0
0.347032 0
0.347432 99
0.347832 0
0.347832 0
0.348232 98
0.348632 0
0.348632 0
0.349032 97
0.349432 0
0.349432 0
0.349832 96
0.350232 0
0.350232 0
0.350632 95
0.351032 0
0.351032 0
0.351432 94
0.351832 0
0.351832 0
0.352232 93
0.352632 0
0.352632 0
0.353032 92
0.353432 0
0.353432 0
0.353832 91
0.354232 0
0.354232 0
0.354632 90
0.355032 0
0.355032 0
0.355432 89
0.355832 0
0.355832 0
0.356232 88
0.356632 0
0.356632 0
0.357032 87
0.357432 0
0.357432 0
0.357832 86
0.358232 0
0.358232 0
0.358632 85
0.359032 0
0.359032 0
0.359432 84
0.359832 0
0.359832 0
0.360232 83
0.360632 0
0.360632 0
0.361032 82
0.361432 0
0.361432 0
0.361832 81
0.362232 0
0.362232 0
0.362632 80
0.363032 0
0.363032 0
0.363432 79
0.363832 0
0.363832 0
0.364232 78
0.364632 0
0.364632 0
0.365032 77
0.365432 0
0.365432 0
0.365832 76
0.366232 0
0.366232 0
0.366632 77
0.366632 78
0.366632 79
0.366632 80
0.366632 81
0.366632 82
0.366632 83
0.366632 84
0.366632 85
0.366632 86
0.366632 87
0.366632 88
0.366632 89
0.366632 90
0.366632 91
0.366632 92
0.366632 93
0.366632 94
0.366632 95
0.366632 96
0.366632 97
0.366632 98
0.366632 99
0.366632 100
0.366632 101
0.366632 102
0.366632 103
0.366632 104
0.366632 105
0.366632 106
0.366632 107
0.366632 108
0.366632 109
0.366632 110
0.366632 111
0.366632 112
0.366632 113
0.366632 114
0.366632 115
0.366632 116
0.366632 117
0.366632 118
0.366632 119
0.366632 120
0.366632 121
0.366632 122
0.366632 123
0.366632 124
0.366632 125
0.366632 126
0.366632 127
0.366632 128
0.366632 129
0.366632 130
0.366632 131
0.366632 132
0.366632 133
0.366632 134
0.366632 135
0.366632 136
0.366632 137
0.366632 138
0.366632 139
0.366632 140
0.366632 139
0.367032 0
0.367032 0
0.367432 138
0.367832 0
0.367832 0
0.368232 137
0.368632 0
0.368632 0
0.369032 136
0.369432 0
0.369432 0
0.369832 135
0.370232 0
0.370232 0
0.370632 134
0.371032 0
0.371032 0
0.371432 133
0.371832 0
0.371832 0
0.372232 132
0.372632 0
0.372632 0
0.373032 131
0.373432 0
0.373432 0
0.373832 130
0.374232 0
0.374232 0
0.374632 129
0.375032 0
0.375032 0
0.375432 128
0.375832 0
0.375832 0
0.376232 127
0.376632 0
0.376632 0
0.377032 126
0.377432 0
0.377432 0
0.377832 125
0.378232 0
0.378232 0
0.378632 124
0.379032 0
0.379032 0
0.379432 123
0.379832 0
0.379832 0
0.380232 122
0.380632 0
0.380632 0
0.381032 121
0.381432 0
0.381432 0
0.381832 120
0.382232 0
0.382232 0
0.382632 119
0.383032 0
0.383032 0
0.383432 118
0.383832 0
0.383832 0
0.384232 117
0.384632 0
0.384632 0
0.385032 116
0.385432 0
0.385432 0
0.385832 115
0.386232 0
0.386232 0
0.386632 114
0.387032 0
0.387032 0
0.387432 113
0.387832 0
0.387832 0
0.388232 112
0.388632 0
0.388632 0
0.389032 111
0.389432 0
0.389432 0
0.389832 110
0.390232 0
0.390232 0
0.390632 109
0.391032 0
0.391032 0
0.391432 108
0.391832 0
0.391832 0
0.392232 107
0.392632 0
0.392632 0
0.393032 106
0.393432 0
0.393432 0
0.393832 105
0.394232 0
0.394232 0
0.394632 104
0.395032 0
0.395032 0
0.395432 103
0.395832 0
0.395832 0
0.396232 102
0.396632 0
0.396632 0
0.397032 101
0.397432 0
0.397432 0
0.397832 100
0.398232 0
0.398232 0
0.398632 99
0.399032 0
0.399032 0
0.399432 98
0.399832 0
0.399832 0
0.400232 97
0.400632 0
0.400632 0
0.401032 96
0.401432 0
0.401432 0
0.401832 95
0.402232 0
0.402232 0
0.402632 94
0.403032 0
0.403032 0
0.403432 93
0.403832 0
0.403832 0
0.404232 92
0.404632 0
0.404632 0
0.405032 91
0.405432 0
0.405432 0
0.405832 90
0.406232 0
0.406232 0
0.406632 89
0.407032 0
0.407032 0
0.407432 88
0.407832 0
0.407832 0
0.408232 87
0.408632 0
0.408632 0
0.409032 86
0.409432 0
0.409432 0
0.409832 85
0.410232 0
0.410232 0
0.410632 84
0.411032 0
0.411032 0
0.411432 83
0.411832 0
0.411832 0
0.412232 82
0.412632 0
0.412632 0
0.413032 81
0.413432 0
0.413432 0
0.413832 80
0.414232 0
0.414232 0
0.414632 79
0.415032 0
0.415032 0
0.415432 78
0.415832 0
0.415832 0
0.416232 77
0.416632 0
0.416632 0
0.417032 76
0.417432 0
0.417432 0
0.417832 75
0.418232 0
0.418232 0
0.418632 74
0.419032 0
0.419032 0
0.419432 73
0.419832 0
0.419832 0
0.420232 72
0.420632 0
0.420632 0
0.421032 71
0.421432 0
0.421432 0
0.421832 70
0.422232 0
0.422232 0
0.422632 69
0.423032 0
0.423032 0
0.423432 68
0.423832 0
0.423832 0
0.424232 67
0.424632 0
0.424632 0
0.425032 66
0.425432 0
0.425432 0
0.425832 65
0.426232 0
0.426232 0
0.426632 64
0.426836 63
0.427032 0
0.427032 0
0.427636 62
0.427832 0
0.427832 0
0.428436 61
0.428632 0
0.428632 0
0.429236 60
0.429432 0
0.429432 0
0.430036 59
0.430232 0
0.430232 0
0.430836 58
0.431032 0
0.431032 0
0.431636 57
0.431832 0
0.431832 0
0.432436 56
0.432632 0
0.432632 0
0.433236 55
0.433432 0
0.433432 0
0.434036 54
0.434232 0
0.434232 0
0.434836 53
0.435032 0
0.435032 0
0.435636 52
0.435832 0
0.435832 0
0.436436 51
0.436632 0
0.436632 0
0.436836 0
0.436836 0
0.437236 50
0.437636 0
0.437636 0
0.438036 49
0.438436 0
0.438436 0
0.438836 48
0.439236 0
0.439236 0
0.439636 47
0.440036 0
0.440036 0
0.440436 46
0.440836 0
0.440836 0
0.441236 45
0.441636 0
0.441636 0
0.442036 44
0.442436 0
0.442436 0
0.442836 43
0.443236 0
0.443236 0
0.443636 42
0.444036 0
0.444036 0
0.444436 41
0.444836 0
0.444836 0
0.445236 40
0.445636 0
0.445636 0
0.446036 39
0.446436 0
0.446436 0
0.446836 40
0.446836 41
0.446836 42
0.446836 43
0.446836 44
0.446836 45
0.446836 46
0.446836 47
0.446836 48
0.446836 49
0.446836 50
0.446836 51
0.446836 52
0.446836 53
0.446836 54
0.446836 55
0.446836 56
0.446836 57
0.446836 58
0.446836 59
0.446836 60
0.446836 61
0.446836 62
0.446836 63
0.446836 64
0.446836 65
0.446836 66
0.446836 67
0.446836 68
0.446836 69
0.446836 70
0.446836 71
0.446836 72
0.446836 73
0.446836 74
0.446836 75
0.446836 76
0.446836 77
0.446836 78
0.446836 79
0.446836 80
0.446836 81
0.446836 82
0.446836 83
0.446836 84
0.446836 85
0.446836 86
0.446836 87
0.446836 88
0.446836 89
0.446836 90
0.446836 91
0.446836 92
0.446836 93
0.446836 94
0.446836 95
0.446836 96
0.446836 97
0.446836 98
0.446836 99
0.446836 100
0.446836 101
0.446836 102
0.446836 103
0.446836 104
0.446836 105
0.446836 106
0.446836 107
0.446836 108
0.446836 109
0.446836 110
0.446836 111
0.446836 112
0.446836 113
0.446836 114
0.446836 115
0.446836 116
0.446836 117
0.446836 118
0.446836 119
0.446836 120
0.446836 121
0.446836 122
0.446836 123
0.446836 124
0.446836 125
0.446836 126
0.446836 127
0.446836 128
0.446836 129
0.446836 130
0.446836 131
0.446836 132
0.446836 133
0.446836 134
0.446836 135
0.446836 136
0.446836 137
0.446836 138
0.446836 139
0.446836 140
0.446836 141
0.446836 140
0.447236 0
0.447236 0
0.447636 139
0.448036 0
0.448036 0
0.448436 138
0.448836 0
0.448836 0
0.449236 137
0.449636 0
0.449636 0
0.450036 136
0.450436 0
0.450436 0
0.450836 135
0.451236 0
0.451236 0
0.451636 134
0.452036 0
0.452036 0
0.452436 133
0.452836 0
0.452836 0
0.453236 132
0.453636 0
0.453636 0
0.454036 131
0.454436 0
0.454436 0
0.454836 130
0.455236 0
0.455236 0
0.455636 129
0.456036 0
0.456036 0
0.456436 128
0.456836 0
0.456836 0
0.457236 127
0.457636 0
0.457636 0
0.458036 126
0.458436 0
0.458436 0
0.458836 125
0.459236 0
0.459236 0
0.459636 124
0.460036 0
0.460036 0
0.460436 123
0.460836 0
0.460836 0
0.461236 122
0.461636 0
0.461636 0
0.462036 121
0.462436 0
0.462436 0
0.462836 120
0.463236 0
0.463236 0
0.463636 119
0.464036 0
0.464036 0
0.464436 118
0.464836 0
0.464836 0
0.465236 117
0.465636 0
0.465636 0
0.466036 116
0.466436 0
0.466436 0
0.466836 115
0.467236 0
0.467236 0
0.467636 114
0.468036 0
0.468036 0
0.468436 113
0.468836 0
0.468836 0
0.469236 112
0.469636 0
0.469636 0
0.470036 111
0.470436 0
0.470436 0
0.470836 110
0.471236 0
0.471236 0
0.471636 109
0.472036 0
0.472036 0
0.472436 108
0.472836 0
0.472836 0
0.473236 107
0.473636 0
0.473636 0
0.474036 106
0.474436 0
0.474436 0
0.474836 105
0.475236 0
0.475236 0
0.475636 104
0.476036 0
0.476036 0
0.476436 103
0.476836 0
0.476836 0
0.477236 102
0.477636 0
0.477636 0
0.478036 101
0.478436 0
0.478436 0
0.478836 100
0.479236 0
0.479236 0
0.479636 99
0.480036 0
0.480036 0
0.480436 98
0.480836 0
0.480836 0
0.481236 97
0.481636 0
0.481636 0
0.482036 96
0.482436 0
0.482436 0
0.482836 95
0.483236 0
0.483236 0
0.483636 94
0.484036 0
0.484036 0
0.484436 93
0.484836 0
0.484836 0
0.485236 92
0.485636 0
0.485636 0
0.486036 91
0.486436 0
0.486436 0
0.486836 90
0.487236 0
0.487236 0
0.487636 89
0.488036 0
0.488036 0
0.488436 88
0.488836 0
0.488836 0
0.489236 87
0.489636 0
0.489636 0
0.490036 86
0.490436 0
0.490436 0
0.490836 85
0.491236 0
0.491236 0
0.491636 84
0.492036 0
0.492036 0
0.492436 83
0.492836 0
0.492836 0
0.493236 82
0.493636 0
0.493636 0
0.494036 81
0.494436 0
0.494436 0
0.494836 80
0.495236 0
0.495236 0
0.495636 79
0.496036 0
0.496036 0
0.496436 78
0.496836 0
0.496836 0
0.497236 77
0.497636 0
0.497636 0
0.498036 78
0.498036 79
0.498036 80
0.498036 81
0.498036 82
0.498036 83
0.498036 84
0.498036 85
0.498036 86
0.498036 87
0.498036 88
0.498036 89
0.498036 90
0.498036 91
0.498036 92
0.498036 93
0.498036 94
0.498036 95
0.498036 96
0.498036 97
0.498036 98
0.498036 99
0.498036 100
0.498036 101
0.498036 102
0.498036 103
0.498036 104
0.498036 105
0.498036 106
0.498036 107
0.498036 108
0.498036 109
0.498036 110
0.498036 111
0.498036 112
0.498036 113
0.498036 114
0.498036 115
0.498036 116
0.498036 117
0.498036 118
0.498036 119
0.498036 120
0.498036 121
0.498036 122
0.498036 123
0.498036 124
0.498036 125
0.498036 126
0.498036 127
0.498036 128
0.498036 129
0.498036 130
0.498036 131
0.498036 132
0.498036 133
0.498036 134
0.498036 135
0.498036 136
0.498036 137
0.498036 138
0.498036 139
0.498036 140
0.498036 141
0.498036 142
0.498036 143
0.498036 144
0.498036 145
0.498036 146
0.498036 147
0.498036 148
0.498036 149
0.498036 150
0.498036 151
0.498036 152
0.498036 153
0.498036 154
0.498036 155
0.498036 156
0.498036 157
0.498036 158
0.498036 159
0.498036 160
0.498036 161
0.498036 162
0.498036 163
0.498036 164
0.498036 165
0.498036 166
0.498036 167
0.498036 168
0.498036 169
0.498036 170
0.498036 171
0.498036 172
0.498036 173
0.498036 174
0.498036 175
0.498036 176
0.498036 177
0.498036 176
0.498436 0
0.498436 0
0.498836 175
0.499236 0
0.499236 0
0.499636 174
0.500036 0
0.500036 0
0.500436 173
0.500836 0
0.500836 0
0.501236 172
0.501636 0
0.501636 0
0.502036 171
0.502436 0
0.502436 0
0.502836 170
0.503236 0
0.503236 0
0.503636 169
0.504036 0
0.504036 0
0.504436 168
0.504836 0
0.504836 0
0.505236 167
0.505636 0
0.505636 0
0.506036 166
0.506436 0
0.506436 0
0.506836 165
0.507236 0
0.507236 0
0.507636 164
0.508036 0
0.508036 0
0.508436 163
0.508836 0
0.508836 0
0.509236 162
0.509636 0
0.509636 0
0.510036 161
0.510436 0
0.510436 0
0.510836 160
0.511236 0
0.511236 0
0.511636 159
0.512036 0
0.512036 0
0.512436 158
0.512836 0
0.512836 0
0.513236 157
0.513636 0
0.513636 0
0.514036 156
0.514436 0
0.514436 0
0.514836 155
0.515236 0
0.515236 0
0.515636 154
0.516036 0
0.516036 0
0.516436 153
0.516836 0
0.516836 0
0.517236 152
0.517636 0
0.517636 0
0.518036 151
0.518436 0
0.518436 0
0.518836 150
0.519236 0
0.519236 0
0.519636 149
0.520036 0
0.520036 0
0.520436 148
0.520836 0
0.520836 0
0.521236 147
0.521636 0
0.521636 0
0.522036 146
0.522436 0
0.522436 0
0.522836 145
0.523236 0
0.523236 0
0.523636 144
0.524036 0
0.524036 0
0.524436 143
0.524836 0
0.524836 0
0.525236 142
0.525636 0
0.525636 0
0.526036 141
0.526436 0
0.526436 0
0.526836 140
0.527236 0
0.527236 0
0.527636 139
0.528036 0
0.528036 0
0.528436 138
0.528836 0
0.528836 0
0.529236 137
0.529636 0
0.529636 0
0.530036 136
0.530436 0
0.530436 0
0.530836 135
0.531236 0
0.531236 0
0.531636 134
0.532036 0
0.532036 0
0.532436 133
0.532836 0
0.532836 0
0.533236 132
0.533636 0
0.533636 0
0.534036 131
0.534436 0
0.534436 0
0.534836 130
0.535236 0
0.535236 0
0.535636 129
0.536036 0
0.536036 0
0.536436 128
0.536836 0
0.536836 0
0.537236 127
0.537636 0
0.537636 0
0.538036 126
0.538436 0
0.538436 0
0.538836 125
0.539236 0
0.539236 0
0.539636 124
0.540036 0
0.540036 0
0.540436 123
0.540836 0
0.540836 0
0.541236 122
0.541636 0
0.541636 0
0.542036 121
0.542436 0
0.542436 0
0.542836 120
0.543236 0
0.543236 0
0.543636 119
0.544036 0
0.544036 0
0.544436 118
0.544836 0
0.544836 0
0.545236 117
0.545636 0
0.545636 0
0.546036 116
0.546436 0
0.546436 0
0.546836 115
0.547236 0
0.547236 0
0.547636 114
0.548036 0
0.548036 0
0.548436 113
0.548836 0
0.548836 0
0.549236 112
0.549636 0
0.549636 0
0.550036 111
0.550436 0
0.550436 0
0.550836 110
0.551236 0
0.551236 0
0.551636 109
0.552036 0
0.552036 0
0.552436 108
0.552836 0
0.552836 0
0.553236 107
0.553636 0
0.553636 0
0.554036 106
0.554436 0
0.554436 0
0.554836 105
0.555236 0
0.555236 0
0.555636 104
0.556036 0
0.556036 0
0.556436 103
0.556836 0
0.556836 0
0.557236 102
0.557636 0
0.557636 0
0.558036 101
0.558436 0
0.558436 0
0.558836 100
0.5589616 99
0.559236 0
0.559236 0
0.5597616 98
0.560036 0
0.560036 0
0.5605616 97
0.560836 0
0.560836 0
0.5613616 96
0.561636 0
0.561636 0
0.5621616 95
0.562436 0
0.562436 0
0.5629616 94
0.563236 0
0.563236 0
0.5637616 93
0.564036 0
0.564036 0
0.5645616 92
0.564836 0
0.564836 0
0.5653616 91
0.565636 0
0.565636 0
0.5661616 90
0.566436 0
0.566436 0
0.5669616 89
0.567236 0
0.567236 0
0.5677616 88
0.568036 0
0.568036 0
0.5685616 87
0.568836 0
0.568836 0
0.5689616 0
0.5689616 0
0.5693616 86
0.5697616 0
0.5697616 0
0.5701616 85
0.5705616 0
0.5705616 0
0.5709616 84
0.5713616 0
0.5713616 0
0.5717616 83
0.5721616 0
0.5721616 0
0.5725616 82
0.5729616 0
0.5729616 0
0.5733616 81
0.5737616 0
0.5737616 0
0.5741616 80
0.5745616 0
0.5745616 0
0.5749616 79
0.5753616 0
0.5753616 0
0.5757616 78
0.5761616 0
0.5761616 0
0.5765616 77
0.5769616 0
0.5769616 0
0.5773616 76
0.5777616 0
0.5777616 0
0.5781616 75
0.5785616 0
0.5785616 0
0.5789616 76
0.5789616 77
0.5789616 78
0.5789616 79
0.5789616 80
0.5789616 81
0.5789616 82
0.5789616 83
0.5789616 84
0.5789616 85
0.5789616 86
0.5789616 87
0.5789616 88
0.5789616 89
0.5789616 90
0.5789616 91
0.5789616 92
0.5789616 93
0.5789616 94
0.5789616 95
0.5789616 96
0.5789616 97
0.5789616 98
0.5789616 99
0.5789616 100
0.5789616 101
0.5789616 102
0.5789616 103
0.5789616 104
0.5789616 105
0.5789616 106
0.5789616 107
0.5789616 108
0.5789616 109
0.5789616 110
0.5789616 111
0.5789616 112
0.5789616 113
0.5789616 114
0.5789616 115
0.5789616 116
0.5789616 117
0.5789616 118
0.5789616 119
0.5789616 120
0.5789616 121
0.5789616 122
0.5789616 123
0.5789616 124
0.5789616 125
0.5789616 126
0.5789616 127
0.5789616 128
0.5789616 129
0.5789616 130
0.5789616 131
0.5789616 132
0.5789616 133
0.5789616 134
0.5789616 135
0.5789616 136
0.5789616 137
0.5789616 138
0.5789616 139
0.5789616 140
0.5789616 141
0.5789616 142
0.5789616 143
0.5789616 144
0.5789616 145
0.5789616 146
0.5789616 147
0.5789616 148
0.5789616 149
0.5789616 150
0.5789616 151
0.5789616 152
0.5789616 153
0.5789616 154
0.5789616 155
0.5789616 156
0.5789616 157
0.5789616 158
0.5789616 159
0.5789616 160
0.5789616 161
0.5789616 162
0.5789616 163
0.5789616 164
0.5789616 165
0.5789616 166
0.5789616 167
0.5789616 168
0.5789616 169
0.5789616 170
0.5789616 171
0.5789616 172
0.5789616 173
0.5789616 174
0.5789616 175
0.5789616 176
0.5789616 177
0.5789616 178
0.5789616 177
0.5793616 0
0.5793616 0
0.5797616 176
0.5801616 0
0.5801616 0
0.5805616 175
0.5809616 0
0.5809616 0
0.5813616 174
0.5817616 0
0.5817616 0
0.5821616 173
0.5825616 0
0.5825616 0
0.5829616 172
0.5833616 0
0.5833616 0
0.5837616 171
0.5841616 0
0.5841616 0
0.5845616 170
0.5849616 0
0.5849616 0
0.5853616 169
0.5857616 0
0.5857616 0
0.5861616 168
0.5865616 0
0.5865616 0
0.5869616 167
0.5873616 0
0.5873616 0
0.5877616 166
0.5881616 0
0.5881616 0
0.5885616 165
0.5889616 0
0.5889616 0
0.5893616 164
0.5897616 0
0.5897616 0
0.5901616 163
0.5905616 0
0.5905616 0
0.5909616 162
0.5913616 0
0.5913616 0
0.5917616 161
0.5921616 0
0.5921616 0
0.5925616 160
0.5929616 0
0.5929616 0
0.5933616 159
0.5937616 0
0.5937616 0
0.5941616 158
0.5945616 0
0.5945616 0
0.5949616 157
0.5953616 0
0.5953616 0
0.5957616 156
0.5961616 0
0.5961616 0
0.5965616 155
0.5969616 0
0.5969616 0
0.5973616 154
0.5977616 0
0.5977616 0
0.5981616 153
0.5985616 0
0.5985616 0
0.5989616 152
0.5993616 0
0.5993616 0
0.5997616 151
0.6001616 0
0.6001616 0
0.6005616 150
0.6009616 0
0.6009616 0
0.6013616 149
0.6017616 0
0.6017616 0
0.6021616 148
0.6025616 0
0.6025616 0
0.6029616 147
0.6033616 0
0.6033616 0
0.6037616 146
0.6041616 0
0.6041616 0
0.6045616 145
0.6049616 0
0.6049616 0
0.6053616 144
0.6057616 0
0.6057616 0
0.6061616 143
0.6065616 0
0.6065616 0
0.6069616 142
0.6073616 0
0.6073616 0
0.6077616 141
0.6081616 0
0.6081616 0
0.6085616 140
0.6089616 0
0.6089616 0
0.6093616 139
0.6097616 0
0.6097616 0
0.6101616 138
0.6105616 0
0.6105616 0
0.6109616 137
0.6113616 0
0.6113616 0
0.6117616 136
0.6121616 0
0.6121616 0
0.6125616 135
0.6129616 0
0.6129616 0
0.6133616 134
0.6137616 0
0.6137616 0
0.6141616 133
0.6145616 0
0.6145616 0
0.6149616 132
0.6153616 0
0.6153616 0
0.6157616 131
0.6161616 0
0.6161616 0
0.6165616 130
0.6169616 0
0.6169616 0
0.6173616 129
0.6177616 0
0.6177616 0
0.6181616 128
0.6185616 0
0.6185616 0
0.6189616 127
0.6193616 0
0.6193616 0
0.6197616 126
0.6201616 0
0.6201616 0
0.6205616 125
0.6209616 0
0.6209616 0
0.6213616 124
0.6217616 0
0.6217616 0
0.6221616 123
0.6225616 0
0.6225616 0
0.6229616 122
0.6233616 0
0.6233616 0
0.6237616 121
0.6241616 0
0.6241616 0
0.6245616 120
0.6249616 0
0.6249616 0
0.6253616 119
0.6257616 0
0.6257616 0
0.6261616 118
0.6265616 0
0.6265616 0
0.6269616 117
0.6273616 0
0.6273616 0
0.6277616 116
0.6281616 0
0.6281616 0
0.6285616 115
0.6289616 0
0.6289616 0
0.6293616 114
0.6297616 0
0.6297616 0
0.6301616 113
0.6305616 0
0.6305616 0
0.6309616 112
0.6313616 0
0.6313616 0
0.6317616 111
0.6321616 0
0.6321616 0
0.6325616 110
0.6329616 0
0.6329616 0
0.6333616 109
0.6337616 0
0.6337616 0
0.6341616 108
0.6345616 0
0.6345616 0
0.6349616 107
0.6353616 0
0.6353616 0
0.6357616 106
0.6361616 0
0.6361616 0
0.6365616 105
0.6369616 0
0.6369616 0
0.6373616 104
0.6377616 0
0.6377616 0
0.6381616 103
0.6383936 102
0.6385616 0
0.6385616 0
0.6391936 101
0.6393616 0
0.6393616 0
0.6399936 100
0.6401616 0
0.6401616 0
0.6407936 99
0.6409616 0
0.6409616 0
0.6415936 98
0.6417616 0
0.6417616 0
0.6423936 97
0.6425616 0
0.6425616 0
0.6431936 96
0.6433616 0
0.6433616 0
0.6439936 95
0.6441616 0
0.6441616 0
0.6447936 94
0.6449616 0
0.6449616 0
0.6455936 93
0.6457616 0
0.6457616 0
0.6463936 92
0.6465616 0
0.6465616 0
0.6471936 91
0.6473616 0
0.6473616 0
0.6479936 90
0.6481616 0
0.6481616 0
0.6483936 0
0.6483936 0
0.6487936 89
0.6491936 0
0.6491936 0
0.6495936 88
0.6499936 0
0.6499936 0
0.6503936 87
0.6507936 0
0.6507936 0
0.6511936 86
0.6515936 0
0.6515936 0
0.6519936 85
0.6523936 0
0.6523936 0
0.6527936 84
0.6531936 0
0.6531936 0
0.6535936 83
0.6539936 0
0.6539936 0
0.6543936 82
0.6547936 0
0.6547936 0
0.6551936 81
0.6555936 0
0.6555936 0
0.6559936 80
0.6563936 0
0.6563936 0
0.6567936 79
0.6571936 0
0.6571936 0
0.6575936 78
0.6579936 0
0.6579936 0
0.6583936 79
0.6583936 80
0.6583936 81
0.6583936 82
0.6583936 83
0.6583936 84
0.6583936 85
0.6583936 86
0.6583936 87
0.6583936 88
0.6583936 89
0.6583936 90
0.6583936 91
0.6583936 92
0.6583936 93
0.6583936 94
0.6583936 95
0.6583936 96
0.6583936 97
0.6583936 98
0.6583936 99
0.6583936 100
0.6583936 101
0.6583936 102
0.6583936 103
0.6583936 104
0.6583936 105
0.6583936 106
0.6583936 107
0.6583936 108
0.6583936 109
0.6583936 110
0.6583936 111
0.6583936 112
0.6583936 113
0.6583936 114
0.6583936 115
0.6583936 116
0.6583936 117
0.6583936 118
0.6583936 119
0.6583936 120
0.6583936 121
0.6583936 122
0.6583936 123
0.6583936 124
0.6583936 125
0.6583936 126
0.6583936 127
0.6583936 128
0.6583936 129
0.6583936 130
0.6583936 131
0.6583936 132
0.6583936 133
0.6583936 134
0.6583936 135
0.6583936 136
0.6583936 137
0.6583936 138
0.6583936 139
0.6583936 140
0.6583936 141
0.6583936 142
0.6583936 143
0.6583936 144
0.6583936 145
0.6583936 146
0.6583936 147
0.6583936 148
0.6583936 149
0.6583936 150
0.6583936 151
0.6583936 152
0.6583936 153
0.6583936 154
0.6583936 155
0.6583936 156
0.6583936 157
0.6583936 158
0.6583936 159
0.6583936 160
0.6583936 161
0.6583936 162
0.6583936 163
0.6583936 164
0.6583936 165
0.6583936 166
0.6583936 167
0.6583936 168
0.6583936 169
0.6583936 170
0.6583936 171
0.6583936 172
0.6583936 173
0.6583936 174
0.6583936 175
0.6583936 176
0.6583936 177
0.6583936 178
0.6583936 179
0.6583936 178
0.6587936 0
0.6587936 0
0.6591936 177
0.6595936 0
0.6595936 0
0.6599936 176
0.6603936 0
0.6603936 0
0.6607936 175
0.6611936 0
0.6611936 0
0.6615936 174
0.6619936 0
0.6619936 0
0.6623936 173
0.6627936 0
0.6627936 0
0.6631936 172
0.6635936 0
0.6635936 0
0.6639936 171
0.6643936 0
0.6643936 0
0.6647936 170
0.6651936 0
0.6651936 0
0.6655936 169
0.6659936 0
0.6659936 0
0.6663936 168
0.6667936 0
0.6667936 0
0.6671936 167
0.6675936 0
0.6675936 0
0.6679936 166
0.6683936 0
0.6683936 0
0.6687936 165
0.6691936 0
0.6691936 0
0.6695936 164
0.6699936 0
0.6699936 0
0.6703936 163
0.6707936 0
0.6707936 0
0.6711936 162
0.6715936 0
0.6715936 0
0.6719936 161
0.6723936 0
0.6723936 0
0.6727936 160
0.6731936 0
0.6731936 0
0.6735936 159
0.6739936 0
0.6739936 0
0.6743936 158
0.6747936 0
0.6747936 0
0.6751936 157
0.6755936 0
0.6755936 0
0.6759936 156
0.6763936 0
0.6763936 0
0.6767936 155
0.6771936 0
0.6771936 0
0.6775936 154
0.6779936 0
0.6779936 0
0.6783936 153
0.6787936 0
0.6787936 0
0.6791936 152
0.6795936 0
0.6795936 0
0.6799936 151
0.6803936 0
0.6803936 0
0.6807936 150
0.6811936 0
0.6811936 0
0.6815936 149
0.6819936 0
0.6819936 0
0.6823936 148
0.6827936 0
0.6827936 0
0.6831936 147
0.6835936 0
0.6835936 0
0.6839936 146
0.6843936 0
0.6843936 0
0.6847936 145
0.6851936 0
0.6851936 0
0.6855936 144
0.6859936 0
0.6859936 0
0.6863936 143
0.6867936 0
0.6867936 0
0.6871936 142
0.6875936 0
0.6875936 0
0.6879936 141
0.6883936 0
0.6883936 0
0.6887936 140
0.6891936 0
0.6891936 0
0.6895936 139
0.6899936 0
0.6899936 0
0.6903936 138
0.6907936 0
0.6907936 0
0.6911936 137
0.6915936 0
0.6915936 0
0.6919936 136
0.6923936 0
0.6923936 0
0.6927936 135
0.6931936 0
0.6931936 0
0.6935936 134
0.6939936 0
0.6939936 0
0.6943936 133
0.6947936 0
0.6947936 0
0.6951936 132
0.6955936 0
0.6955936 0
0.6959936 131
0.6963936 0
0.6963936 0
0.6967936 130
0.6971936 0
0.6971936 0
0.6975936 129
0.6979936 0
0.6979936 0
0.6983936 128
0.6987936 0
0.6987936 0
0.6991936 127
0.6995936 0
0.6995936 0
0.6999936 126
0.7003936 0
0.7003936 0
0.7007936 125
0.7011936 0
0.7011936 0
0.7015936 124
0.7019936 0
0.7019936 0
0.7023936 123
0.7027936 0
0.7027936 0
0.7031936 122
0.7035936 0
0.7035936 0
0.7039936 121
0.7043936 0
0.7043936 0
0.7047936 120
0.7051936 0
0.7051936 0
0.7055936 119
0.7059936 0
0.7059936 0
0.7063936 118
0.7067936 0
0.7067936 0
0.7071936 117
0.7075936 0
0.7075936 0
0.7079936 116
0.7083936 0
0.7083936 0
0.7087936 115
0.7091936 0
0.7091936 0
0.7095936 114
0.7099936 0
0.7099936 0
0.7103936 113
0.7107936 0
0.7107936 0
0.7111936 112
0.7115936 0
0.7115936 0
0.7119936 111
0.7123936 0
0.7123936 0
0.7127936 110
0.7131936 0
0.7131936 0
0.7135936 109
0.7139936 0
0.7139936 0
0.7143936 108
0.7147936 0
0.7147936 0
0.7151936 107
0.7155936 0
0.7155936 0
0.7159936 106
0.7163936 0
0.7163936 0
0.7167936 105
0.7171936 0
0.7171936 0
0.7175936 104
0.7179936 0
0.7179936 0
0.7183936 103
0.7187936 0
0.7187936 0
0.7191936 102
0.7195936 0
0.7195936 0
0.7199936 101
0.7200472 100
0.7203936 0
0.7203936 0
0.7208472 99
0.7211936 0
0.7211936 0
0.7216472 98
0.7219936 0
0.7219936 0
0.7224472 97
0.7227936 0
0.7227936 0
0.7232472 96
0.7235936 0
0.7235936 0
0.7240472 95
0.7243936 0
0.7243936 0
0.7248472 94
0.7251936 0
0.7251936 0
0.7256472 93
0.7259936 0
0.7259936 0
0.7264472 92
0.7267936 0
0.7267936 0
0.7272472 91
0.7275936 0
0.7275936 0
0.7280472 90
0.7283936 0
0.7283936 0
0.7288472 89
0.7291936 0
0.7291936 0
0.7296472 88
0.7299936 0
0.7299936 0
0.7300472 0
0.7300472 0
0.7304472 87
0.7308472 0
0.7308472 0
0.7312472 86
0.7316472 0
0.7316472 0
0.7320472 85
0.7324472 0
0.7324472 0
0.7328472 84
0.7332472 0
0.7332472 0
0.7336472 83
0.7340472 0
0.7340472 0
0.7344472 82
0.7348472 0
0.7348472 0
0.7352472 81
0.7356472 0
0.7356472 0
0.7360472 80
0.7364472 0
0.7364472 0
0.7368472 79
0.7372472 0
0.7372472 0
0.7376472 78
0.7380472 0
0.7380472 0
0.7384472 77
0.7388472 0
0.7388472 0
0.7392472 76
0.7396472 0
0.7396472 0
0.7400472 77
0.7400472 78
0.7400472 79
0.7400472 80
0.7400472 81
0.7400472 82
0.7400472 83
0.7400472 84
0.7400472 85
0.7400472 86
0.7400472 87
0.7400472 88
0.7400472 89
0.7400472 90
0.7400472 91
0.7400472 92
0.7400472 93
0.7400472 94
0.7400472 95
0.7400472 96
0.7400472 97
0.7400472 98
0.7400472 99
0.7400472 100
0.7400472 101
0.7400472 102
0.7400472 103
0.7400472 104
0.7400472 105
0.7400472 106
0.7400472 107
0.7400472 108
0.7400472 109
0.7400472 110
0.7400472 111
0.7400472 112
0.7400472 113
0.7400472 114
0.7400472 115
0.7400472 116
0.7400472 117
0.7400472 118
0.7400472 119
0.7400472 120
0.7400472 121
0.7400472 122
0.7400472 123
0.7400472 124
0.7400472 125
0.7400472 126
0.7400472 127
0.7400472 128
0.7400472 129
0.7400472 130
0.7400472 131
0.7400472 132
0.7400472 133
0.7400472 134
0.7400472 135
0.7400472 136
0.7400472 137
0.7400472 138
0.7400472 139
0.7400472 140
0.7400472 141
0.7400472 142
0.7400472 143
0.7400472 144
0.7400472 145
0.7400472 146
0.7400472 147
0.7400472 148
0.7400472 149
0.7400472 150
0.7400472 151
0.7400472 152
0.7400472 153
0.7400472 154
0.7400472 155
0.7400472 156
0.7400472 157
0.7400472 158
0.7400472 159
0.7400472 160
0.7400472 161
0.7400472 162
0.7400472 163
0.7400472 164
0.7400472 165
0.7400472 166
0.7400472 167
0.7400472 168
0.7400472 169
0.7400472 170
0.7400472 171
0.7400472 172
0.7400472 173
0.7400472 174
0.7400472 175
0.7400472 176
0.7400472 177
0.7400472 178
0.7400472 179
0.7400472 178
0.7404472 0
0.7404472 0
0.7408472 177
0.7412472 0
0.7412472 0
0.7416472 176
0.7420472 0
0.7420472 0
0.7424472 175
0.7428472 0
0.7428472 0
0.7432472 174
0.7436472 0
0.7436472 0
0.7440472 173
0.7444472 0
0.7444472 0
0.7448472 172
0.7452472 0
0.7452472 0
0.7456472 171
0.7460472 0
0.7460472 0
0.7464472 170
0.7468472 0
0.7468472 0
0.7472472 169
0.7476472 0
0.7476472 0
0.7480472 168
0.7484472 0
0.7484472 0
0.7488472 167
0.7492472 0
0.7492472 0
0.7496472 166
0.7500472 0
0.7500472 0
0.7504472 165
0.7508472 0
0.7508472 0
0.7512472 164
0.7516472 0
0.7516472 0
0.7520472 163
0.7524472 0
0.7524472 0
0.7528472 162
0.7532472 0
0.7532472 0
0.7536472 161
0.7540472 0
0.7540472 0
0.7544472 160
0.7548472 0
0.7548472 0
0.7552472 159
0.7556472 0
0.7556472 0
0.7560472 158
0.7564472 0
0.7564472 0
0.7568472 157
0.7572472 0
0.7572472 0
0.7576472 156
0.7580472 0
0.7580472 0
0.7584472 155
0.7588472 0
0.7588472 0
0.7592472 154
0.7596472 0
0.7596472 0
0.7600472 153
0.7604472 0
0.7604472 0
0.7608472 152
0.7612472 0
0.7612472 0
0.7616472 151
0.7620472 0
0.7620472 0
0.7624472 150
0.7628472 0
0.7628472 0
0.7632472 149
0.7636472 0
0.7636472 0
0.7640472 148
0.7644472 0
0.7644472 0
0.7648472 147
0.7652472 0
0.7652472 0
0.7656472 146
0.7660472 0
0.7660472 0
0.7664472 145
0.7668472 0
0.7668472 0
0.7672472 144
0.7676472 0
0.7676472 0
0.7680472 143
0.7684472 0
0.7684472 0
0.7688472 142
0.7692472 0
0.7692472 0
0.7696472 141
0.7700472 0
0.7700472 0
0.7704472 140
0.7708472 0
0.7708472 0
0.7712472 139
0.7716472 0
0.7716472 0
0.7720472 138
0.7724472 0
0.7724472 0
0.7728472 137
0.7732472 0
0.7732472 0
0.7736472 136
0.7740472 0
0.7740472 0
0.7744472 135
0.7748472 0
0.7748472 0
0.7752472 134
0.7756472 0
0.7756472 0
0.7760472 133
0.7764472 0
0.7764472 0
0.7768472 132
0.7772472 0
0.7772472 0
0.7776472 131
0.7780472 0
0.7780472 0
0.7784472 130
0.7788472 0
0.7788472 0
0.7792472 129
0.7796472 0
0.7796472 0
0.7800472 128
0.7804472 0
0.7804472 0
0.7808472 127
0.7812472 0
0.7812472 0
0.7816472 126
0.7820472 0
0.7820472 0
0.7824472 125
0.7828472 0
0.7828472 0
0.7832472 124
0.7836472 0
0.7836472 0
0.7840472 123
0.7844472 0
0.7844472 0
0.7848472 122
0.7852472 0
0.7852472 0
0.7856472 121
0.7860472 0
0.7860472 0
0.7864472 120
0.7868472 0
0.7868472 0
0.7872472 119
0.7876472 0
0.7876472 0
0.7880472 118
0.7884472 0
0.7884472 0
0.7888472 117
0.7892472 0
0.7892472 0
0.7896472 116
0.7900472 0
0.7900472 0
0.7904472 115
0.7908472 0
0.7908472 0
0.7912472 114
0.7916472 0
0.7916472 0
0.7920472 113
0.7924472 0
0.7924472 0
0.7928472 112
0.7932472 0
0.7932472 0
0.7936472 111
0.7940472 0
0.7940472 0
0.7944472 110
0.7948472 0
0.7948472 0
0.7952472 109
0.7956472 0
0.7956472 0
0.7960472 108
0.7964472 0
0.7964472 0
0.7968472 107
0.7972472 0
0.7972472 0
0.7976472 106
0.7980472 0
0.7980472 0
0.7984472 105
0.7988472 0
0.7988472 0
0.7992472 104
0.7996472 0
0.7996472 0
0.8000472 103
0.8002512 102
0.8004472 0
0.8004472 0
0.8010512 101
0.8012472 0
0.8012472 0
0.8018512 100
0.8020472 0
0.8020472 0
0.8026512 99
0.8028472 0
0.8028472 0
0.8034512 98
0.8036472 0
0.8036472 0
0.8042512 97
0.8044472 0
0.8044472 0
0.8050512 96
0.8052472 0
0.8052472 0
0.8058512 95
0.8060472 0
0.8060472 0
0.8066512 94
0.8068472 0
0.8068472 0
0.8074512 93
0.8076472 0
0.8076472 0
0.8082512 92
0.8084472 0
0.8084472 0
0.8090512 91
0.8092472 0
0.8092472 0
0.8098512 90
0.8100472 0
0.8100472 0
0.8102512 0
0.8102512 0
0.8106512 89
0.8110512 0
0.8110512 0
0.8114512 88
0.8118512 0
0.8118512 0
0.8122512 87
0.8126512 0
0.8126512 0
0.8130512 86
0.8134512 0
0.8134512 0
0.8138512 85
0.8142512 0
0.8142512 0
0.8146512 84
0.8150512 0
0.8150512 0
0.8154512 83
0.8158512 0
0.8158512 0
0.8162512 82
0.8166512 0
0.8166512 0
0.8170512 81
0.8174512 0
0.8174512 0
0.8178512 80
0.8182512 0
0.8182512 0
0.8186512 79
0.8190512 0
0.8190512 0
0.8194512 78
0.8198512 0
0.8198512 0
0.8202512 79
0.8202512 80
0.8202512 81
0.8202512 82
0.8202512 83
0.8202512 84
0.8202512 85
0.8202512 86
0.8202512 87
0.8202512 88
0.8202512 89
0.8202512 90
0.8202512 91
0.8202512 92
0.8202512 93
0.8202512 94
0.8202512 95
0.8202512 96
0.8202512 97
0.8202512 98
0.8202512 99
0.8202512 100
0.8202512 101
0.8202512 102
0.8202512 103
0.8202512 104
0.8202512 105
0.8202512 106
0.8202512 107
0.8202512 108
0.8202512 109
0.8202512 110
0.8202512 111
0.8202512 112
0.8202512 113
0.8202512 114
0.8202512 115
0.8202512 116
0.8202512 117
0.8202512 118
0.8202512 119
0.8202512 120
0.8202512 121
0.8202512 122
0.8202512 123
0.8202512 124
0.8202512 125
0.8202512 126
0.8202512 127
0.8202512 128
0.8202512 129
0.8202512 130
0.8202512 131
0.8202512 132
0.8202512 133
0.8202512 134
0.8202512 135
0.8202512 136
0.8202512 137
0.8202512 138
0.8202512 139
0.8202512 140
0.8202512 141
0.8202512 142
0.8202512 143
0.8202512 144
0.8202512 145
0.8202512 146
0.8202512 147
0.8202512 148
0.8202512 149
0.8202512 150
0.8202512 151
0.8202512 152
0.8202512 153
0.8202512 154
0.8202512 155
0.8202512 156
0.8202512 157
0.8202512 158
0.8202512 159
0.8202512 160
0.8202512 161
0.8202512 162
0.8202512 163
0.8202512 164
0.8202512 165
0.8202512 166
0.8202512 167
0.8202512 168
0.8202512 169
0.8202512 170
0.8202512 171
0.8202512 172
0.8202512 173
0.8202512 174
0.8202512 175
0.8202512 176
0.8202512 177
0.8202512 178
0.8202512 179
0.8202512 180
0.8202512 179
0.8206512 0
0.8206512 0
0.8210512 178
0.8214512 0
0.8214512 0
0.8218512 177
0.8222512 0
0.8222512 0
0.8226512 176
0.8230512 0
0.8230512 0
0.8234512 175
0.8238512 0
0.8238512 0
0.8242512 174
0.8246512 0
0.8246512 0
0.8250512 173
0.8254512 0
0.8254512 0
0.8258512 172
0.8262512 0
0.8262512 0
0.8266512 171
0.8270512 0
0.8270512 0
0.8274512 170
0.8278512 0
0.8278512 0
0.8282512 169
0.8286512 0
0.8286512 0
0.8290512 168
0.8294512 0
0.8294512 0
0.8298512 167
0.8302512 0
0.8302512 0
0.8306512 166
0.8310512 0
0.8310512 0
0.8314512 165
0.8318512 0
0.8318512 0
0.8322512 164
0.8326512 0
0.8326512 0
0.8330512 163
0.8334512 0
0.8334512 0
0.8338512 162
0.8342512 0
0.8342512 0
0.8346512 161
0.8350512 0
0.8350512 0
0.8354512 160
0.8358512 0
0.8358512 0
0.8362512 159
0.8366512 0
0.8366512 0
0.8370512 158
0.8374512 0
0.8374512 0
0.8378512 157
0.8382512 0
0.8382512 0
0.8386512 156
0.8390512 0
0.8390512 0
0.8394512 155
0.8398512 0
0.8398512 0
0.8402512 154
0.8406512 0
0.8406512 0
0.8410512 153
0.8414512 0
0.8414512 0
0.8418512 152
0.8422512 0
0.8422512 0
0.8426512 151
0.8430512 0
0.8430512 0
0.8434512 150
0.8438512 0
0.8438512 0
0.8442512 149
0.8446512 0
0.8446512 0
0.8450512 148
0.8454512 0
0.8454512 0
0.8458512 147
0.8462512 0
0.8462512 0
0.8466512 146
0.8470512 0
0.8470512 0
0.8474512 145
0.8478512 0
0.8478512 0
0.8482512 144
0.8486512 0
0.8486512 0
0.8490512 143
0.8494512 0
0.8494512 0
0.8498512 142
0.8502512 0
0.8502512 0
0.8506512 141
0.8510512 0
0.8510512 0
0.8514512 140
0.8518512 0
0.8518512 0
0.8522512 139
0.8526512 0
0.8526512 0
0.8530512 138
0.8534512 0
0.8534512 0
0.8538512 137
0.8542512 0
0.8542512 0
0.8546512 136
0.8550512 0
0.8550512 0
0.8554512 135
0.8558512 0
0.8558512 0
0.8562512 134
0.8566512 0
0.8566512 0
0.8570512 133
0.8574512 0
0.8574512 0
0.8578512 132
0.8582512 0
0.8582512 0
0.8586512 131
0.8590512 0
0.8590512 0
0.8594512 130
0.8598512 0
0.8598512 0
0.8602512 129
0.8606512 0
0.8606512 0
0.8610512 128
0.8614512 0
0.8614512 0
0.8618512 127
0.8622512 0
0.8622512 0
0.8626512 126
0.8630512 0
0.8630512 0
0.8634512 125
0.8638512 0
0.8638512 0
0.8642512 124
0.8646512 0
0.8646512 0
0.8650512 123
0.8654512 0
0.8654512 0
0.8658512 122
0.8662512 0
0.8662512 0
0.8666512 121
0.8670512 0
0.8670512 0
0.8674512 120
0.8678512 0
0.8678512 0
0.8682512 119
0.8686512 0
0.8686512 0
0.8690512 118
0.8694512 0
0.8694512 0
0.8698512 117
0.8702512 0
0.8702512 0
0.8706512 116
0.8710512 0
0.8710512 0
0.8714512 115
0.8718512 0
0.8718512 0
0.8722512 114
0.8726512 0
0.8726512 0
0.8730512 113
0.8734512 0
0.8734512 0
0.8738512 112
0.8742512 0
0.8742512 0
0.8746512 111
0.8750512 0
0.8750512 0
0.8754512 110
0.8758512 0
0.8758512 0
0.8762512 109
0.8766512 0
0.8766512 0
0.8770512 108
0.8774512 0
0.8774512 0
0.8778512 107
0.8782512 0
0.8782512 0
0.8786512 106
0.8790512 0
0.8790512 0
0.8794512 105
0.8798512 0
0.8798512 0
0.8802512 104
0.8806512 0
0.8806512 0
0.8810512 103
0.8814512 0
0.8814512 0
0.8818512 102
0.8822512 0
0.8822512 0
0.8826392 101
0.8830512 0
0.8830512 0
0.8834392 100
0.8838512 0
0.8838512 0
0.8842392 99
0.8846512 0
0.8846512 0
0.8850392 98
0.8854512 0
0.8854512 0
0.8858392 97
0.8862512 0
0.8862512 0
0.8866392 96
0.8870512 0
0.8870512 0
0.8874392 95
0.8878512 0
0.8878512 0
0.8882392 94
0.8886512 0
0.8886512 0
0.8890392 93
0.8894512 0
0.8894512 0
0.8898392 92
0.8902512 0
0.8902512 0
0.8906392 91
0.8910512 0
0.8910512 0
0.8914392 90
0.8918512 0
0.8918512 0
0.8922392 89
0.8926392 0
0.8926392 0
0.8930392 88
0.8934392 0
0.8934392 0
0.8938392 87
0.8942392 0
0.8942392 0
0.8946392 86
0.8950392 0
0.8950392 0
0.8954392 85
0.8958392 0
0.8958392 0
0.8962392 84
0.8966392 0
0.8966392 0
0.8970392 83
0.8974392 0
0.8974392 0
0.8978392 82
0.8982392 0
0.8982392 0
0.8986392 81
0.8990392 0
0.8990392 0
0.8994392 80
0.8998392 0
0.8998392 0
0.9002392 79
0.9006392 0
0.9006392 0
0.9010392 78
0.9014392 0
0.9014392 0
0.9018392 77
0.9022392 0
0.9022392 0
0.9026392 78
0.9026392 79
0.9026392 80
0.9026392 81
0.9026392 82
0.9026392 83
0.9026392 84
0.9026392 85
0.9026392 86
0.9026392 87
0.9026392 88
0.9026392 89
0.9026392 90
0.9026392 91
0.9026392 92
0.9026392 93
0.9026392 94
0.9026392 95
0.9026392 96
0.9026392 97
0.9026392 98
0.9026392 99
0.9026392 100
0.9026392 101
0.9026392 102
0.9026392 103
0.9026392 104
0.9026392 105
0.9026392 106
0.9026392 107
0.9026392 108
0.9026392 109
0.9026392 110
0.9026392 111
0.9026392 112
0.9026392 113
0.9026392 114
0.9026392 115
0.9026392 116
0.9026392 117
0.9026392 118
0.9026392 119
0.9026392 120
0.9026392 121
0.9026392 122
0.9026392 123
0.9026392 124
0.9026392 125
0.9026392 126
0.9026392 127
0.9026392 128
0.9026392 129
0.9026392 130
0.9026392 131
0.9026392 132
0.9026392 133
0.9026392 134
0.9026392 135
0.9026392 136
0.9026392 137
0.9026392 138
0.9026392 139
0.9026392 140
0.9026392 141
0.9026392 142
0.9026392 143
0.9026392 144
0.9026392 145
0.9026392 146
0.9026392 147
0.9026392 148
0.9026392 149
0.9026392 150
0.9026392 151
0.9026392 152
0.9026392 153
0.9026392 154
0.9026392 155
0.9026392 156
0.9026392 157
0.9026392 158
0.9026392 159
0.9026392 160
0.9026392 161
0.9026392 162
0.9026392 163
0.9026392 164
0.9026392 165
0.9026392 166
0.9026392 167
0.9026392 168
0.9026392 169
0.9026392 170
0.9026392 171
0.9026392 172
0.9026392 173
0.9026392 174
0.9026392 175
0.9026392 176
0.9026392 177
0.9026392 178
0.9026392 179
0.9026392 180
0.9026392 181
0.9026392 180
0.9030392 0
0.9030392 0
0.9034392 179
0.9038392 0
0.9038392 0
0.9042392 178
0.9046392 0
0.9046392 0
0.9050392 177
0.9054392 0
0.9054392 0
0.9058392 176
0.9062392 0
0.9062392 0
0.9066392 175
0.9070392 0
0.9070392 0
0.9074392 174
0.9078392 0
0.9078392 0
0.9082392 173
0.9086392 0
0.9086392 0
0.9090392 172
0.9094392 0
0.9094392 0
0.9098392 171
0.9102392 0
0.9102392 0
0.9106392 170
0.9110392 0
0.9110392 0
0.9114392 169
0.9118392 0
0.9118392 0
0.9122392 168
0.9126392 0
0.9126392 0
0.9130392 167
0.9134392 0
0.9134392 0
0.9138392 166
0.9142392 0
0.9142392 0
0.9146392 165
0.9150392 0
0.9150392 0
0.9154392 164
0.9158392 0
0.9158392 0
0.9162392 163
0.9166392 0
0.9166392 0
0.9170392 162
0.9174392 0
0.9174392 0
0.9178392 161
0.9182392 0
0.9182392 0
0.9186392 160
0.9190392 0
0.9190392 0
0.9194392 159
0.9198392 0
0.9198392 0
0.9202392 158
0.9206392 0
0.9206392 0
0.9210392 157
0.9214392 0
0.9214392 0
0.9218392 156
0.9222392 0
0.9222392 0
0.9226392 155
0.9230392 0
0.9230392 0
0.9234392 154
0.9238392 0
0.9238392 0
0.9242392 153
0.9246392 0
0.9246392 0
0.9250392 152
0.9254392 0
0.9254392 0
0.9258392 151
0.9262392 0
0.9262392 0
0.9266392 150
0.9270392 0
0.9270392 0
0.9274392 149
0.9278392 0
0.9278392 0
0.9282392 148
0.9286392 0
0.9286392 0
0.9290392 147
0.9294392 0
0.9294392 0
0.9298392 146
0.9302392 0
0.9302392 0
0.9306392 145
0.9310392 0
0.9310392 0
0.9314392 144
0.9318392 0
0.9318392 0
0.9322392 143
0.9326392 0
0.9326392 0
0.9330392 142
0.9334392 0
0.9334392 0
0.9338392 141
0.9342392 0
0.9342392 0
0.9346392 140
0.9350392 0
0.9350392 0
0.9354392 139
0.9358392 0
0.9358392 0
0.9362392 138
0.9366392 0
0.9366392 0
0.9370392 137
0.9374392 0
0.9374392 0
0.9378392 136
0.9382392 0
0.9382392 0
0.9386392 135
0.9390392 0
0.9390392 0
0.9394392 134
0.9398392 0
0.9398392 0
0.9402392 133
0.9406392 0
0.9406392 0
0.9410392 132
0.9414392 0
0.9414392 0
0.9418392 131
0.9422392 0
0.9422392 0
0.9426392 130
0.9430392 0
0.9430392 0
0.9434392 129
0.9438392 0
0.9438392 0
0.9442392 128
0.9446392 0
0.9446392 0
0.9450392 127
0.9454392 0
0.9454392 0
0.9458392 126
0.9462392 0
0.9462392 0
0.9466392 125
0.9470392 0
0.9470392 0
0.9474392 124
0.9478392 0
0.9478392 0
0.9482392 123
0.9486392 0
0.9486392 0
0.9490392 122
0.9494392 0
0.9494392 0
0.9498392 121
0.9502392 0
0.9502392 0
0.9506392 120
0.9510392 0
0.9510392 0
0.9514392 119
0.9518392 0
0.9518392 0
0.9522392 118
0.9526392 0
0.9526392 0
0.9530392 117
0.9534392 0
0.9534392 0
0.9538392 116
0.9542392 0
0.9542392 0
0.9546392 115
0.9550392 0
0.9550392 0
0.9554392 114
0.9558392 0
0.9558392 0
0.9562392 113
0.9566392 0
0.9566392 0
0.9570392 112
0.9574392 0
0.9574392 0
0.9578392 111
0.9582392 0
0.9582392 0
0.9586392 110
0.9590392 0
0.9590392 0
0.9594392 109
0.9598392 0
0.9598392 0
0.9602392 108
0.9606392 0
0.9606392 0
0.9610392 107
0.9614392 0
0.9614392 0
0.9618392 106
0.9622392 0
0.9622392 0
0.9626392 105
0.9630392 0
0.9630392 0
0.9634392 104
0.9635648 103
0.9638392 0
0.9638392 0
0.9643648 102
0.9646392 0
0.9646392 0
0.9651648 101
0.9654392 0
0.9654392 0
0.9659648 100
0.9662392 0
0.9662392 0
0.9667648 99
0.9670392 0
0.9670392 0
0.9675648 98
0.9678392 0
0.9678392 0
0.9683648 97
0.9686392 0
0.9686392 0
0.9691648 96
0.9694392 0
0.9694392 0
0.9699648 95
0.9702392 0
0.9702392 0
0.9707648 94
0.9710392 0
0.9710392 0
0.9715648 93
0.9718392 0
0.9718392 0
0.9723648 92
0.9726392 0
0.9726392 0
0.9731648 91
0.9734392 0
0.9734392 0
0.9735648 0
0.9735648 0
0.9739648 90
0.9743648 0
0.9743648 0
0.9747648 89
0.9751648 0
0.9751648 0
0.9755648 88
0.9759648 0
0.9759648 0
0.9763648 87
0.9767648 0
0.9767648 0
0.9771648 86
0.9775648 0
0.9775648 0
0.9779648 85
0.9783648 0
0.9783648 0
0.9787648 84
0.9791648 0
0.9791648 0
0.9795648 83
0.9799648 0
0.9799648 0
0.9803648 82
0.9807648 0
0.9807648 0
0.9811648 81
0.9815648 0
0.9815648 0
0.9819648 80
0.9823648 0
0.9823648 0
0.9827648 79
0.9831648 0
0.9831648 0
0.9835648 80
0.9835648 81
0.9835648 82
0.9835648 83
0.9835648 84
0.9835648 85
0.9835648 86
0.9835648 87
0.9835648 88
0.9835648 89
0.9835648 90
0.9835648 91
0.9835648 92
0.9835648 93
0.9835648 94
0.9835648 95
0.9835648 96
0.9835648 97
0.9835648 98
0.9835648 99
0.9835648 100
0.9835648 101
0.9835648 102
0.9835648 103
0.9835648 104
0.9835648 105
0.9835648 106
0.9835648 107
0.9835648 108
0.9835648 109
0.9835648 110
0.9835648 111
0.9835648 112
0.9835648 113
0.9835648 114
0.9835648 115
0.9835648 116
0.9835648 117
0.9835648 118
0.9835648 119
0.9835648 120
0.9835648 121
0.9835648 122
0.9835648 123
0.9835648 124
0.9835648 125
0.9835648 126
0.9835648 127
0.9835648 128
0.9835648 129
0.9835648 130
0.9835648 131
0.9835648 132
0.9835648 133
0.9835648 134
0.9835648 135
0.9835648 136
0.9835648 137
0.9835648 138
0.9835648 139
0.9835648 140
0.9835648 141
0.9835648 142
0.9835648 143
0.9835648 144
0.9835648 145
0.9835648 146
0.9835648 147
0.9835648 148
0.9835648 149
0.9835648 150
0.9835648 151
0.9835648 152
0.9835648 153
0.9835648 154
0.9835648 155
0.9835648 156
0.9835648 157
0.9835648 158
0.9835648 159
0.9835648 160
0.9835648 161
0.9835648 162
0.9835648 163
0.9835648 164
0.9835648 165
0.9835648 166
0.9835648 167
0.9835648 168
0.9835648 169
0.9835648 170
0.9835648 171
0.9835648 172
0.9835648 173
0.9835648 174
0.9835648 175
0.9835648 176
0.9835648 177
0.9835648 178
0.9835648 179
0.9835648 180
0.9835648 181
0.9835648 182
0.9835648 181
0.9839648 0
0.9839648 0
0.9843648 180
0.9847648 0
0.9847648 0
0.9851648 179
0.9855648 0
0.9855648 0
0.9859648 178
0.9863648 0
0.9863648 0
0.9867648 177
0.9871648 0
0.9871648 0
0.9875648 176
0.9879648 0
0.9879648 0
0.9883648 175
0.9887648 0
0.9887648 0
0.9891648 174
0.9895648 0
0.9895648 0
0.9899648 173
0.9903648 0
0.9903648 0
0.9907648 172
0.9911648 0
0.9911648 0
0.9915648 171
0.9919648 0
0.9919648 0
0.9923648 170
0.9927648 0
0.9927648 0
0.9931648 169
0.9935648 0
0.9935648 0
0.9939648 168
0.9943648 0
0.9943648 0
0.9947648 167
0.9951648 0
0.9951648 0
0.9955648 166
0.9959648 0
0.9959648 0
0.9963648 165
0.9967648 0
0.9967648 0
0.9971648 164
0.9975648 0
0.9975648 0
0.9979648 163
0.9983648 0
0.9983648 0
0.9987648 162
0.9991648 0
0.9991648 0
0.9995648 161
0.9999648 0
0.9999648 0
1.0003648 160
1.0007648 0
1.0007648 0
1.0011648 159
1.0015648 0
1.0015648 0
1.0019648 158
1.0023648 0
1.0023648 0
1.0027648 157
1.0031648 0
1.0031648 0
1.0035648 156
1.0039648 0
1.0039648 0
1.0043648 155
1.0047648 0
1.0047648 0
1.0051648 154
1.0055648 0
1.0055648 0
1.0059648 153
1.0063648 0
1.0063648 0
1.0067648 152
1.0071648 0
1.0071648 0
1.0075648 151
1.0079648 0
1.0079648 0
1.0083648 150
1.0087648 0
1.0087648 0
1.0091648 149
1.0095648 0
1.0095648 0
1.0099648 148
1.0103648 0
1.0103648 0
1.0107648 147
1.0111648 0
1.0111648 0
1.0115648 146
1.0119648 0
1.0119648 0
1.0123648 145
1.0127648 0
1.0127648 0
1.0131648 144
1.0135648 0
1.0135648 0
1.0139648 143
1.0143648 0
1.0143648 0
1.0147648 142
1.0151648 0
1.0151648 0
1.0155648 141
1.0159648 0
1.0159648 0
1.0163648 140
1.0167648 0
1.0167648 0
1.0171648 139
1.0175648 0
1.0175648 0
1.0179648 138
1.0183648 0
1.0183648 0
1.0187648 137
1.0191648 0
1.0191648 0
1.0195648 136
1.0199648 0
1.0199648 0
1.0203648 135
1.0207648 0
1.0207648 0
1.0211648 134
1.0215648 0
1.0215648 0
1.0219648 133
1.0223648 0
1.0223648 0
1.0227648 132
1.0231648 0
1.0231648 0
1.0235648 131
1.0239648 0
1.0239648 0
1.0243648 130
1.0247648 0
1.0247648 0
1.0251648 129
1.0255648 0
1.0255648 0
1.0259648 128
1.0263648 0
1.0263648 0
1.0267648 127
1.0271648 0
1.0271648 0
1.0275648 126
1.0279648 0
1.0279648 0
1.0283648 125
1.0287648 0
1.0287648 0
1.0291648 124
1.0295648 0
1.0295648 0
1.0299648 123
1.0303648 0
1.0303648 0
1.0307648 122
1.0311648 0
1.0311648 0
1.0315648 121
1.0319648 0
1.0319648 0
1.0323648 120
1.0327648 0
1.0327648 0
1.0331648 119
1.0335648 0
1.0335648 0
1.0339648 118
1.0343648 0
1.0343648 0
1.0347648 117
1.0351648 0
1.0351648 0
1.0355648 116
1.0359648 0
1.0359648 0
1.0363648 115
1.0367648 0
1.0367648 0
1.0371648 114
1.0375648 0
1.0375648 0
1.0379648 113
1.0383648 0
1.0383648 0
1.0387648 112
1.0391648 0
1.0391648 0
1.0395648 111
1.0399648 0
1.0399648 0
1.0403648 110
1.0407648 0
1.0407648 0
1.0411648 109
1.0415648 0
1.0415648 0
1.0419648 108
1.0423648 0
1.0423648 0
1.0427648 107
1.0431648 0
1.0431648 0
1.0435648 106
1.0439648 0
1.0439648 0
1.0443648 105
1.0447648 0
1.0447648 0
1.0451648 104
1.0455648 0
1.0455648 0
1.0459648 103
1.0463648 0
1.0463648 0
1.0466944 102
1.0471648 0
1.0471648 0
1.0474944 101
1.0479648 0
1.0479648 0
1.0482944 100
1.0487648 0
1.0487648 0
1.0490944 99
1.0495648 0
1.0495648 0
1.0498944 98
1.0503648 0
1.0503648 0
1.0506944 97
1.0511648 0
1.0511648 0
1.0514944 96
1.0519648 0
1.0519648 0
1.0522944 95
1.0527648 0
1.0527648 0
1.0530944 94
1.0535648 0
1.0535648 0
1.0538944 93
1.0543648 0
1.0543648 0
1.0546944 92
1.0551648 0
1.0551648 0
1.0554944 91
1.0559648 0
1.0559648 0
1.0562944 90
1.0566944 0
1.0566944 0
1.0570944 89
1.0574944 0
1.0574944 0
1.0578944 88
1.0582944 0
1.0582944 0
1.0586944 87
1.0590944 0
1.0590944 0
1.0594944 86
1.0598944 0
1.0598944 0
1.0602944 85
1.0606944 0
1.0606944 0
1.0610944 84
1.0614944 0
1.0614944 0
1.0618944 83
1.0622944 0
1.0622944 0
1.0626944 82
1.0630944 0
1.0630944 0
1.0634944 81
1.0638944 0
1.0638944 0
1.0642944 80
1.0646944 0
1.0646944 0
1.0650944 79
1.0654944 0
1.0654944 0
1.0658944 78
1.0662944 0
1.0662944 0
1.0666944 77
1.0666944 78
1.0666944 79
1.0666944 80
1.0666944 81
1.0666944 82
1.0666944 83
1.0666944 84
1.0666944 85
1.0666944 86
1.0666944 87
1.0666944 88
1.0666944 89
1.0666944 90
1.0666944 91
1.0666944 92
1.0666944 93
1.0666944 94
1.0666944 95
1.0666944 96
1.0666944 97
1.0666944 98
1.0666944 99
1.0666944 100
1.0666944 101
1.0666944 102
1.0666944 103
1.0666944 104
1.0666944 105
1.0666944 106
1.0666944 107
1.0666944 108
1.0666944 109
1.0666944 110
1.0666944 111
1.0666944 112
1.0666944 113
1.0666944 114
1.0666944 115
1.0666944 116
1.0666944 117
1.0666944 118
1.0666944 119
1.0666944 120
1.0666944 121
1.0666944 122
1.0666944 123
1.0666944 124
1.0666944 125
1.0666944 126
1.0666944 127
1.0666944 128
1.0666944 129
1.0666944 130
1.0666944 131
1.0666944 132
1.0666944 133
1.0666944 134
1.0666944 135
1.0666944 136
1.0666944 137
1.0666944 138
1.0666944 139
1.0666944 140
1.0666944 141
1.0666944 142
1.0666944 143
1.0666944 144
1.0666944 145
1.0666944 146
1.0666944 147
1.0666944 148
1.0666944 149
1.0666944 150
1.0666944 151
1.0666944 152
1.0666944 153
1.0666944 154
1.0666944 155
1.0666944 156
1.0666944 157
1.0666944 158
1.0666944 159
1.0666944 160
1.0666944 161
1.0666944 162
1.0666944 163
1.0666944 164
1.0666944 165
1.0666944 166
1.0666944 167
1.0666944 168
1.0666944 169
1.0666944 170
1.0666944 171
1.0666944 172
1.0666944 173
1.0666944 174
1.0666944 175
1.0666944 176
1.0666944 177
1.0666944 178
1.0666944 179
1.0666944 180
1.0666944 181
1.0666944 182
1.0670944 0
1.0670944 0
1.0674944 181
1.0678944 0
1.0678944 0
1.0682944 180
1.0686944 0
1.0686944 0
1.0690944 179
1.0694944 0
1.0694944 0
1.0698944 178
1.0702944 0
1.0702944 0
1.0706944 177
1.0710944 0
1.0710944 0
1.0714944 176
1.0718944 0
1.0718944 0
1.0722944 175
1.0726944 0
1.0726944 0
1.0730944 174
1.0734944 0
1.0734944 0
1.0738944 173
1.0742944 0
1.0742944 0
1.0746944 172
1.0750944 0
1.0750944 0
1.0754944 171
1.0758944 0
1.0758944 0
1.0762944 170
1.0766944 0
1.0766944 0
1.0770944 169
1.0774944 0
1.0774944 0
1.0778944 168
1.0782944 0
1.0782944 0
1.0786944 167
1.0790944 0
1.0790944 0
1.0794944 166
1.0798944 0
1.0798944 0
1.0802944 165
1.0806944 0
1.0806944 0
1.0810944 164
1.0814944 0
1.0814944 0
1.0818944 163
1.0822944 0
1.0822944 0
1.0826944 162
1.0830944 0
1.0830944 0
1.0834944 161
1.0838944 0
1.0838944 0
1.0842944 160
1.0846944 0
1.0846944 0
1.0850944 159
1.0854944 0
1.0854944 0
1.0858944 158
1.0862944 0
1.0862944 0
1.0866944 157
1.0870944 0
1.0870944 0
1.0874944 156
1.0878944 0
1.0878944 0
1.0882944 155
1.0886944 0
1.0886944 0
1.0890944 154
1.0894944 0
1.0894944 0
1.0898944 153
1.0902944 0
1.0902944 0
1.0906944 152
1.0910944 0
1.0910944 0
1.0914944 151
1.0918944 0
1.0918944 0
1.0922944 150
1.0926944 0
1.0926944 0
1.0930944 149
1.0934944 0
1.0934944 0
1.0938944 148
1.0942944 0
1.0942944 0
1.0946944 147
1.0950944 0
1.0950944 0
1.0954944 146
1.0958944 0
1.0958944 0
1.0962944 145
1.0966944 0
1.0966944 0
1.0970944 144
1.0974944 0
1.0974944 0
1.0978944 143
1.0982944 0
1.0982944 0
1.0986944 142
1.0990944 0
1.0990944 0
1.0994944 141
1.0998944 0
1.0998944 0
1.1002944 140
1.1006944 0
1.1006944 0
1.1010944 139
1.1014944 0
1.1014944 0
1.1018944 138
1.1022944 0
1.1022944 0
1.1026944 137
1.1030944 0
1.1030944 0
1.1034944 136
1.1038944 0
1.1038944 0
1.1042944 135
1.1046944 0
1.1046944 0
1.1050944 134
1.1054944 0
1.1054944 0
1.1058944 133
1.1062944 0
1.1062944 0
1.1066944 132
1.1070944 0
1.1070944 0
1.1074944 131
1.1078944 0
1.1078944 0
1.1082944 130
1.1086944 0
1.1086944 0
1.1090944 129
1.1094944 0
1.1094944 0
1.1098944 128
1.1102944 0
1.1102944 0
1.1106944 127
1.1110944 0
1.1110944 0
1.1114944 126
1.1118944 0
1.1118944 0
1.1122944 125
1.1126944 0
1.1126944 0
1.1130944 124
1.1134944 0
1.1134944 0
1.1138944 123
1.1142944 0
1.1142944 0
1.1146944 122
1.1150944 0
1.1150944 0
1.1154944 121
1.1158944 0
1.1158944 0
1.1162944 120
1.1166944 0
1.1166944 0
1.1170944 119
1.1174944 0
1.1174944 0
1.1178944 118
1.1182944 0
1.1182944 0
1.1186944 117
1.1190944 0
1.1190944 0
1.1194944 116
1.1198944 0
1.1198944 0
1.1202944 115
1.1206944 0
1.1206944 0
1.1210944 114
1.1214944 0
1.1214944 0
1.1218944 113
1.1222944 0
1.1222944 0
1.1226944 112
1.1230944 0
1.1230944 0
1.1234944 111
1.1238944 0
1.1238944 0
1.1242944 110
1.1246944 0
1.1246944 0
1.1250944 109
1.1254944 0
1.1254944 0
1.1258944 108
1.1262944 0
1.1262944 0
1.1266944 107
1.1270944 0
1.1270944 0
1.1274944 106
1.1278944 0
1.1278944 0
1.1282944 105
1.128348 104
1.1286944 0
1.1286944 0
1.129148 103
1.1294944 0
1.1294944 0
1.129948 102
1.1302944 0
1.1302944 0
1.130748 101
1.1310944 0
1.1310944 0
1.131548 100
1.1318944 0
1.1318944 0
1.132348 99
1.1326944 0
1.1326944 0
1.133148 98
1.1334944 0
1.1334944 0
1.133948 97
1.1342944 0
1.1342944 0
1.134748 96
1.1350944 0
1.1350944 0
1.135548 95
1.1358944 0
1.1358944 0
1.136348 94
1.1366944 0
1.1366944 0
1.137148 93
1.1374944 0
1.1374944 0
1.137948 92
1.1382944 0
1.1382944 0
1.138348 0
1.138348 0
1.138748 91
1.139148 0
1.139148 0
1.139548 90
1.139948 0
1.139948 0
1.140348 89
1.140748 0
1.140748 0
1.141148 88
1.141548 0
1.141548 0
1.141948 87
1.142348 0
1.142348 0
1.142748 86
1.143148 0
1.143148 0
1.143548 85
1.143948 0
1.143948 0
1.144348 84
1.144748 0
1.144748 0
1.145148 83
1.145548 0
1.145548 0
1.145948 82
1.146348 0
1.146348 0
1.146748 81
1.147148 0
1.147148 0
1.147548 80
1.147948 0
1.147948 0
1.148348 79
1.148348 80
1.148348 81
1.148348 82
1.148348 83
1.148348 84
1.148348 85
1.148348 86
1.148348 87
1.148348 88
1.148348 89
1.148348 90
1.148348 91
1.148348 92
1.148348 93
1.148348 94
1.148348 95
1.148348 96
1.148348 97
1.148348 98
1.148348 99
1.148348 100
1.148348 101
1.148348 102
1.148348 103
1.148348 104
1.148348 105
1.148348 106
1.148348 107
1.148348 108
1.148348 109
1.148348 110
1.148348 111
1.148348 112
1.148348 113
1.148348 114
1.148348 115
1.148348 116
1.148348 117
1.148348 118
1.148348 119
1.148348 120
1.148348 121
1.148348 122
1.148348 123
1.148348 124
1.148348 125
1.148348 126
1.148348 127
1.148348 128
1.148348 129
1.148348 130
1.148348 131
1.148348 132
1.148348 133
1.148348 134
1.148348 135
1.148348 136
1.148348 137
1.148348 138
1.148348 139
1.148348 140
1.148348 141
1.148348 142
1.148348 143
1.148348 144
1.148348 145
1.148348 146
1.148348 147
1.148348 148
1.148348 149
1.148348 150
1.148348 151
1.148348 152
1.148348 153
1.148348 154
1.148348 155
1.148348 156
1.148348 157
1.148348 158
1.148348 159
1.148348 160
1.148348 161
1.148348 162
1.148348 163
1.148348 164
1.148348 165
1.148348 166
1.148348 167
1.148348 168
1.148348 169
1.148348 170
1.148348 171
1.148348 172
1.148348 173
1.148348 174
1.148348 175
1.148348 176
1.148348 177
1.148348 178
1.148348 179
1.148348 180
1.148348 181
1.148348 182
1.148748 0
1.148748 0
1.149148 181
1.149548 0
1.149548 0
1.149948 180
1.150348 0
1.150348 0
1.150748 179
1.151148 0
1.151148 0
1.151548 178
1.151948 0
1.151948 0
1.152348 177
1.152748 0
1.152748 0
1.153148 176
1.153548 0
1.153548 0
1.153948 175
1.154348 0
1.154348 0
1.154748 174
1.155148 0
1.155148 0
1.155548 173
1.155948 0
1.155948 0
1.156348 172
1.156748 0
1.156748 0
1.157148 171
1.157548 0
1.157548 0
1.157948 170
1.158348 0
1.158348 0
1.158748 169
1.159148 0
1.159148 0
1.159548 168
1.159948 0
1.159948 0
1.160348 167
1.160748 0
1.160748 0
1.161148 166
1.161548 0
1.161548 0
1.161948 165
1.162348 0
1.162348 0
1.162748 164
1.163148 0
1.163148 0
1.163548 163
1.163948 0
1.163948 0
1.164348 162
1.164748 0
1.164748 0
1.165148 161
1.165548 0
1.165548 0
1.165948 160
1.166348 0
1.166348 0
1.166748 159
1.167148 0
1.167148 0
1.167548 158
1.167948 0
1.167948 0
1.168348 157
1.168748 0
1.168748 0
1.169148 156
1.169548 0
1.169548 0
1.169948 155
1.170348 0
1.170348 0
1.170748 154
1.171148 0
1.171148 0
1.171548 153
1.171948 0
1.171948 0
1.172348 152
1.172748 0
1.172748 0
1.173148 151
1.173548 0
1.173548 0
1.173948 150
1.174348 0
1.174348 0
1.174748 149
1.175148 0
1.175148 0
1.175548 148
1.175948 0
1.175948 0
1.176348 147
1.176748 0
1.176748 0
1.177148 146
1.177548 0
1.177548 0
1.177948 145
1.178348 0
1.178348 0
1.178748 144
1.179148 0
1.179148 0
1.179548 143
1.179948 0
1.179948 0
1.180348 142
1.180748 0
1.180748 0
1.181148 141
1.181548 0
1.181548 0
1.181948 140
1.182348 0
1.182348 0
1.182748 139
1.183148 0
1.183148 0
1.183548 138
1.183948 0
1.183948 0
1.184348 137
1.184748 0
1.184748 0
1.185148 136
1.185548 0
1.185548 0
1.185948 135
1.186348 0
1.186348 0
1.186748 134
1.187148 0
1.187148 0
1.187548 133
1.187948 0
1.187948 0
1.188348 132
1.188748 0
1.188748 0
1.189148 131
1.189548 0
1.189548 0
1.189948 130
1.190348 0
1.190348 0
1.190748 129
1.191148 0
1.191148 0
1.191548 128
1.191948 0
1.191948 0
1.192348 127
1.192748 0
1.192748 0
1.193148 126
1.193548 0
1.193548 0
1.193948 125
1.194348 0
1.194348 0
1.194748 124
1.195148 0
1.195148 0
1.195548 123
1.195948 0
1.195948 0
1.196348 122
1.196748 0
1.196748 0
1.197148 121
1.197548 0
1.197548 0
1.197948 120
1.198348 0
1.198348 0
1.198748 119
1.199148 0
1.199148 0
1.199548 118
1.199948 0
1.199948 0
1.200348 117
1.200748 0
1.200748 0
1.201148 116
1.201548 0
1.201548 0
1.201948 115
1.202348 0
1.202348 0
1.202748 114
1.203148 0
1.203148 0
1.203548 113
1.203948 0
1.203948 0
1.204348 112
1.204748 0
1.204748 0
1.205148 111
1.205548 0
1.205548 0
1.205948 110
1.206348 0
1.206348 0
1.206748 109
1.207148 0
1.207148 0
1.207548 108
1.207948 0
1.207948 0
1.208348 107
1.208748 0
1.208748 0
1.209148 106
1.209548 0
1.209548 0
1.209948 105
1.210348 0
1.210348 0
1.210748 104
1.211148 0
1.211148 0
1.211548 103
1.211948 0
1.211948 0
1.2122256 102
1.212748 0
1.212748 0
1.2130256 101
1.213548 0
1.213548 0
1.2138256 100
1.214348 0
1.214348 0
1.2146256 99
1.215148 0
1.215148 0
1.2154256 98
1.215948 0
1.215948 0
1.2162256 97
1.216748 0
1.216748 0
1.2170256 96
1.217548 0
1.217548 0
1.2178256 95
1.218348 0
1.218348 0
1.2186256 94
1.219148 0
1.219148 0
1.2194256 93
1.219948 0
1.219948 0
1.2202256 92
1.220748 0
1.220748 0
1.2210256 91
1.221548 0
1.221548 0
1.2218256 90
1.2222256 0
1.2222256 0
1.2226256 89
1.2230256 0
1.2230256 0
1.2234256 88
1.2238256 0
1.2238256 0
1.2242256 87
1.2246256 0
1.2246256 0
1.2250256 86
1.2254256 0
1.2254256 0
1.2258256 85
1.2262256 0
1.2262256 0
1.2266256 84
1.2270256 0
1.2270256 0
1.2274256 83
1.2278256 0
1.2278256 0
1.2282256 82
1.2286256 0
1.2286256 0
1.2290256 81
1.2294256 0
1.2294256 0
1.2298256 80
1.2302256 0
1.2302256 0
1.2306256 79
1.2310256 0
1.2310256 0
1.2314256 78
1.2318256 0
1.2318256 0
1.2322256 77
1.2322256 78
1.2322256 79
1.2322256 80
1.2322256 81
1.2322256 82
1.2322256 83
1.2322256 84
1.2322256 85
1.2322256 86
1.2322256 87
1.2322256 88
1.2322256 89
1.2322256 90
1.2322256 91
1.2322256 92
1.2322256 93
1.2322256 94
1.2322256 95
1.2322256 96
1.2322256 97
1.2322256 98
1.2322256 99
1.2322256 100
1.2322256 101
1.2322256 102
1.2322256 103
1.2322256 104
1.2322256 105
1.2322256 106
1.2322256 107
1.2322256 108
1.2322256 109
1.2322256 110
1.2322256 111
1.2322256 112
1.2322256 113
1.2322256 114
1.2322256 115
1.2322256 116
1.2322256 117
1.2322256 118
1.2322256 119
1.2322256 120
1.2322256 121
1.2322256 122
1.2322256 123
1.2322256 124
1.2322256 125
1.2322256 126
1.2322256 127
1.2322256 128
1.2322256 129
1.2322256 130
1.2322256 131
1.2322256 132
1.2322256 133
1.2322256 134
1.2322256 135
1.2322256 136
1.2322256 137
1.2322256 138
1.2322256 139
1.2322256 140
1.2322256 141
1.2322256 142
1.2322256 143
1.2322256 144
1.2322256 145
1.2322256 146
1.2322256 147
1.2322256 148
1.2322256 149
1.2322256 150
1.2322256 151
1.2322256 152
1.2322256 153
1.2322256 154
1.2322256 155
1.2322256 156
1.2322256 157
1.2322256 158
1.2322256 159
1.2322256 160
1.2322256 161
1.2322256 162
1.2322256 163
1.2322256 164
1.2322256 165
1.2322256 166
1.2322256 167
1.2322256 168
1.2322256 169
1.2322256 170
1.2322256 171
1.2322256 172
1.2322256 173
1.2322256 174
1.2322256 175
1.2322256 176
1.2322256 177
1.2322256 178
1.2322256 179
1.2322256 180
1.2322256 181
1.2322256 182
1.2322256 183
1.2326256 0
1.2326256 0
1.2330256 182
1.2334256 0
1.2334256 0
1.2338256 181
1.2342256 0
1.2342256 0
1.2346256 180
1.2350256 0
1.2350256 0
1.2354256 179
1.2358256 0
1.2358256 0
1.2362256 178
1.2366256 0
1.2366256 0
1.2370256 177
1.2374256 0
1.2374256 0
1.2378256 176
1.2382256 0
1.2382256 0
1.2386256 175
1.2390256 0
1.2390256 0
1.2394256 174
1.2398256 0
1.2398256 0
1.2402256 173
1.2406256 0
1.2406256 0
1.2410256 172
1.2414256 0
1.2414256 0
1.2418256 171
1.2422256 0
1.2422256 0
1.2426256 170
1.2430256 0
1.2430256 0
1.2434256 169
1.2438256 0
1.2438256 0
1.2442256 168
1.2446256 0
1.2446256 0
1.2450256 167
1.2454256 0
1.2454256 0
1.2458256 166
1.2462256 0
1.2462256 0
1.2466256 165
1.2470256 0
1.2470256 0
1.2474256 164
1.2478256 0
1.2478256 0
1.2482256 163
1.2486256 0
1.2486256 0
1.2490256 162
1.2494256 0
1.2494256 0
1.2498256 161
1.2502256 0
1.2502256 0
1.2506256 160
1.2510256 0
1.2510256 0
1.2514256 159
1.2518256 0
1.2518256 0
1.2522256 158
1.2526256 0
1.2526256 0
1.2530256 157
1.2534256 0
1.2534256 0
1.2538256 156
1.2542256 0
1.2542256 0
1.2546256 155
1.2550256 0
1.2550256 0
1.2554256 154
1.2558256 0
1.2558256 0
1.2562256 153
1.2566256 0
1.2566256 0
1.2570256 152
1.2574256 0
1.2574256 0
1.2578256 151
1.2582256 0
1.2582256 0
1.2586256 150
1.2590256 0
1.2590256 0
1.2594256 149
1.2598256 0
1.2598256 0
1.2602256 148
1.2606256 0
1.2606256 0
1.2610256 147
1.2614256 0
1.2614256 0
1.2618256 146
1.2622256 0
1.2622256 0
1.2626256 145
1.2630256 0
1.2630256 0
1.2634256 144
1.2638256 0
1.2638256 0
1.2642256 143
1.2646256 0
1.2646256 0
1.2650256 142
1.2654256 0
1.2654256 0
1.2658256 141
1.2662256 0
1.2662256 0
1.2666256 140
1.2670256 0
1.2670256 0
1.2674256 139
1.2678256 0
1.2678256 0
1.2682256 138
1.2686256 0
1.2686256 0
1.2690256 137
1.2694256 0
1.2694256 0
1.2698256 136
1.2702256 0
1.2702256 0
1.2706256 135
1.2710256 0
1.2710256 0
1.2714256 134
1.2718256 0
1.2718256 0
1.2722256 133
1.2726256 0
1.2726256 0
1.2730256 132
1.2734256 0
1.2734256 0
1.2738256 131
1.2742256 0
1.2742256 0
1.2746256 130
1.2750256 0
1.2750256 0
1.2754256 129
1.2758256 0
1.2758256 0
1.2762256 128
1.2766256 0
1.2766256 0
1.2770256 127
1.2774256 0
1.2774256 0
1.2778256 126
1.2782256 0
1.2782256 0
1.2786256 125
1.2790256 0
1.2790256 0
1.2794256 124
1.2798256 0
1.2798256 0
1.2802256 123
1.2806256 0
1.2806256 0
1.2810256 122
1.2814256 0
1.2814256 0
1.2818256 121
1.2822256 0
1.2822256 0
1.2826256 120
1.2830256 0
1.2830256 0
1.2834256 119
1.2838256 0
1.2838256 0
1.2842256 118
1.2846256 0
1.2846256 0
1.2850256 117
1.2854256 0
1.2854256 0
1.2858256 116
1.2862256 0
1.2862256 0
1.2866256 115
1.2870256 0
1.2870256 0
1.2874256 114
1.2878256 0
1.2878256 0
1.2882256 113
1.2886256 0
1.2886256 0
1.2890256 112
1.2894256 0
1.2894256 0
1.2898256 111
1.2902256 0
1.2902256 0
1.2906256 110
1.2910256 0
1.2910256 0
1.2914256 109
1.2918256 0
1.2918256 0
1.2922256 108
1.2926256 0
1.2926256 0
1.2930256 107
1.2934256 0
1.2934256 0
1.2938256 106
1.2942256 0
1.2942256 0
1.2946136 105
1.2950256 0
1.2950256 0
1.2954136 104
1.2958256 0
1.2958256 0
1.2962136 103
1.2966256 0
1.2966256 0
1.2970136 102
1.2974256 0
1.2974256 0
1.2978136 101
1.2982256 0
1.2982256 0
1.2986136 100
1.2990256 0
1.2990256 0
1.2994136 99
1.2998256 0
1.2998256 0
1.3002136 98
1.3006256 0
1.3006256 0
1.3010136 97
1.3014256 0
1.3014256 0
1.3018136 96
1.3022256 0
1.3022256 0
1.3026136 95
1.3030256 0
1.3030256 0
1.3034136 94
1.3038256 0
1.3038256 0
1.3042136 93
1.3046136 0
1.3046136 0
1.3050136 92
1.3054136 0
1.3054136 0
1.3058136 91
1.3062136 0
1.3062136 0
1.3066136 90
1.3070136 0
1.3070136 0
1.3074136 89
1.3078136 0
1.3078136 0
1.3082136 88
1.3086136 0
1.3086136 0
1.3090136 87
1.3094136 0
1.3094136 0
1.3098136 86
1.3102136 0
1.3102136 0
1.3106136 85
1.3110136 0
1.3110136 0
1.3114136 84
1.3118136 0
1.3118136 0
1.3122136 83
1.3126136 0
1.3126136 0
1.3130136 82
1.3134136 0
1.3134136 0
1.3138136 81
1.3142136 0
1.3142136 0
1.3146136 80
1.3146136 81
1.3146136 82
1.3146136 83
1.3146136 84
1.3146136 85
1.3146136 86
1.3146136 87
1.3146136 88
1.3146136 89
1.3146136 90
1.3146136 91
1.3146136 92
1.3146136 93
1.3146136 94
1.3146136 95
1.3146136 96
1.3146136 97
1.3146136 98
1.3146136 99
1.3146136 100
1.3146136 101
1.3146136 102
1.3146136 103
1.3146136 104
1.3146136 105
1.3146136 106
1.3146136 107
1.3146136 108
1.3146136 109
1.3146136 110
1.3146136 111
1.3146136 112
1.3146136 113
1.3146136 114
1.3146136 115
1.3146136 116
1.3146136 117
1.3146136 118
1.3146136 119
1.3146136 120
1.3146136 121
1.3146136 122
1.3146136 123
1.3146136 124
1.3146136 125
1.3146136 126
1.3146136 127
1.3146136 128
1.3146136 129
1.3146136 130
1.3146136 131
1.3146136 132
1.3146136 133
1.3146136 134
1.3146136 135
1.3146136 136
1.3146136 137
1.3146136 138
1.3146136 139
1.3146136 140
1.3146136 141
1.3146136 142
1.3146136 143
1.3146136 144
1.3146136 145
1.3146136 146
1.3146136 147
1.3146136 148
1.3146136 149
1.3146136 150
1.3146136 151
1.3146136 152
1.3146136 153
1.3146136 154
1.3146136 155
1.3146136 156
1.3146136 157
1.3146136 158
1.3146136 159
1.3146136 160
1.3146136 161
1.3146136 162
1.3146136 163
1.3146136 164
1.3146136 165
1.3146136 166
1.3146136 167
1.3146136 168
1.3146136 169
1.3146136 170
1.3146136 171
1.3146136 172
1.3146136 173
1.3146136 174
1.3146136 175
1.3146136 176
1.3146136 177
1.3146136 178
1.3146136 179
1.3146136 180
1.3146136 181
1.3146136 182
1.3146136 183
1.3146136 184
1.3150136 0
1.3150136 0
1.3154136 183
1.3158136 0
1.3158136 0
1.3162136 182
1.3166136 0
1.3166136 0
1.3170136 181
1.3174136 0
1.3174136 0
1.3178136 180
1.3182136 0
1.3182136 0
1.3186136 179
1.3190136 0
1.3190136 0
1.3194136 178
1.3198136 0
1.3198136 0
1.3202136 177
1.3206136 0
1.3206136 0
1.3210136 176
1.3214136 0
1.3214136 0
1.3218136 175
1.3222136 0
1.3222136 0
1.3226136 174
1.3230136 0
1.3230136 0
1.3234136 173
1.3238136 0
1.3238136 0
1.3242136 172
1.3246136 0
1.3246136 0
1.3250136 171
1.3254136 0
1.3254136 0
1.3258136 170
1.3262136 0
1.3262136 0
1.3266136 169
1.3270136 0
1.3270136 0
1.3274136 168
1.3278136 0
1.3278136 0
1.3282136 167
1.3286136 0
1.3286136 0
1.3290136 166
1.3294136 0
1.3294136 0
1.3298136 165
1.3302136 0
1.3302136 0
1.3306136 164
1.3310136 0
1.3310136 0
1.3314136 163
1.3318136 0
1.3318136 0
1.3322136 162
1.3326136 0
1.3326136 0
1.3330136 161
1.3334136 0
1.3334136 0
1.3338136 160
1.3342136 0
1.3342136 0
1.3346136 159
1.3350136 0
1.3350136 0
1.3354136 158
1.3358136 0
1.3358136 0
1.3362136 157
1.3366136 0
1.3366136 0
1.3370136 156
1.3374136 0
1.3374136 0
1.3378136 155
1.3382136 0
1.3382136 0
1.3386136 154
1.3390136 0
1.3390136 0
1.3394136 153
1.3398136 0
1.3398136 0
1.3402136 152
1.3406136 0
1.3406136 0
1.3410136 151
1.3414136 0
1.3414136 0
1.3418136 150
1.3422136 0
1.3422136 0
1.3426136 149
1.3430136 0
1.3430136 0
1.3434136 148
1.3438136 0
1.3438136 0
1.3442136 147
1.3446136 0
1.3446136 0
1.3450136 146
1.3454136 0
1.3454136 0
1.3458136 145
1.3462136 0
1.3462136 0
1.3466136 144
1.3470136 0
1.3470136 0
1.3474136 143
1.3478136 0
1.3478136 0
1.3482136 142
1.3486136 0
1.3486136 0
1.3490136 141
1.3494136 0
1.3494136 0
1.3498136 140
1.3502136 0
1.3502136 0
1.3506136 139
1.3510136 0
1.3510136 0
1.3514136 138
1.3518136 0
1.3518136 0
1.3522136 137
1.3526136 0
1.3526136 0
1.3530136 136
1.3534136 0
1.3534136 0
1.3538136 135
1.3542136 0
1.3542136 0
1.3546136 134
1.3550136 0
1.3550136 0
1.3554136 133
1.3558136 0
1.3558136 0
1.3562136 132
1.3566136 0
1.3566136 0
1.3570136 131
1.3574136 0
1.3574136 0
1.3578136 130
1.3582136 0
1.3582136 0
1.3586136 129
1.3590136 0
1.3590136 0
1.3594136 128
1.3598136 0
1.3598136 0
1.3602136 127
1.3606136 0
1.3606136 0
1.3610136 126
1.3614136 0
1.3614136 0
1.3618136 125
1.3622136 0
1.3622136 0
1.3626136 124
1.3630136 0
1.3630136 0
1.3634136 123
1.3638136 0
1.3638136 0
1.3642136 122
1.3646136 0
1.3646136 0
1.3650136 121
1.3654136 0
1.3654136 0
1.3658136 120
1.3662136 0
1.3662136 0
1.3666136 119
1.3670136 0
1.3670136 0
1.3674136 118
1.3678136 0
1.3678136 0
1.3682136 117
1.3686136 0
1.3686136 0
1.3690136 116
1.3694136 0
1.3694136 0
1.3698136 115
1.3702136 0
1.3702136 0
1.3706136 114
1.3710136 0
1.3710136 0
1.3714136 113
1.3718136 0
1.3718136 0
1.3722136 112
1.3726136 0
1.3726136 0
1.3730136 111
1.3734136 0
1.3734136 0
1.3738136 110
1.3742136 0
1.3742136 0
1.3746136 109
1.3750136 0
1.3750136 0
1.3754136 108
1.3758136 0
1.3758136 0
1.3762136 107
1.3766136 0
1.3766136 0
1.3770136 106
1.3774136 0
1.3774136 0
1.3778136 105
1.3782136 0
1.3782136 0
1.3786136 104
1.3790136 0
1.3790136 0
1.3792464 103
1.3798136 0
1.3798136 0
1.3800464 102
1.3806136 0
1.3806136 0
1.3808464 101
1.3814136 0
1.3814136 0
1.3816464 100
1.3822136 0
1.3822136 0
1.3824464 99
1.3830136 0
1.3830136 0
1.3832464 98
1.3838136 0
1.3838136 0
1.3840464 97
1.3846136 0
1.3846136 0
1.3848464 96
1.3854136 0
1.3854136 0
1.3856464 95
1.3862136 0
1.3862136 0
1.3864464 94
1.3870136 0
1.3870136 0
1.3872464 93
1.3878136 0
1.3878136 0
1.3880464 92
1.3886136 0
1.3886136 0
1.3888464 91
1.3892464 0
1.3892464 0
1.3896464 90
1.3900464 0
1.3900464 0
1.3904464 89
1.3908464 0
1.3908464 0
1.3912464 88
1.3916464 0
1.3916464 0
1.3920464 87
1.3924464 0
1.3924464 0
1.3928464 86
1.3932464 0
1.3932464 0
1.3936464 85
1.3940464 0
1.3940464 0
1.3944464 84
1.3948464 0
1.3948464 0
1.3952464 83
1.3956464 0
1.3956464 0
1.3960464 82
1.3964464 0
1.3964464 0
1.3968464 81
1.3972464 0
1.3972464 0
1.3976464 80
1.3980464 0
1.3980464 0
1.3984464 79
1.3988464 0
1.3988464 0
1.3992464 78
1.3992464 79
1.3992464 80
1.3992464 81
1.3992464 82
1.3992464 83
1.3992464 84
1.3992464 85
1.3992464 86
1.3992464 87
1.3992464 88
1.3992464 89
1.3992464 90
1.3992464 91
1.3992464 92
1.3992464 93
1.3992464 94
1.3992464 95
1.3992464 96
1.3992464 97
1.3992464 98
1.3992464 99
1.3992464 100
1.3992464 101
1.3992464 102
1.3992464 103
1.3992464 104
1.3992464 105
1.3992464 106
1.3992464 107
1.3992464 108
1.3992464 109
1.3992464 110
1.3992464 111
1.3992464 112
1.3992464 113
1.3992464 114
1.3992464 115
1.3992464 116
1.3992464 117
1.3992464 118
1.3992464 119
1.3992464 120
1.3992464 121
1.3992464 122
1.3992464 123
1.3992464 124
1.3992464 125
1.3992464 126
1.3992464 127
1.3992464 128
1.3992464 129
1.3992464 130
1.3992464 131
1.3996464 0
1.3996464 0
1.4000464 130
1.4004464 0
1.4004464 0
1.4008464 129
1.4012464 0
1.4012464 0
1.4016464 128
1.4020464 0
1.4020464 0
1.4024464 127
1.4028464 0
1.4028464 0
1.4032464 126
1.4036464 0
1.4036464 0
1.4040464 125
1.4044464 0
1.4044464 0
1.4048464 124
1.4052464 0
1.4052464 0
1.4056464 123
1.4060464 0
1.4060464 0
1.4064464 122
1.4068464 0
1.4068464 0
1.4072464 121
1.4076464 0
1.4076464 0
1.4080464 120
1.4084464 0
1.4084464 0
1.4088464 119
1.4092464 0
1.4092464 0
1.4096464 118
1.4100464 0
1.4100464 0
1.4104464 117
1.4108464 0
1.4108464 0
1.4112464 116
1.4116464 0
1.4116464 0
1.4120464 115
1.4124464 0
1.4124464 0
1.4128464 114
1.4132464 0
1.4132464 0
1.4136464 113
1.4140464 0
1.4140464 0
1.4144464 112
1.4148464 0
1.4148464 0
1.4152464 111
1.4156464 0
1.4156464 0
1.4160464 110
1.4164464 0
1.4164464 0
1.4168464 109
1.4172464 0
1.4172464 0
1.4176464 108
1.4180464 0
1.4180464 0
1.4184464 107
1.4188464 0
1.4188464 0
1.4192464 106
1.4196464 0
1.4196464 0
1.4200464 105
1.4204464 0
1.4204464 0
1.4208464 104
1.4212464 0
1.4212464 0
1.4216464 103
1.4220464 0
1.4220464 0
1.4224464 102
1.4228464 0
1.4228464 0
1.4232464 101
1.4236464 0
1.4236464 0
1.4240464 100
1.4244464 0
1.4244464 0
1.4248464 99
1.4252464 0
1.4252464 0
1.4256464 98
1.4260464 0
1.4260464 0
1.4264464 97
1.4268464 0
1.4268464 0
1.4272464 96
1.4276464 0
1.4276464 0
1.4280464 95
1.4284464 0
1.4284464 0
1.4288464 94
1.4292464 0
1.4292464 0
1.4296464 93
1.4300464 0
1.4300464 0
1.4304464 92
1.4308464 0
1.4308464 0
1.4312464 91
1.4316464 0
1.4316464 0
1.4320464 90
1.4324464 0
1.4324464 0
1.4328464 89
1.4332464 0
1.4332464 0
1.4336464 88
1.4340464 0
1.4340464 0
1.4344464 87
1.4348464 0
1.4348464 0
1.4352464 86
1.4356464 0
1.4356464 0
1.4360464 85
1.4364464 0
1.4364464 0
1.4368464 84
1.4372464 0
1.4372464 0
1.4376464 83
1.4380464 0
1.4380464 0
1.4384464 82
1.4388464 0
1.4388464 0
1.4392464 81
1.4396464 0
1.4396464 0
1.4400464 80
1.4404464 0
1.4404464 0
1.4408464 79
1.4412464 0
1.4412464 0
1.4416464 78
1.4420464 0
1.4420464 0
1.4424464 77
1.4428464 0
1.4428464 0
1.4432464 76
1.4436464 0
1.4436464 0
1.4440464 75
1.4444464 0
1.4444464 0
1.4448464 74
1.4452464 0
1.4452464 0
1.4456464 73
1.4460464 0
1.4460464 0
1.4464464 72
1.4468464 0
1.4468464 0
1.4472464 71
1.4476464 0
1.4476464 0
1.4480464 70
1.4484464 0
1.4484464 0
1.4488464 69
1.4492464 0
1.4492464 0
1.4496464 68
1.4500464 0
1.4500464 0
1.4504464 67
1.4508464 0
1.4508464 0
1.4512464 66
1.4516464 0
1.4516464 0
1.4520464 65
1.4524464 0
1.4524464 0
1.4528464 64
1.4532464 0
1.4532464 0
1.4536464 63
1.4540464 0
1.4540464 0
1.4544464 62
1.4548464 0
1.4548464 0
1.4552464 61
1.4556464 0
1.4556464 0
1.4560464 60
1.4564464 0
1.4564464 0
1.4568464 59
1.4572464 0
1.4572464 0
1.4576464 58
1.4580464 0
1.4580464 0
1.4584464 57
1.4588464 0
1.4588464 0
1.4592464 56
1.4596464 0
1.4596464 0
1.4600464 55
1.4604464 0
1.4604464 0
1.4608464 54
1.4612464 0
1.4612464 0
1.4616464 53
1.4620464 0
1.4620464 0
1.462376 52
1.4628464 0
1.4628464 0
1.463176 51
1.4636464 0
1.4636464 0
1.463976 50
1.4644464 0
1.4644464 0
1.464776 49
1.4652464 0
1.4652464 0
1.465576 48
1.4660464 0
1.4660464 0
1.466376 47
1.4668464 0
1.4668464 0
1.467176 46
1.4676464 0
1.4676464 0
1.467976 45
1.4684464 0
1.4684464 0
1.468776 44
1.4692464 0
1.4692464 0
1.469576 43
1.4700464 0
1.4700464 0
1.470376 42
1.4708464 0
1.4708464 0
1.471176 41
1.4716464 0
1.4716464 0
1.471976 40
1.472376 0
1.472376 0
1.472776 39
1.473176 0
1.473176 0
1.473576 38
1.473976 0
1.473976 0
1.474376 37
1.474776 0
1.474776 0
1.475176 36
1.475576 0
1.475576 0
1.475976 35
1.476376 0
1.476376 0
1.476776 34
1.477176 0
1.477176 0
1.477576 33
1.477976 0
1.477976 0
1.478376 32
1.478776 0
1.478776 0
1.479176 31
1.479576 0
1.479576 0
1.479976 30
1.480376 0
1.480376 0
1.480776 29
1.481176 0
1.481176 0
1.481576 28
1.481976 0
1.481976 0
1.482376 27
1.482376 28
1.482376 29
1.482376 30
1.482376 31
1.482376 32
1.482376 33
1.482376 34
1.482376 35
1.482376 36
1.482376 37
1.482376 38
1.482376 39
1.482376 40
1.482376 41
1.482376 42
1.482376 43
1.482376 44
1.482376 45
1.482376 46
1.482376 47
1.482376 48
1.482376 49
1.482376 50
1.482376 51
1.482376 52
1.482376 53
1.482376 54
1.482376 55
1.482376 56
1.482376 57
1.482376 58
1.482376 59
1.482376 60
1.482376 61
1.482376 62
1.482376 63
1.482376 64
1.482376 65
1.482376 66
1.482376 67
1.482376 68
1.482376 69
1.482376 70
1.482376 71
1.482376 72
1.482376 73
1.482376 74
1.482376 75
1.482376 76
1.482376 77
1.482376 78
1.482376 79
1.482376 80
1.482376 81
1.482376 82
1.482376 83
1.482376 84
1.482376 85
1.482376 86
1.482376 87
1.482376 88
1.482376 89
1.482376 90
1.482376 91
1.482376 92
1.482376 93
1.482376 94
1.482376 95
1.482376 96
1.482376 97
1.482376 98
1.482376 99
1.482376 100
1.482376 101
1.482376 102
1.482376 103
1.482376 104
1.482376 105
1.482376 106
1.482376 107
1.482376 108
1.482376 109
1.482376 110
1.482376 111
1.482376 112
1.482376 113
1.482376 114
1.482376 115
1.482376 116
1.482376 117
1.482376 118
1.482376 119
1.482376 120
1.482376 121
1.482376 122
1.482376 123
1.482376 124
1.482376 125
1.482376 126
1.482376 127
1.482376 128
1.482376 129
1.482376 130
1.482376 131
1.482376 132
1.482776 0
1.482776 0
1.483176 131
1.483576 0
1.483576 0
1.483976 130
1.484376 0
1.484376 0
1.484776 129
1.485176 0
1.485176 0
1.485576 128
1.485976 0
1.485976 0
1.486376 127
1.486776 0
1.486776 0
1.487176 126
1.487576 0
1.487576 0
1.487976 125
1.488376 0
1.488376 0
1.488776 124
1.489176 0
1.489176 0
1.489576 123
1.489976 0
1.489976 0
1.490376 122
1.490776 0
1.490776 0
1.491176 121
1.491576 0
1.491576 0
1.491976 120
1.492376 0
1.492376 0
1.492776 119
1.493176 0
1.493176 0
1.493576 118
1.493976 0
1.493976 0
1.494376 117
1.494776 0
1.494776 0
1.495176 116
1.495576 0
1.495576 0
1.495976 115
1.496376 0
1.496376 0
1.496776 114
1.497176 0
1.497176 0
1.497576 113
1.497976 0
1.497976 0
1.498376 112
1.498776 0
1.498776 0
1.499176 111
1.499576 0
1.499576 0
1.499976 110
1.500376 0
1.500376 0
1.500776 109
1.501176 0
1.501176 0
1.501576 108
1.501976 0
1.501976 0
1.502376 107
1.502776 0
1.502776 0
1.503176 106
1.503576 0
1.503576 0
1.503976 105
1.504376 0
1.504376 0
1.5045328 104
1.505176 0
1.505176 0
1.5053328 103
1.505976 0
1.505976 0
1.5061328 102
1.506776 0
1.506776 0
1.5069328 101
1.507576 0
1.507576 0
1.5077328 100
1.508376 0
1.508376 0
1.5085328 99
1.509176 0
1.509176 0
1.5093328 98
1.509976 0
1.509976 0
1.5101328 97
1.510776 0
1.510776 0
1.5109328 96
1.511576 0
1.511576 0
1.5117328 95
1.512376 0
1.512376 0
1.5125328 94
1.513176 0
1.513176 0
1.5133328 93
1.513976 0
1.513976 0
1.5141328 92
1.5145328 0
1.5145328 0
1.5149328 91
1.5153328 0
1.5153328 0
1.5157328 90
1.5161328 0
1.5161328 0
1.5165328 89
1.5169328 0
1.5169328 0
1.5173328 88
1.5177328 0
1.5177328 0
1.5181328 87
1.5185328 0
1.5185328 0
1.5189328 86
1.5193328 0
1.5193328 0
1.5197328 85
1.5201328 0
1.5201328 0
1.5205328 84
1.5209328 0
1.5209328 0
1.5213328 83
1.5217328 0
1.5217328 0
1.5221328 82
1.5225328 0
1.5225328 0
1.5229328 81
1.5233328 0
1.5233328 0
1.5237328 80
1.5241328 0
1.5241328 0
1.5245328 79
1.5249328 0
1.5249328 0
1.5253328 78
1.5257328 0
1.5257328 0
1.5261328 77
1.5265328 0
1.5265328 0
1.5269328 76
1.5273328 0
1.5273328 0
1.5277328 75
1.5281328 0
1.5281328 0
1.5285328 74
1.5289328 0
1.5289328 0
1.5293328 73
1.5297328 0
1.5297328 0
1.5301328 72
1.5305328 0
1.5305328 0
1.5309328 71
1.5313328 0
1.5313328 0
1.5317328 70
1.5321328 0
1.5321328 0
1.5325328 69
1.5329328 0
1.5329328 0
1.5333328 68
1.5337328 0
1.5337328 0
1.5341328 67
1.5345328 0
1.5345328 0
1.5349328 66
1.5353328 0
1.5353328 0
1.5357328 65
1.5361328 0
1.5361328 0
1.5365328 64
1.5369328 0
1.5369328 0
1.5373328 63
1.5377328 0
1.5377328 0
1.5381328 62
1.5385328 0
1.5385328 0
1.5389328 61
1.5393328 0
1.5393328 0
1.5397328 60
1.5401328 0
1.5401328 0
1.5405328 59
1.5409328 0
1.5409328 0
1.5413328 58
1.5417328 0
1.5417328 0
1.5421328 57
1.5425328 0
1.5425328 0
1.5429328 56
1.5433328 0
1.5433328 0
1.5437328 55
1.5441328 0
1.5441328 0
1.5445328 54
1.5449328 0
1.5449328 0
1.5453328 53
1.5457328 0
1.5457328 0
1.5461328 52
1.5465328 0
1.5465328 0
1.5469328 51
1.5473328 0
1.5473328 0
1.5477328 50
1.5481328 0
1.5481328 0
1.5485328 49
1.5489328 0
1.5489328 0
1.5493328 48
1.5497328 0
1.5497328 0
1.5501328 47
1.5505328 0
1.5505328 0
1.5509328 46
1.5513328 0
1.5513328 0
1.5517328 45
1.5521328 0
1.5521328 0
1.5525328 44
1.5529328 0
1.5529328 0
1.5533328 43
1.5537328 0
1.5537328 0
1.5541328 42
1.5545328 0
1.5545328 0
1.5549328 41
1.5553328 0
1.5553328 0
1.5557328 40
1.5561328 0
1.5561328 0
1.5565328 39
1.5569328 0
1.5569328 0
1.5573328 38
1.5577328 0
1.5577328 0
1.5581328 37
1.5585328 0
1.5585328 0
1.5589328 36
1.5593328 0
1.5593328 0
1.5597328 35
1.5601328 0
1.5601328 0
1.5605328 34
1.5609328 0
1.5609328 0
1.5613328 33
1.5617328 0
1.5617328 0
1.5621328 32
1.5625328 0
1.5625328 0
1.5629328 31
1.5633328 0
1.5633328 0
1.5637328 30
1.5641328 0
1.5641328 0
1.5645328 29
1.5649328 0
1.5649328 0
1.5653328 28
1.5657328 0
1.5657328 0
1.5661328 27
1.5665328 0
1.5665328 0
1.5669328 26
1.5673328 0
1.5673328 0
1.5677328 25
1.5681328 0
1.5681328 0
1.5685328 24
1.5689328 0
1.5689328 0
1.5693328 23
1.5697328 0
1.5697328 0
1.5701328 22
1.5705328 0
1.5705328 0
1.5709328 21
1.5713328 0
1.5713328 0
1.5717328 20
1.5721328 0
1.5721328 0
1.5725328 19
1.5729328 0
1.5729328 0
1.5733328 18
1.5737328 0
1.5737328 0
1.5741328 17
1.5745328 0
1.5745328 0
1.5749328 16
1.5753328 0
1.5753328 0
1.5757328 15
1.5761328 0
1.5761328 0
1.5765328 14
1.5769328 0
1.5769328 0
1.5773328 13
1.5777328 0
1.5777328 0
1.5781328 12
1.5785328 0
1.5785328 0
1.5789328 11
1.5793328 0
1.5793328 0
1.5797328 10
1.5801328 0
1.5801328 0
1.5805328 9
1.5809328 0
1.5809328 0
1.5813328 8
1.5817328 0
1.5817328 0
1.5821328 7
1.5825328 0
1.5825328 0
1.5829328 6
1.5833328 0
1.5833328 0
1.5837328 5
1.5841328 0
1.5841328 0
1.5845328 4
1.5849328 0
1.5849328 0
1.5853328 3
1.5857328 0
1.5857328 0
1.5861328 2
1.5865328 0
1.5865328 0
1.5869328 1
1.5873328 0
1.5873328 0
1.5877328 0
1.5881328 0
1.5881328 0
1.5889328 0
1.5889328 0
1.5897328 0
1.5897328 0
1.5905328 0
1.5905328 0
1.5913328 0
1.5913328 0
1.5921328 0
1.5921328 0
1.5929328 0
1.5929328 0
1.5937328 0
1.5937328 0
1.5945328 0
1.5945328 0
1.5953328 0
1.5953328 0
1.5961328 0
1.5961328 0
1.5969328 0
1.5969328 0
1.5977328 0
1.5977328 0
1.5984104 0
1.5984104 0
1.6084104 0
1.6084104 0
1.6084104 1
1.6084104 2
1.6084104 3
1.6084104 4
1.6084104 5
1.6084104 6
1.6084104 7
1.6084104 8
1.6084104 9
1.6084104 10
1.6084104 11
1.6084104 12
1.6084104 13
1.6084104 14
1.6084104 15
1.6084104 16
1.6084104 17
1.6084104 18
1.6084104 19
1.6084104 20
1.6084104 21
1.6084104 22
1.6084104 23
1.6084104 24
1.6084104 25
1.6084104 26
1.6084104 27
1.6084104 28
1.6084104 29
1.6084104 30
1.6084104 31
1.6084104 32
1.6084104 33
1.6084104 34
1.6084104 35
1.6084104 36
1.6084104 37
1.6084104 38
1.6084104 39
1.6084104 40
1.6084104 41
1.6084104 42
1.6084104 43
1.6084104 44
1.6084104 45
1.6084104 46
1.6084104 47
1.6084104 48
1.6084104 49
1.6084104 50
1.6084104 51
1.6084104 52
1.6084104 53
1.6084104 54
1.6084104 55
1.6084104 56
1.6084104 57
1.6084104 58
1.6084104 59
1.6084104 60
1.6084104 61
1.6084104 62
1.6084104 63
1.6084104 64
1.6084104 65
1.6084104 66
1.6084104 67
1.6084104 68
1.6084104 69
1.6084104 70
1.6084104 71
1.6084104 72
1.6084104 73
1.6084104 74
1.6084104 75
1.6084104 76
1.6084104 77
1.6084104 78
1.6084104 79
1.6084104 80
1.6084104 81
1.6084104 82
1.6084104 83
1.6084104 84
1.6084104 85
1.6084104 86
1.6084104 87
1.6084104 88
1.6084104 89
1.6084104 90
1.6084104 91
1.6084104 92
1.6084104 93
1.6084104 94
1.6084104 95
1.6084104 96
1.6084104 97
1.6084104 98
1.6084104 99
1.6084104 100
1.6084104 101
1.6084104 102
1.6084104 103
1.6084104 104
1.6084104 105
1.6092104 104
1.6100104 103
1.6108104 102
1.6116104 101
1.6124104 100
1.6132104 99
1.6140104 98
1.6148104 97
1.6156104 96
1.6164104 95
1.6172104 94
1.6180104 93
1.6188104 92
1.6192104 0
1.6192104 0
1.6196104 91
1.6200104 0
1.6200104 0
1.6204104 90
1.6208104 0
1.6208104 0
1.6212104 89
1.6216104 0
1.6216104 0
1.6220104 88
1.6224104 0
1.6224104 0
1.6228104 87
1.6232104 0
1.6232104 0
1.6236104 86
1.6240104 0
1.6240104 0
1.6244104 85
1.6248104 0
1.6248104 0
1.6252104 84
1.6256104 0
1.6256104 0
1.6260104 83
1.6264104 0
1.6264104 0
1.6268104 82
1.6272104 0
1.6272104 0
1.6276104 81
1.6280104 0
1.6280104 0
1.6284104 80
1.6288104 0
1.6288104 0
1.6292104 79
1.6296104 0
1.6296104 0
1.6300104 78
1.6304104 0
1.6304104 0
1.6308104 77
1.6312104 0
1.6312104 0
1.6316104 76
1.6320104 0
1.6320104 0
1.6324104 75
1.6328104 0
1.6328104 0
1.6332104 74
1.6336104 0
1.6336104 0
1.6340104 73
1.6344104 0
1.6344104 0
1.6348104 72
1.6352104 0
1.6352104 0
1.6356104 71
1.6360104 0
1.6360104 0
1.6364104 70
1.6368104 0
1.6368104 0
1.6372104 69
1.6376104 0
1.6376104 0
1.6380104 68
1.6384104 0
1.6384104 0
1.6388104 67
1.6392104 0
1.6392104 0
1.6396104 66
1.6400104 0
1.6400104 0
1.6404104 65
1.6408104 0
1.6408104 0
1.6412104 64
1.6416104 0
1.6416104 0
1.6420104 63
1.6424104 0
1.6424104 0
1.6428104 62
1.6432104 0
1.6432104 0
1.6436104 61
1.6440104 0
1.6440104 0
1.6444104 60
1.6448104 0
1.6448104 0
1.6452104 59
1.6456104 0
1.6456104 0
1.6460104 58
1.6464104 0
1.6464104 0
1.6468104 57
1.6472104 0
1.6472104 0
1.6476104 56
1.6480104 0
1.6480104 0
1.6484104 55
1.6488104 0
1.6488104 0
1.6492104 54
1.6496104 0
1.6496104 0
1.6500104 53
1.6504104 0
1.6504104 0
1.6508104 52
1.6512104 0
1.6512104 0
1.6516104 51
1.6520104 0
1.6520104 0
1.6524104 50
1.6528104 0
1.6528104 0
1.6532104 49
1.6536104 0
1.6536104 0
1.6540104 48
1.6544104 0
1.6544104 0
1.6548104 47
1.6552104 0
1.6552104 0
1.6556104 46
1.6560104 0
1.6560104 0
1.6564104 45
1.6568104 0
1.6568104 0
1.6572104 44
1.6576104 0
1.6576104 0
1.6580104 43
1.6584104 0
1.6584104 0
1.6588104 42
1.6592104 0
1.6592104 0
1.6596104 41
1.6600104 0
1.6600104 0
1.6604104 40
1.6608104 0
1.6608104 0
1.6612104 39
1.6616104 0
1.6616104 0
1.6620104 38
1.6624104 0
1.6624104 0
1.6628104 37
1.6632104 0
1.6632104 0
1.6636104 36
1.6640104 0
1.6640104 0
1.6644104 35
1.6648104 0
1.6648104 0
1.6652104 34
1.6656104 0
1.6656104 0
1.6660104 33
1.6664104 0
1.6664104 0
1.6668104 32
1.6672104 0
1.6672104 0
1.6676104 31
1.6680104 0
1.6680104 0
1.6684104 30
1.6688104 0
1.6688104 0
1.6692104 29
1.6696104 0
1.6696104 0
1.6700104 28
1.6704104 0
1.6704104 0
1.6708104 27
1.6712104 0
1.6712104 0
1.6716104 26
1.6720104 0
1.6720104 0
1.6724104 25
1.6728104 0
1.6728104 0
1.6732104 24
1.6736104 0
1.6736104 0
1.6740104 23
1.6744104 0
1.6744104 0
1.6748104 22
1.6752104 0
1.6752104 0
1.6756104 21
1.6760104 0
1.6760104 0
1.6764104 20
1.6768104 0
1.6768104 0
1.6772104 19
1.6776104 0
1.6776104 0
1.6780104 18
1.6784104 0
1.6784104 0
1.6788104 17
1.6792104 0
1.6792104 0
1.6796104 16
1.6800104 0
1.6800104 0
1.6804104 15
1.6808104 0
1.6808104 0
1.6812104 14
1.6816104 0
1.6816104 0
1.6820104 13
1.6824104 0
1.6824104 0
1.6828104 12
1.6832104 0
1.6832104 0
1.6836104 11
1.6840104 0
1.6840104 0
1.6844104 10
1.6848104 0
1.6848104 0
1.6852104 9
1.6856104 0
1.6856104 0
1.6860104 8
1.6864104 0
1.6864104 0
1.6868104 7
1.6872104 0
1.6872104 0
1.6876104 6
1.6880104 0
1.6880104 0
1.6884104 5
1.6888104 0
1.6888104 0
1.6892104 4
1.6896104 0
1.6896104 0
1.6900104 3
1.6904104 0
1.6904104 0
1.6908104 2
1.6912104 0
1.6912104 0
1.6916104 1
1.6920104 0
1.6920104 0
1.6924104 0
1.6928104 0
1.6928104 0
1.6936104 0
1.6936104 0
1.6944104 0
1.6944104 0
1.6952104 0
1.6952104 0
1.6960104 0
1.6960104 0
1.6968104 0
1.6968104 0
1.6976104 0
1.6976104 0
1.6984104 0
1.6984104 0
1.6992104 0
1.6992104 0
1.7000104 0
1.7000104 0
1.7008104 0
1.7008104 0
1.7016104 0
1.7016104 0
1.7024104 0
1.7024104 0
1.7030432 0
1.7030432 0
1.7130432 0
1.7130432 0
1.7130432 1
1.7130432 2
1.7130432 3
1.7130432 4
1.7130432 5
1.7130432 6
1.7130432 7
1.7130432 8
1.7130432 9
1.7130432 10
1.7130432 11
1.7130432 12
1.7130432 13
1.7130432 14
1.7130432 15
1.7130432 16
1.7130432 17
1.7130432 18
1.7130432 19
1.7130432 20
1.7130432 21
1.7130432 22
1.7130432 23
1.7130432 24
1.7130432 25
1.7130432 26
1.7130432 27
1.7130432 28
1.7130432 29
1.7130432 30
1.7130432 31
1.7130432 32
1.7130432 33
1.7130432 34
1.7130432 35
1.7130432 36
1.7130432 37
1.7130432 38
1.7130432 39
1.7130432 40
1.7130432 41
1.7130432 42
1.7130432 43
1.7130432 44
1.7130432 45
1.7130432 46
1.7130432 47
1.7130432 48
1.7130432 49
1.7130432 50
1.7130432 51
1.7130432 52
1.7138432 51
1.7146432 50
1.7154432 49
1.7162432 48
1.7170432 47
1.7178432 46
1.7186432 45
1.7194432 44
1.7202432 43
1.7210432 42
1.7218432 41
1.7226432 40
1.7234432 39
1.7238432 0
1.7238432 0
1.7242432 38
1.7246432 0
1.7246432 0
1.7250432 37
1.7254432 0
1.7254432 0
1.7258432 36
1.7262432 0
1.7262432 0
1.7266432 35
1.7270432 0
1.7270432 0
1.7274432 34
1.7278432 0
1.7278432 0
1.7282432 33
1.7286432 0
1.7286432 0
1.7290432 32
1.7294432 0
1.7294432 0
1.7298432 31
1.7302432 0
1.7302432 0
1.7306432 30
1.7310432 0
1.7310432 0
1.7314432 29
1.7318432 0
1.7318432 0
1.7322432 28
1.7326432 0
1.7326432 0
1.7330432 27
1.7334432 0
1.7334432 0
1.7338432 26
1.7342432 0
1.7342432 0
1.7346432 25
1.7350432 0
1.7350432 0
1.7354432 24
1.7358432 0
1.7358432 0
1.7362432 23
1.7366432 0
1.7366432 0
1.7370432 22
1.7374432 0
1.7374432 0
1.7378432 21
1.7382432 0
1.7382432 0
1.7386432 20
1.7390432 0
1.7390432 0
1.7394432 19
1.7398432 0
1.7398432 0
1.7402432 18
1.7406432 0
1.7406432 0
1.7410432 17
1.7414432 0
1.7414432 0
1.7418432 16
1.7422432 0
1.7422432 0
1.7426432 15
1.7430432 0
1.7430432 0
1.7434432 14
1.7438432 0
1.7438432 0
1.7442432 13
1.7446432 0
1.7446432 0
1.7450432 12
1.7454432 0
1.7454432 0
1.7458432 11
1.7462432 0
1.7462432 0
1.7466432 10
1.7470432 0
1.7470432 0
1.7474432 9
1.7478432 0
1.7478432 0
1.7482432 8
1.7486432 0
1.7486432 0
1.7490432 7
1.7494432 0
1.7494432 0
1.7498432 6
1.7502432 0
1.7502432 0
1.7506432 5
1.7510432 0
1.7510432 0
1.7514432 4
1.7518432 0
1.7518432 0
1.7522432 3
1.7526432 0
1.7526432 0
1.7530432 2
1.7534432 0
1.7534432 0
1.7538432 1
1.7542432 0
1.7542432 0
1.7546432 0
1.7550432 0
1.7550432 0
1.7558432 0
1.7558432 0
1.7566432 0
1.7566432 0
1.7574432 0
1.7574432 0
1.7582432 0
1.7582432 0
1.7590432 0
1.7590432 0
1.7598432 0
1.7598432 0
1.7606432 0
1.7606432 0
1.7614432 0
1.7614432 0
1.7622432 0
1.7622432 0
1.7630432 0
1.7630432 0
1.7638432 0
1.7638432 0
1.7646432 0
1.7646432 0
1.7652 0
1.7652 0
