Running simulation: 3 nodes, scenario 2.
0.23925 1 0 0.23925 0.03925 0.2 0.0
0.2705 2 0 0.2705 0.03925 0.2 0.03125
0.30175 3 0 0.30175 0.03925 0.2 0.0625
0.333 4 0 0.333 0.03925 0.2 0.09375
0.36425 5 0 0.36425 0.03925 0.2 0.125
0.3955 6 0 0.3955 0.03925 0.2 0.15625
0.42675 7 0 0.42675 0.03925 0.2 0.1875
0.458 8 0 0.458 0.03925 0.2 0.21875
0.48925 9 0 0.48925 0.03925 0.2 0.25
0.5205 10 0 0.5205 0.03925 0.2 0.28125
0.55175 11 0 0.55175 0.03925 0.2 0.3125
0.583 12 0 0.583 0.03925 0.2 0.34375
0.61425 13 0 0.61425 0.03925 0.2 0.375
0.6455 14 0 0.6455 0.03925 0.2 0.40625
0.67675 15 0 0.67675 0.03925 0.2 0.4375
0.708 16 0 0.708 0.03925 0.2 0.46875
0.73925 17 0 0.73925 0.03925 0.2 0.5
0.7705 18 0 0.7705 0.03925 0.2 0.53125
0.80175 19 0 0.80175 0.03925 0.2 0.5625
0.833 20 0 0.833 0.03925 0.2 0.59375
0.86425 21 0 0.86425 0.03925 0.2 0.625
0.8955 22 0 0.8955 0.03925 0.2 0.65625
0.92675 23 0 0.92675 0.03925 0.2 0.6875
0.958 24 0 0.958 0.03925 0.2 0.71875
0.98925 25 0 0.98925 0.03925 0.2 0.75
1.0205 26 0 1.0205 0.03925 0.2 0.78125
1.05175 27 0 1.05175 0.03925 0.2 0.8125
1.083 28 0 1.083 0.03925 0.2 0.84375
1.11425 29 0 1.11425 0.03925 0.2 0.875
1.1455 30 0 1.1455 0.03925 0.2 0.90625
1.17675 31 0 1.17675 0.03925 0.2 0.9375
1.208 32 0 1.208 0.03925 0.2 0.96875
1.23925 33 0 1.23925 0.03925 0.2 1.0
1.2705 34 0 1.2705 0.03925 0.2 1.03125
1.30175 35 0 1.30175 0.03925 0.2 1.0625
1.333 36 0 1.333 0.03925 0.2 1.09375
1.36425 37 0 1.36425 0.03925 0.2 1.125
1.3955 38 0 1.3955 0.03925 0.2 1.15625
1.42675 39 0 1.42675 0.03925 0.2 1.1875
1.458 40 0 1.458 0.03925 0.2 1.21875
1.48925 41 0 1.48925 0.03925 0.2 1.25
1.5205 42 0 1.5205 0.03925 0.2 1.28125
1.55175 43 0 1.55175 0.03925 0.2 1.3125
1.583 44 0 1.583 0.03925 0.2 1.34375
1.61425 45 0 1.61425 0.03925 0.2 1.375
1.6455 46 0 1.6455 0.03925 0.2 1.40625
1.67675 47 0 1.67675 0.03925 0.2 1.4375
1.708 48 0 1.708 0.03925 0.2 1.46875
1.73925 49 0 1.73925 0.03925 0.2 1.5
1.7705 50 0 1.7705 0.03925 0.2 1.53125
1.80175 51 0 1.80175 0.03925 0.2 1.5625
1.833 52 0 1.833 0.03925 0.2 1.59375
1.86425 53 0 1.86425 0.03925 0.2 1.625
1.8955 54 0 1.8955 0.03925 0.2 1.65625
1.92675 55 0 1.92675 0.03925 0.2 1.6875
1.958 56 0 1.958 0.03925 0.2 1.71875
1.98925 57 0 1.98925 0.03925 0.2 1.75
2.0205 58 0 2.0205 0.03925 0.2 1.78125
2.05175 59 0 2.05175 0.03925 0.2 1.8125
2.083 60 0 2.083 0.03925 0.2 1.84375
2.11425 61 0 2.11425 0.03925 0.2 1.875
2.1455 62 0 2.1455 0.03925 0.2 1.90625
2.17675 63 0 2.17675 0.03925 0.2 1.9375
2.208 64 0 2.208 0.03925 0.2 1.96875
2.23925 65 0 2.23925 0.03925 0.2 2.0
2.2705 66 0 2.2705 0.03925 0.2 2.03125
2.30175 67 0 2.30175 0.03925 0.2 2.0625
2.333 68 0 2.333 0.03925 0.2 2.09375
2.36425 69 0 2.36425 0.03925 0.2 2.125
2.3955 70 0 2.3955 0.03925 0.2 2.15625
2.42675 71 0 2.42675 0.03925 0.2 2.1875
2.458 72 0 2.458 0.03925 0.2 2.21875
2.48925 73 0 2.48925 0.03925 0.2 2.25
2.5205 74 0 2.5205 0.03925 0.2 2.28125
2.55175 75 0 2.55175 0.03925 0.2 2.3125
2.583 76 0 2.583 0.03925 0.2 2.34375
2.61425 77 0 2.61425 0.03925 0.2 2.375
2.6455 78 0 2.6455 0.03925 0.2 2.40625
2.67675 79 0 2.67675 0.03925 0.2 2.4375
2.708 80 0 2.708 0.03925 0.2 2.46875
2.73925 81 0 2.73925 0.03925 0.2 2.5
2.7705 82 0 2.7705 0.03925 0.2 2.53125
2.80175 83 0 2.80175 0.03925 0.2 2.5625
2.833 84 0 2.833 0.03925 0.2 2.59375
2.86425 85 0 2.86425 0.03925 0.2 2.625
2.8955 86 0 2.8955 0.03925 0.2 2.65625
2.92675 87 0 2.92675 0.03925 0.2 2.6875
2.958 88 0 2.958 0.03925 0.2 2.71875
2.98925 89 0 2.98925 0.03925 0.2 2.75
3.0205 90 0 3.0205 0.03925 0.2 2.78125
3.05175 91 0 3.05175 0.03925 0.2 2.8125
3.083 92 0 3.083 0.03925 0.2 2.84375
3.11425 93 0 3.11425 0.03925 0.2 2.875
3.1455 94 0 3.1455 0.03925 0.2 2.90625
3.17675 95 0 3.17675 0.03925 0.2 2.9375
3.208 96 0 3.208 0.03925 0.2 2.96875
3.23925 97 0 3.23925 0.03925 0.2 3.0
3.2705 98 0 3.2705 0.03925 0.2 3.03125
3.30175 99 0 3.30175 0.03925 0.2 3.0625
3.333 100 0 3.333 0.03925 0.2 3.09375
3.36425 101 0 3.36425 0.03925 0.2 3.125
3.3955 102 0 3.3955 0.03925 0.2 3.15625
3.42675 103 0 3.42675 0.03925 0.2 3.1875
3.458 104 0 3.458 0.03925 0.2 3.21875
3.48925 105 0 3.48925 0.03925 0.2 3.25
3.5205 106 0 3.5205 0.03925 0.2 3.28125
3.55175 107 0 3.55175 0.03925 0.2 3.3125
3.583 108 0 3.583 0.03925 0.2 3.34375
3.61425 109 0 3.61425 0.03925 0.2 3.375
3.6455 110 0 3.6455 0.03925 0.2 3.40625
3.67675 111 0 3.67675 0.03925 0.2 3.4375
3.708 112 0 3.708 0.03925 0.2 3.46875
3.73925 113 0 3.73925 0.03925 0.2 3.5
3.7705 114 0 3.7705 0.03925 0.2 3.53125
3.80175 115 0 3.80175 0.03925 0.2 3.5625
3.833 116 0 3.833 0.03925 0.2 3.59375
3.86425 117 0 3.86425 0.03925 0.2 3.625
3.8955 118 0 3.8955 0.03925 0.2 3.65625
3.92675 119 0 3.92675 0.03925 0.2 3.6875
3.958 120 0 3.958 0.03925 0.2 3.71875
3.98925 121 0 3.98925 0.03925 0.2 3.75
4.0205 122 0 4.0205 0.03925 0.2 3.78125
4.05175 123 0 4.05175 0.03925 0.2 3.8125
4.083 124 0 4.083 0.03925 0.2 3.84375
4.11425 125 0 4.11425 0.03925 0.2 3.875
4.1455 126 0 4.1455 0.03925 0.2 3.90625
4.17675 127 0 4.17675 0.03925 0.2 3.9375
4.208 128 0 4.208 0.03925 0.2 3.96875
4.23925 129 0 4.23925 0.03925 0.2 4.0
4.2705 130 0 4.2705 0.03925 0.2 4.03125
4.30175 131 0 4.30175 0.03925 0.2 4.0625
4.333 132 0 4.333 0.03925 0.2 4.09375
4.36425 133 0 4.36425 0.03925 0.2 4.125
4.3955 134 0 4.3955 0.03925 0.2 4.15625
4.42675 135 0 4.42675 0.03925 0.2 4.1875
4.458 136 0 4.458 0.03925 0.2 4.21875
4.48925 137 0 4.48925 0.03925 0.2 4.25
4.5205 138 0 4.5205 0.03925 0.2 4.28125
4.55175 139 0 4.55175 0.03925 0.2 4.3125
4.583 140 0 4.583 0.03925 0.2 4.34375
4.61425 141 0 4.61425 0.03925 0.2 4.375
4.6455 142 0 4.6455 0.03925 0.2 4.40625
4.67675 143 0 4.67675 0.03925 0.2 4.4375
4.708 144 0 4.708 0.03925 0.2 4.46875
4.73925 145 0 4.73925 0.03925 0.2 4.5
4.7705 146 0 4.7705 0.03925 0.2 4.53125
4.80175 147 0 4.80175 0.03925 0.2 4.5625
4.833 148 0 4.833 0.03925 0.2 4.59375
4.86425 149 0 4.86425 0.03925 0.2 4.625
4.8955 150 0 4.8955 0.03925 0.2 4.65625
4.92675 151 0 4.92675 0.03925 0.2 4.6875
4.958 152 0 4.958 0.03925 0.2 4.71875
4.98925 153 0 4.98925 0.03925 0.2 4.75
5.0205 154 0 5.0205 0.03925 0.2 4.78125
5.05175 155 0 5.05175 0.03925 0.2 4.8125
5.083 156 0 5.083 0.03925 0.2 4.84375
5.11425 157 0 5.11425 0.03925 0.2 4.875
5.1455 158 0 5.1455 0.03925 0.2 4.90625
5.17675 159 0 5.17675 0.03925 0.2 4.9375
5.208 160 0 5.208 0.03925 0.2 4.96875
5.23925 161 0 5.23925 0.03925 0.2 5.0
5.2705 162 0 5.2705 0.03925 0.2 5.03125
5.30175 163 0 5.30175 0.03925 0.2 5.0625
5.333 164 0 5.333 0.03925 0.2 5.09375
5.36425 165 0 5.36425 0.03925 0.2 5.125
5.3955 166 0 5.3955 0.03925 0.2 5.15625
5.42675 167 0 5.42675 0.03925 0.2 5.1875
5.458 168 0 5.458 0.03925 0.2 5.21875
5.48925 169 0 5.48925 0.03925 0.2 5.25
5.5205 170 0 5.5205 0.03925 0.2 5.28125
5.55175 171 0 5.55175 0.03925 0.2 5.3125
5.583 172 0 5.583 0.03925 0.2 5.34375
5.61425 173 0 5.61425 0.03925 0.2 5.375
5.6455 174 0 5.6455 0.03925 0.2 5.40625
5.67675 175 0 5.67675 0.03925 0.2 5.4375
5.708 176 0 5.708 0.03925 0.2 5.46875
5.73925 177 0 5.73925 0.03925 0.2 5.5
5.7705 178 0 5.7705 0.03925 0.2 5.53125
5.80175 179 0 5.80175 0.03925 0.2 5.5625
5.833 180 0 5.833 0.03925 0.2 5.59375
5.86425 181 0 5.86425 0.03925 0.2 5.625
5.8955 182 0 5.8955 0.03925 0.2 5.65625
5.92675 183 0 5.92675 0.03925 0.2 5.6875
5.958 184 0 5.958 0.03925 0.2 5.71875
5.98925 185 0 5.98925 0.03925 0.2 5.75
6.0205 186 0 6.0205 0.03925 0.2 5.78125
6.05175 187 0 6.05175 0.03925 0.2 5.8125
6.083 188 0 6.083 0.03925 0.2 5.84375
6.11425 189 0 6.11425 0.03925 0.2 5.875
6.1455 190 0 6.1455 0.03925 0.2 5.90625
6.17675 191 0 6.17675 0.03925 0.2 5.9375
6.208 192 0 6.208 0.03925 0.2 5.96875
6.23925 193 0 6.23925 0.03925 0.2 6.0
6.2705 194 0 6.2705 0.03925 0.2 6.03125
6.30175 195 0 6.30175 0.03925 0.2 6.0625
6.333 196 0 6.333 0.03925 0.2 6.09375
6.36425 197 0 6.36425 0.03925 0.2 6.125
6.3955 198 0 6.3955 0.03925 0.2 6.15625
6.42675 199 0 6.42675 0.03925 0.2 6.1875
6.458 200 0 6.458 0.03925 0.2 6.21875
6.48925 201 0 6.48925 0.03925 0.2 6.25
6.5205 202 0 6.5205 0.03925 0.2 6.28125
6.55175 203 0 6.55175 0.03925 0.2 6.3125
6.583 204 0 6.583 0.03925 0.2 6.34375
6.61425 205 0 6.61425 0.03925 0.2 6.375
6.6455 206 0 6.6455 0.03925 0.2 6.40625
6.67675 207 0 6.67675 0.03925 0.2 6.4375
6.708 208 0 6.708 0.03925 0.2 6.46875
6.73925 209 0 6.73925 0.03925 0.2 6.5
6.7705 210 0 6.7705 0.03925 0.2 6.53125
6.80175 211 0 6.80175 0.03925 0.2 6.5625
6.833 212 0 6.833 0.03925 0.2 6.59375
6.86425 213 0 6.86425 0.03925 0.2 6.625
6.8955 214 0 6.8955 0.03925 0.2 6.65625
6.92675 215 0 6.92675 0.03925 0.2 6.6875
6.958 216 0 6.958 0.03925 0.2 6.71875
6.98925 217 0 6.98925 0.03925 0.2 6.75
7.0205 218 0 7.0205 0.03925 0.2 6.78125
7.05175 219 0 7.05175 0.03925 0.2 6.8125
7.083 220 0 7.083 0.03925 0.2 6.84375
7.11425 221 0 7.11425 0.03925 0.2 6.875
7.1455 222 0 7.1455 0.03925 0.2 6.90625
7.17675 223 0 7.17675 0.03925 0.2 6.9375
7.208 224 0 7.208 0.03925 0.2 6.96875
7.23925 225 0 7.23925 0.03925 0.2 7.0
7.2705 226 0 7.2705 0.03925 0.2 7.03125
7.30175 227 0 7.30175 0.03925 0.2 7.0625
7.333 228 0 7.333 0.03925 0.2 7.09375
7.36425 229 0 7.36425 0.03925 0.2 7.125
7.3955 230 0 7.3955 0.03925 0.2 7.15625
7.42675 231 0 7.42675 0.03925 0.2 7.1875
7.458 232 0 7.458 0.03925 0.2 7.21875
7.48925 233 0 7.48925 0.03925 0.2 7.25
7.5205 234 0 7.5205 0.03925 0.2 7.28125
7.55175 235 0 7.55175 0.03925 0.2 7.3125
7.583 236 0 7.583 0.03925 0.2 7.34375
7.61425 237 0 7.61425 0.03925 0.2 7.375
7.6455 238 0 7.6455 0.03925 0.2 7.40625
7.67675 239 0 7.67675 0.03925 0.2 7.4375
7.708 240 0 7.708 0.03925 0.2 7.46875
7.73925 241 0 7.73925 0.03925 0.2 7.5
7.7705 242 0 7.7705 0.03925 0.2 7.53125
7.80175 243 0 7.80175 0.03925 0.2 7.5625
7.833 244 0 7.833 0.03925 0.2 7.59375
7.86425 245 0 7.86425 0.03925 0.2 7.625
7.8955 246 0 7.8955 0.03925 0.2 7.65625
7.92675 247 0 7.92675 0.03925 0.2 7.6875
7.958 248 0 7.958 0.03925 0.2 7.71875
7.98925 249 0 7.98925 0.03925 0.2 7.75
8.0205 250 0 8.0205 0.03925 0.2 7.78125
8.05175 251 0 8.05175 0.03925 0.2 7.8125
8.083 252 0 8.083 0.03925 0.2 7.84375
8.11425 253 0 8.11425 0.03925 0.2 7.875
8.1455 254 0 8.1455 0.03925 0.2 7.90625
8.17675 255 0 8.17675 0.03925 0.2 7.9375
8.208 256 0 8.208 0.03925 0.2 7.96875
8.23925 257 0 8.23925 0.03925 0.2 8.0
8.2705 258 0 8.2705 0.03925 0.2 8.03125
8.30175 259 0 8.30175 0.03925 0.2 8.0625
8.333 260 0 8.333 0.03925 0.2 8.09375
8.36425 261 0 8.36425 0.03925 0.2 8.125
8.3955 262 0 8.3955 0.03925 0.2 8.15625
8.42675 263 0 8.42675 0.03925 0.2 8.1875
8.458 264 0 8.458 0.03925 0.2 8.21875
8.48925 265 0 8.48925 0.03925 0.2 8.25
8.5205 266 0 8.5205 0.03925 0.2 8.28125
8.55175 267 0 8.55175 0.03925 0.2 8.3125
8.583 268 0 8.583 0.03925 0.2 8.34375
8.61425 269 0 8.61425 0.03925 0.2 8.375
8.6455 270 0 8.6455 0.03925 0.2 8.40625
8.67675 271 0 8.67675 0.03925 0.2 8.4375
8.708 272 0 8.708 0.03925 0.2 8.46875
8.73925 273 0 8.73925 0.03925 0.2 8.5
8.7705 274 0 8.7705 0.03925 0.2 8.53125
8.80175 275 0 8.80175 0.03925 0.2 8.5625
8.833 276 0 8.833 0.03925 0.2 8.59375
8.86425 277 0 8.86425 0.03925 0.2 8.625
8.8955 278 0 8.8955 0.03925 0.2 8.65625
8.92675 279 0 8.92675 0.03925 0.2 8.6875
8.958 280 0 8.958 0.03925 0.2 8.71875
8.98925 281 0 8.98925 0.03925 0.2 8.75
9.0205 282 0 9.0205 0.03925 0.2 8.78125
9.05175 283 0 9.05175 0.03925 0.2 8.8125
9.083 284 0 9.083 0.03925 0.2 8.84375
9.11425 285 0 9.11425 0.03925 0.2 8.875
9.1455 286 0 9.1455 0.03925 0.2 8.90625
9.17675 287 0 9.17675 0.03925 0.2 8.9375
9.208 288 0 9.208 0.03925 0.2 8.96875
9.23925 289 0 9.23925 0.03925 0.2 9.0
9.2705 290 0 9.2705 0.03925 0.2 9.03125
9.30175 291 0 9.30175 0.03925 0.2 9.0625
9.333 292 0 9.333 0.03925 0.2 9.09375
9.36425 293 0 9.36425 0.03925 0.2 9.125
9.3955 294 0 9.3955 0.03925 0.2 9.15625
9.42675 295 0 9.42675 0.03925 0.2 9.1875
9.458 296 0 9.458 0.03925 0.2 9.21875
9.48925 297 0 9.48925 0.03925 0.2 9.25
9.5205 298 0 9.5205 0.03925 0.2 9.28125
9.55175 299 0 9.55175 0.03925 0.2 9.3125
9.583 300 0 9.583 0.03925 0.2 9.34375
9.61425 301 0 9.61425 0.03925 0.2 9.375
9.6455 302 0 9.6455 0.03925 0.2 9.40625
9.67675 303 0 9.67675 0.03925 0.2 9.4375
9.708 304 0 9.708 0.03925 0.2 9.46875
9.73925 305 0 9.73925 0.03925 0.2 9.5
9.7705 306 0 9.7705 0.03925 0.2 9.53125
9.80175 307 0 9.80175 0.03925 0.2 9.5625
9.833 308 0 9.833 0.03925 0.2 9.59375
9.86425 309 0 9.86425 0.03925 0.2 9.625
9.8955 310 0 9.8955 0.03925 0.2 9.65625
9.92675 311 0 9.92675 0.03925 0.2 9.6875
9.958 312 0 9.958 0.03925 0.2 9.71875
9.98925 313 0 9.98925 0.03925 0.2 9.75
10.0205 314 0 10.0205 0.03925 0.2 9.78125
10.05175 315 0 10.05175 0.03925 0.2 9.8125
10.083 316 0 10.083 0.03925 0.2 9.84375
10.11425 317 0 10.11425 0.03925 0.2 9.875
10.1455 318 0 10.1455 0.03925 0.2 9.90625
10.17675 319 0 10.17675 0.03925 0.2 9.9375
10.208 320 0 10.208 0.03925 0.2 9.96875
10.23925 321 0 10.23925 0.03925 0.2 10.0
10.2705 322 0 10.2705 0.03925 0.2 10.03125
10.30175 323 0 10.30175 0.03925 0.2 10.0625
10.333 324 0 10.333 0.03925 0.2 10.09375
10.36425 325 0 10.36425 0.03925 0.2 10.125
10.3955 326 0 10.3955 0.03925 0.2 10.15625
10.42675 327 0 10.42675 0.03925 0.2 10.1875
10.458 328 0 10.458 0.03925 0.2 10.21875
10.48925 329 0 10.48925 0.03925 0.2 10.25
10.5205 330 0 10.5205 0.03925 0.2 10.28125
10.55175 331 0 10.55175 0.03925 0.2 10.3125
10.583 332 0 10.583 0.03925 0.2 10.34375
10.61425 333 0 10.61425 0.03925 0.2 10.375
10.6455 334 0 10.6455 0.03925 0.2 10.40625
10.67675 335 0 10.67675 0.03925 0.2 10.4375
10.708 336 0 10.708 0.03925 0.2 10.46875
10.73925 337 0 10.73925 0.03925 0.2 10.5
10.7705 338 0 10.7705 0.03925 0.2 10.53125
10.80175 339 0 10.80175 0.03925 0.2 10.5625
10.833 340 0 10.833 0.03925 0.2 10.59375
10.86425 341 0 10.86425 0.03925 0.2 10.625
10.8955 342 0 10.8955 0.03925 0.2 10.65625
10.92675 343 0 10.92675 0.03925 0.2 10.6875
10.958 344 0 10.958 0.03925 0.2 10.71875
10.98925 345 0 10.98925 0.03925 0.2 10.75
11.0205 346 0 11.0205 0.03925 0.2 10.78125
11.05175 347 0 11.05175 0.03925 0.2 10.8125
11.083 348 0 11.083 0.03925 0.2 10.84375
11.11425 349 0 11.11425 0.03925 0.2 10.875
11.1455 350 0 11.1455 0.03925 0.2 10.90625
11.17675 351 0 11.17675 0.03925 0.2 10.9375
11.208 352 0 11.208 0.03925 0.2 10.96875
11.23925 353 0 11.23925 0.03925 0.2 11.0
11.2705 354 0 11.2705 0.03925 0.2 11.03125
11.30175 355 0 11.30175 0.03925 0.2 11.0625
11.333 356 0 11.333 0.03925 0.2 11.09375
11.36425 357 0 11.36425 0.03925 0.2 11.125
11.3955 358 0 11.3955 0.03925 0.2 11.15625
11.42675 359 0 11.42675 0.03925 0.2 11.1875
11.458 360 0 11.458 0.03925 0.2 11.21875
11.48925 361 0 11.48925 0.03925 0.2 11.25
11.5205 362 0 11.5205 0.03925 0.2 11.28125
11.55175 363 0 11.55175 0.03925 0.2 11.3125
11.583 364 0 11.583 0.03925 0.2 11.34375
11.61425 365 0 11.61425 0.03925 0.2 11.375
11.6455 366 0 11.6455 0.03925 0.2 11.40625
11.67675 367 0 11.67675 0.03925 0.2 11.4375
11.708 368 0 11.708 0.03925 0.2 11.46875
11.73925 369 0 11.73925 0.03925 0.2 11.5
11.7705 370 0 11.7705 0.03925 0.2 11.53125
11.80175 371 0 11.80175 0.03925 0.2 11.5625
11.833 372 0 11.833 0.03925 0.2 11.59375
11.86425 373 0 11.86425 0.03925 0.2 11.625
11.8955 374 0 11.8955 0.03925 0.2 11.65625
11.92675 375 0 11.92675 0.03925 0.2 11.6875
11.958 376 0 11.958 0.03925 0.2 11.71875
11.98925 377 0 11.98925 0.03925 0.2 11.75
12.0205 378 0 12.0205 0.03925 0.2 11.78125
12.05175 379 0 12.05175 0.03925 0.2 11.8125
12.083 380 0 12.083 0.03925 0.2 11.84375
12.11425 381 0 12.11425 0.03925 0.2 11.875
12.1455 382 0 12.1455 0.03925 0.2 11.90625
12.17675 383 0 12.17675 0.03925 0.2 11.9375
12.208 384 0 12.208 0.03925 0.2 11.96875
12.23925 385 0 12.23925 0.03925 0.2 12.0
12.2705 386 0 12.2705 0.03925 0.2 12.03125
12.30175 387 0 12.30175 0.03925 0.2 12.0625
12.333 388 0 12.333 0.03925 0.2 12.09375
12.36425 389 0 12.36425 0.03925 0.2 12.125
12.3955 390 0 12.3955 0.03925 0.2 12.15625
12.42675 391 0 12.42675 0.03925 0.2 12.1875
12.458 392 0 12.458 0.03925 0.2 12.21875
12.48925 393 0 12.48925 0.03925 0.2 12.25
12.5205 394 0 12.5205 0.03925 0.2 12.28125
12.55175 395 0 12.55175 0.03925 0.2 12.3125
12.583 396 0 12.583 0.03925 0.2 12.34375
12.61425 397 0 12.61425 0.03925 0.2 12.375
12.6455 398 0 12.6455 0.03925 0.2 12.40625
12.67675 399 0 12.67675 0.03925 0.2 12.4375
12.708 400 0 12.708 0.03925 0.2 12.46875
12.73925 401 0 12.73925 0.03925 0.2 12.5
12.7705 402 0 12.7705 0.03925 0.2 12.53125
12.80175 403 0 12.80175 0.03925 0.2 12.5625
12.833 404 0 12.833 0.03925 0.2 12.59375
12.86425 405 0 12.86425 0.03925 0.2 12.625
12.8955 406 0 12.8955 0.03925 0.2 12.65625
12.92675 407 0 12.92675 0.03925 0.2 12.6875
12.958 408 0 12.958 0.03925 0.2 12.71875
12.98925 409 0 12.98925 0.03925 0.2 12.75
13.0205 410 0 13.0205 0.03925 0.2 12.78125
13.05175 411 0 13.05175 0.03925 0.2 12.8125
13.083 412 0 13.083 0.03925 0.2 12.84375
13.11425 413 0 13.11425 0.03925 0.2 12.875
13.1455 414 0 13.1455 0.03925 0.2 12.90625
13.17675 415 0 13.17675 0.03925 0.2 12.9375
13.208 416 0 13.208 0.03925 0.2 12.96875
13.23925 417 0 13.23925 0.03925 0.2 13.0
13.2705 418 0 13.2705 0.03925 0.2 13.03125
13.30175 419 0 13.30175 0.03925 0.2 13.0625
13.333 420 0 13.333 0.03925 0.2 13.09375
13.36425 421 0 13.36425 0.03925 0.2 13.125
13.3955 422 0 13.3955 0.03925 0.2 13.15625
13.42675 423 0 13.42675 0.03925 0.2 13.1875
13.458 424 0 13.458 0.03925 0.2 13.21875
13.48925 425 0 13.48925 0.03925 0.2 13.25
13.5205 426 0 13.5205 0.03925 0.2 13.28125
13.55175 427 0 13.55175 0.03925 0.2 13.3125
13.583 428 0 13.583 0.03925 0.2 13.34375
13.61425 429 0 13.61425 0.03925 0.2 13.375
13.6455 430 0 13.6455 0.03925 0.2 13.40625
13.67675 431 0 13.67675 0.03925 0.2 13.4375
13.708 432 0 13.708 0.03925 0.2 13.46875
13.73925 433 0 13.73925 0.03925 0.2 13.5
13.7705 434 0 13.7705 0.03925 0.2 13.53125
13.80175 435 0 13.80175 0.03925 0.2 13.5625
13.833 436 0 13.833 0.03925 0.2 13.59375
13.86425 437 0 13.86425 0.03925 0.2 13.625
13.8955 438 0 13.8955 0.03925 0.2 13.65625
13.92675 439 0 13.92675 0.03925 0.2 13.6875
13.958 440 0 13.958 0.03925 0.2 13.71875
13.98925 441 0 13.98925 0.03925 0.2 13.75
14.0205 442 0 14.0205 0.03925 0.2 13.78125
14.05175 443 0 14.05175 0.03925 0.2 13.8125
14.083 444 0 14.083 0.03925 0.2 13.84375
14.11425 445 0 14.11425 0.03925 0.2 13.875
14.1455 446 0 14.1455 0.03925 0.2 13.90625
14.17675 447 0 14.17675 0.03925 0.2 13.9375
14.208 448 0 14.208 0.03925 0.2 13.96875
14.23925 449 0 14.23925 0.03925 0.2 14.0
14.2705 450 0 14.2705 0.03925 0.2 14.03125
14.30175 451 0 14.30175 0.03925 0.2 14.0625
14.333 452 0 14.333 0.03925 0.2 14.09375
14.36425 453 0 14.36425 0.03925 0.2 14.125
14.3955 454 0 14.3955 0.03925 0.2 14.15625
14.42675 455 0 14.42675 0.03925 0.2 14.1875
14.458 456 0 14.458 0.03925 0.2 14.21875
14.48925 457 0 14.48925 0.03925 0.2 14.25
14.5205 458 0 14.5205 0.03925 0.2 14.28125
14.55175 459 0 14.55175 0.03925 0.2 14.3125
14.583 460 0 14.583 0.03925 0.2 14.34375
14.61425 461 0 14.61425 0.03925 0.2 14.375
14.6455 462 0 14.6455 0.03925 0.2 14.40625
14.67675 463 0 14.67675 0.03925 0.2 14.4375
14.708 464 0 14.708 0.03925 0.2 14.46875
14.73925 465 0 14.73925 0.03925 0.2 14.5
14.7705 466 0 14.7705 0.03925 0.2 14.53125
14.80175 467 0 14.80175 0.03925 0.2 14.5625
14.833 468 0 14.833 0.03925 0.2 14.59375
14.86425 469 0 14.86425 0.03925 0.2 14.625
14.8955 470 0 14.8955 0.03925 0.2 14.65625
14.92675 471 0 14.92675 0.03925 0.2 14.6875
14.958 472 0 14.958 0.03925 0.2 14.71875
14.98925 473 0 14.98925 0.03925 0.2 14.75
15.0205 474 0 15.0205 0.03925 0.2 14.78125
15.05175 475 0 15.05175 0.03925 0.2 14.8125
15.083 476 0 15.083 0.03925 0.2 14.84375
15.11425 477 0 15.11425 0.03925 0.2 14.875
15.1455 478 0 15.1455 0.03925 0.2 14.90625
15.17675 479 0 15.17675 0.03925 0.2 14.9375
15.208 480 0 15.208 0.03925 0.2 14.96875
15.23925 481 0 15.23925 0.03925 0.2 15.0
15.2705 482 0 15.2705 0.03925 0.2 15.03125
15.30175 483 0 15.30175 0.03925 0.2 15.0625
15.333 484 0 15.333 0.03925 0.2 15.09375
15.36425 485 0 15.36425 0.03925 0.2 15.125
15.3955 486 0 15.3955 0.03925 0.2 15.15625
15.42675 487 0 15.42675 0.03925 0.2 15.1875
15.458 488 0 15.458 0.03925 0.2 15.21875
15.48925 489 0 15.48925 0.03925 0.2 15.25
15.5205 490 0 15.5205 0.03925 0.2 15.28125
15.55175 491 0 15.55175 0.03925 0.2 15.3125
15.583 492 0 15.583 0.03925 0.2 15.34375
15.61425 493 0 15.61425 0.03925 0.2 15.375
15.6455 494 0 15.6455 0.03925 0.2 15.40625
15.67675 495 0 15.67675 0.03925 0.2 15.4375
15.708 496 0 15.708 0.03925 0.2 15.46875
15.73925 497 0 15.73925 0.03925 0.2 15.5
15.7705 498 0 15.7705 0.03925 0.2 15.53125
15.80175 499 0 15.80175 0.03925 0.2 15.5625
15.833 500 0 15.833 0.03925 0.2 15.59375
15.86425 501 0 15.86425 0.03925 0.2 15.625
15.8955 502 0 15.8955 0.03925 0.2 15.65625
15.92675 503 0 15.92675 0.03925 0.2 15.6875
15.958 504 0 15.958 0.03925 0.2 15.71875
15.98925 505 0 15.98925 0.03925 0.2 15.75
16.0205 506 0 16.0205 0.03925 0.2 15.78125
16.05175 507 0 16.05175 0.03925 0.2 15.8125
16.083 508 0 16.083 0.03925 0.2 15.84375
16.11425 509 0 16.11425 0.03925 0.2 15.875
16.1455 510 0 16.1455 0.03925 0.2 15.90625
16.17675 511 0 16.17675 0.03925 0.2 15.9375
16.208 512 0 16.208 0.03925 0.2 15.96875
16.23925 513 0 16.23925 0.03925 0.2 16.0
16.2705 514 0 16.2705 0.03925 0.2 16.03125
16.30175 515 0 16.30175 0.03925 0.2 16.0625
16.333 516 0 16.333 0.03925 0.2 16.09375
16.36425 517 0 16.36425 0.03925 0.2 16.125
16.3955 518 0 16.3955 0.03925 0.2 16.15625
16.42675 519 0 16.42675 0.03925 0.2 16.1875
16.458 520 0 16.458 0.03925 0.2 16.21875
16.48925 521 0 16.48925 0.03925 0.2 16.25
16.5205 522 0 16.5205 0.03925 0.2 16.28125
16.55175 523 0 16.55175 0.03925 0.2 16.3125
16.583 524 0 16.583 0.03925 0.2 16.34375
16.61425 525 0 16.61425 0.03925 0.2 16.375
16.6455 526 0 16.6455 0.03925 0.2 16.40625
16.67675 527 0 16.67675 0.03925 0.2 16.4375
16.708 528 0 16.708 0.03925 0.2 16.46875
16.73925 529 0 16.73925 0.03925 0.2 16.5
16.7705 530 0 16.7705 0.03925 0.2 16.53125
16.80175 531 0 16.80175 0.03925 0.2 16.5625
16.833 532 0 16.833 0.03925 0.2 16.59375
16.86425 533 0 16.86425 0.03925 0.2 16.625
16.8955 534 0 16.8955 0.03925 0.2 16.65625
16.92675 535 0 16.92675 0.03925 0.2 16.6875
16.958 536 0 16.958 0.03925 0.2 16.71875
16.98925 537 0 16.98925 0.03925 0.2 16.75
17.0205 538 0 17.0205 0.03925 0.2 16.78125
17.05175 539 0 17.05175 0.03925 0.2 16.8125
17.083 540 0 17.083 0.03925 0.2 16.84375
17.11425 541 0 17.11425 0.03925 0.2 16.875
17.1455 542 0 17.1455 0.03925 0.2 16.90625
17.17675 543 0 17.17675 0.03925 0.2 16.9375
17.208 544 0 17.208 0.03925 0.2 16.96875
17.23925 545 0 17.23925 0.03925 0.2 17.0
17.2705 546 0 17.2705 0.03925 0.2 17.03125
17.30175 547 0 17.30175 0.03925 0.2 17.0625
17.333 548 0 17.333 0.03925 0.2 17.09375
17.36425 549 0 17.36425 0.03925 0.2 17.125
17.3955 550 0 17.3955 0.03925 0.2 17.15625
17.42675 551 0 17.42675 0.03925 0.2 17.1875
17.458 552 0 17.458 0.03925 0.2 17.21875
17.48925 553 0 17.48925 0.03925 0.2 17.25
17.5205 554 0 17.5205 0.03925 0.2 17.28125
17.55175 555 0 17.55175 0.03925 0.2 17.3125
17.583 556 0 17.583 0.03925 0.2 17.34375
17.61425 557 0 17.61425 0.03925 0.2 17.375
17.6455 558 0 17.6455 0.03925 0.2 17.40625
17.67675 559 0 17.67675 0.03925 0.2 17.4375
17.708 560 0 17.708 0.03925 0.2 17.46875
17.73925 561 0 17.73925 0.03925 0.2 17.5
17.7705 562 0 17.7705 0.03925 0.2 17.53125
17.80175 563 0 17.80175 0.03925 0.2 17.5625
17.833 564 0 17.833 0.03925 0.2 17.59375
17.86425 565 0 17.86425 0.03925 0.2 17.625
17.8955 566 0 17.8955 0.03925 0.2 17.65625
17.92675 567 0 17.92675 0.03925 0.2 17.6875
17.958 568 0 17.958 0.03925 0.2 17.71875
17.98925 569 0 17.98925 0.03925 0.2 17.75
18.0205 570 0 18.0205 0.03925 0.2 17.78125
18.05175 571 0 18.05175 0.03925 0.2 17.8125
18.083 572 0 18.083 0.03925 0.2 17.84375
18.11425 573 0 18.11425 0.03925 0.2 17.875
18.1455 574 0 18.1455 0.03925 0.2 17.90625
18.17675 575 0 18.17675 0.03925 0.2 17.9375
18.208 576 0 18.208 0.03925 0.2 17.96875
18.23925 577 0 18.23925 0.03925 0.2 18.0
18.2705 578 0 18.2705 0.03925 0.2 18.03125
18.30175 579 0 18.30175 0.03925 0.2 18.0625
18.333 580 0 18.333 0.03925 0.2 18.09375
18.36425 581 0 18.36425 0.03925 0.2 18.125
18.3955 582 0 18.3955 0.03925 0.2 18.15625
18.42675 583 0 18.42675 0.03925 0.2 18.1875
18.458 584 0 18.458 0.03925 0.2 18.21875
18.48925 585 0 18.48925 0.03925 0.2 18.25
18.5205 586 0 18.5205 0.03925 0.2 18.28125
18.55175 587 0 18.55175 0.03925 0.2 18.3125
18.583 588 0 18.583 0.03925 0.2 18.34375
18.61425 589 0 18.61425 0.03925 0.2 18.375
18.6455 590 0 18.6455 0.03925 0.2 18.40625
18.67675 591 0 18.67675 0.03925 0.2 18.4375
18.708 592 0 18.708 0.03925 0.2 18.46875
18.73925 593 0 18.73925 0.03925 0.2 18.5
18.7705 594 0 18.7705 0.03925 0.2 18.53125
18.80175 595 0 18.80175 0.03925 0.2 18.5625
18.833 596 0 18.833 0.03925 0.2 18.59375
18.86425 597 0 18.86425 0.03925 0.2 18.625
18.8955 598 0 18.8955 0.03925 0.2 18.65625
18.92675 599 0 18.92675 0.03925 0.2 18.6875
18.958 600 0 18.958 0.03925 0.2 18.71875
18.98925 601 0 18.98925 0.03925 0.2 18.75
19.0205 602 0 19.0205 0.03925 0.2 18.78125
19.05175 603 0 19.05175 0.03925 0.2 18.8125
19.083 604 0 19.083 0.03925 0.2 18.84375
19.11425 605 0 19.11425 0.03925 0.2 18.875
19.1455 606 0 19.1455 0.03925 0.2 18.90625
19.17675 607 0 19.17675 0.03925 0.2 18.9375
19.208 608 0 19.208 0.03925 0.2 18.96875
19.23925 609 0 19.23925 0.03925 0.2 19.0
19.2705 610 0 19.2705 0.03925 0.2 19.03125
19.30175 611 0 19.30175 0.03925 0.2 19.0625
19.333 612 0 19.333 0.03925 0.2 19.09375
19.36425 613 0 19.36425 0.03925 0.2 19.125
19.3955 614 0 19.3955 0.03925 0.2 19.15625
19.42675 615 0 19.42675 0.03925 0.2 19.1875
19.458 616 0 19.458 0.03925 0.2 19.21875
19.48925 617 0 19.48925 0.03925 0.2 19.25
19.5205 618 0 19.5205 0.03925 0.2 19.28125
19.55175 619 0 19.55175 0.03925 0.2 19.3125
19.583 620 0 19.583 0.03925 0.2 19.34375
19.61425 621 0 19.61425 0.03925 0.2 19.375
19.6455 622 0 19.6455 0.03925 0.2 19.40625
19.67675 623 0 19.67675 0.03925 0.2 19.4375
19.708 624 0 19.708 0.03925 0.2 19.46875
19.73925 625 0 19.73925 0.03925 0.2 19.5
19.7705 626 0 19.7705 0.03925 0.2 19.53125
19.80175 627 0 19.80175 0.03925 0.2 19.5625
19.833 628 0 19.833 0.03925 0.2 19.59375
19.86425 629 0 19.86425 0.03925 0.2 19.625
19.8955 630 0 19.8955 0.03925 0.2 19.65625
19.92675 631 0 19.92675 0.03925 0.2 19.6875
19.958 632 0 19.958 0.03925 0.2 19.71875
19.98925 633 0 19.98925 0.03925 0.2 19.75
20.0205 634 0 20.0205 0.03925 0.2 19.78125
20.05175 635 0 20.05175 0.03925 0.2 19.8125
20.083 636 0 20.083 0.03925 0.2 19.84375
20.11425 637 0 20.11425 0.03925 0.2 19.875
20.1455 638 0 20.1455 0.03925 0.2 19.90625
20.17675 639 0 20.17675 0.03925 0.2 19.9375
20.208 640 0 20.208 0.03925 0.2 19.96875
20.23925 641 0 20.23925 0.03925 0.2 20.0
20.2705 642 0 20.2705 0.03925 0.2 20.03125
20.30175 643 0 20.30175 0.03925 0.2 20.0625
20.333 644 0 20.333 0.03925 0.2 20.09375
20.36425 645 0 20.36425 0.03925 0.2 20.125
20.3955 646 0 20.3955 0.03925 0.2 20.15625
20.42675 647 0 20.42675 0.03925 0.2 20.1875
20.458 648 0 20.458 0.03925 0.2 20.21875
20.48925 649 0 20.48925 0.03925 0.2 20.25
20.5205 650 0 20.5205 0.03925 0.2 20.28125
20.55175 651 0 20.55175 0.03925 0.2 20.3125
20.583 652 0 20.583 0.03925 0.2 20.34375
20.61425 653 0 20.61425 0.03925 0.2 20.375
20.6455 654 0 20.6455 0.03925 0.2 20.40625
20.67675 655 0 20.67675 0.03925 0.2 20.4375
20.708 656 0 20.708 0.03925 0.2 20.46875
20.73925 657 0 20.73925 0.03925 0.2 20.5
20.7705 658 0 20.7705 0.03925 0.2 20.53125
20.80175 659 0 20.80175 0.03925 0.2 20.5625
20.833 660 0 20.833 0.03925 0.2 20.59375
20.86425 661 0 20.86425 0.03925 0.2 20.625
20.8955 662 0 20.8955 0.03925 0.2 20.65625
20.92675 663 0 20.92675 0.03925 0.2 20.6875
20.958 664 0 20.958 0.03925 0.2 20.71875
20.98925 665 0 20.98925 0.03925 0.2 20.75
21.0205 666 0 21.0205 0.03925 0.2 20.78125
21.05175 667 0 21.05175 0.03925 0.2 20.8125
21.083 668 0 21.083 0.03925 0.2 20.84375
21.11425 669 0 21.11425 0.03925 0.2 20.875
21.1455 670 0 21.1455 0.03925 0.2 20.90625
21.17675 671 0 21.17675 0.03925 0.2 20.9375
21.208 672 0 21.208 0.03925 0.2 20.96875
21.23925 673 0 21.23925 0.03925 0.2 21.0
21.2705 674 0 21.2705 0.03925 0.2 21.03125
21.30175 675 0 21.30175 0.03925 0.2 21.0625
21.333 676 0 21.333 0.03925 0.2 21.09375
21.36425 677 0 21.36425 0.03925 0.2 21.125
21.3955 678 0 21.3955 0.03925 0.2 21.15625
21.42675 679 0 21.42675 0.03925 0.2 21.1875
21.458 680 0 21.458 0.03925 0.2 21.21875
21.48925 681 0 21.48925 0.03925 0.2 21.25
21.5205 682 0 21.5205 0.03925 0.2 21.28125
21.55175 683 0 21.55175 0.03925 0.2 21.3125
21.583 684 0 21.583 0.03925 0.2 21.34375
21.61425 685 0 21.61425 0.03925 0.2 21.375
21.6455 686 0 21.6455 0.03925 0.2 21.40625
21.67675 687 0 21.67675 0.03925 0.2 21.4375
21.708 688 0 21.708 0.03925 0.2 21.46875
21.73925 689 0 21.73925 0.03925 0.2 21.5
21.7705 690 0 21.7705 0.03925 0.2 21.53125
21.80175 691 0 21.80175 0.03925 0.2 21.5625
21.833 692 0 21.833 0.03925 0.2 21.59375
21.86425 693 0 21.86425 0.03925 0.2 21.625
21.8955 694 0 21.8955 0.03925 0.2 21.65625
21.92675 695 0 21.92675 0.03925 0.2 21.6875
21.958 696 0 21.958 0.03925 0.2 21.71875
21.98925 697 0 21.98925 0.03925 0.2 21.75
22.0205 698 0 22.0205 0.03925 0.2 21.78125
22.05175 699 0 22.05175 0.03925 0.2 21.8125
22.083 700 0 22.083 0.03925 0.2 21.84375
22.11425 701 0 22.11425 0.03925 0.2 21.875
22.1455 702 0 22.1455 0.03925 0.2 21.90625
22.17675 703 0 22.17675 0.03925 0.2 21.9375
22.208 704 0 22.208 0.03925 0.2 21.96875
22.23925 705 0 22.23925 0.03925 0.2 22.0
22.2705 706 0 22.2705 0.03925 0.2 22.03125
22.30175 707 0 22.30175 0.03925 0.2 22.0625
22.333 708 0 22.333 0.03925 0.2 22.09375
22.36425 709 0 22.36425 0.03925 0.2 22.125
22.3955 710 0 22.3955 0.03925 0.2 22.15625
22.42675 711 0 22.42675 0.03925 0.2 22.1875
22.458 712 0 22.458 0.03925 0.2 22.21875
22.48925 713 0 22.48925 0.03925 0.2 22.25
22.5205 714 0 22.5205 0.03925 0.2 22.28125
22.55175 715 0 22.55175 0.03925 0.2 22.3125
22.583 716 0 22.583 0.03925 0.2 22.34375
22.61425 717 0 22.61425 0.03925 0.2 22.375
22.6455 718 0 22.6455 0.03925 0.2 22.40625
22.67675 719 0 22.67675 0.03925 0.2 22.4375
22.708 720 0 22.708 0.03925 0.2 22.46875
22.73925 721 0 22.73925 0.03925 0.2 22.5
22.7705 722 0 22.7705 0.03925 0.2 22.53125
22.80175 723 0 22.80175 0.03925 0.2 22.5625
22.833 724 0 22.833 0.03925 0.2 22.59375
22.86425 725 0 22.86425 0.03925 0.2 22.625
22.8955 726 0 22.8955 0.03925 0.2 22.65625
22.92675 727 0 22.92675 0.03925 0.2 22.6875
22.958 728 0 22.958 0.03925 0.2 22.71875
22.98925 729 0 22.98925 0.03925 0.2 22.75
23.0205 730 0 23.0205 0.03925 0.2 22.78125
23.05175 731 0 23.05175 0.03925 0.2 22.8125
23.083 732 0 23.083 0.03925 0.2 22.84375
23.11425 733 0 23.11425 0.03925 0.2 22.875
23.1455 734 0 23.1455 0.03925 0.2 22.90625
23.17675 735 0 23.17675 0.03925 0.2 22.9375
23.208 736 0 23.208 0.03925 0.2 22.96875
23.23925 737 0 23.23925 0.03925 0.2 23.0
23.2705 738 0 23.2705 0.03925 0.2 23.03125
23.30175 739 0 23.30175 0.03925 0.2 23.0625
23.333 740 0 23.333 0.03925 0.2 23.09375
23.36425 741 0 23.36425 0.03925 0.2 23.125
23.3955 742 0 23.3955 0.03925 0.2 23.15625
23.42675 743 0 23.42675 0.03925 0.2 23.1875
23.458 744 0 23.458 0.03925 0.2 23.21875
23.48925 745 0 23.48925 0.03925 0.2 23.25
23.5205 746 0 23.5205 0.03925 0.2 23.28125
23.55175 747 0 23.55175 0.03925 0.2 23.3125
23.583 748 0 23.583 0.03925 0.2 23.34375
23.61425 749 0 23.61425 0.03925 0.2 23.375
23.6455 750 0 23.6455 0.03925 0.2 23.40625
23.67675 751 0 23.67675 0.03925 0.2 23.4375
23.708 752 0 23.708 0.03925 0.2 23.46875
23.73925 753 0 23.73925 0.03925 0.2 23.5
23.7705 754 0 23.7705 0.03925 0.2 23.53125
23.80175 755 0 23.80175 0.03925 0.2 23.5625
23.833 756 0 23.833 0.03925 0.2 23.59375
23.86425 757 0 23.86425 0.03925 0.2 23.625
23.8955 758 0 23.8955 0.03925 0.2 23.65625
23.92675 759 0 23.92675 0.03925 0.2 23.6875
23.958 760 0 23.958 0.03925 0.2 23.71875
23.98925 761 0 23.98925 0.03925 0.2 23.75
24.0205 762 0 24.0205 0.03925 0.2 23.78125
24.05175 763 0 24.05175 0.03925 0.2 23.8125
24.083 764 0 24.083 0.03925 0.2 23.84375
24.11425 765 0 24.11425 0.03925 0.2 23.875
24.1455 766 0 24.1455 0.03925 0.2 23.90625
24.17675 767 0 24.17675 0.03925 0.2 23.9375
24.208 768 0 24.208 0.03925 0.2 23.96875
24.23925 769 0 24.23925 0.03925 0.2 24.0
24.2705 770 0 24.2705 0.03925 0.2 24.03125
24.30175 771 0 24.30175 0.03925 0.2 24.0625
24.333 772 0 24.333 0.03925 0.2 24.09375
24.36425 773 0 24.36425 0.03925 0.2 24.125
24.3955 774 0 24.3955 0.03925 0.2 24.15625
24.42675 775 0 24.42675 0.03925 0.2 24.1875
24.458 776 0 24.458 0.03925 0.2 24.21875
24.48925 777 0 24.48925 0.03925 0.2 24.25
24.5205 778 0 24.5205 0.03925 0.2 24.28125
24.55175 779 0 24.55175 0.03925 0.2 24.3125
24.583 780 0 24.583 0.03925 0.2 24.34375
24.61425 781 0 24.61425 0.03925 0.2 24.375
24.6455 782 0 24.6455 0.03925 0.2 24.40625
24.67675 783 0 24.67675 0.03925 0.2 24.4375
24.708 784 0 24.708 0.03925 0.2 24.46875
24.73925 785 0 24.73925 0.03925 0.2 24.5
24.7705 786 0 24.7705 0.03925 0.2 24.53125
24.80175 787 0 24.80175 0.03925 0.2 24.5625
24.833 788 0 24.833 0.03925 0.2 24.59375
24.86425 789 0 24.86425 0.03925 0.2 24.625
24.8955 790 0 24.8955 0.03925 0.2 24.65625
24.92675 791 0 24.92675 0.03925 0.2 24.6875
24.958 792 0 24.958 0.03925 0.2 24.71875
24.98925 793 0 24.98925 0.03925 0.2 24.75
25.0205 794 0 25.0205 0.03925 0.2 24.78125
25.05175 795 0 25.05175 0.03925 0.2 24.8125
25.083 796 0 25.083 0.03925 0.2 24.84375
25.11425 797 0 25.11425 0.03925 0.2 24.875
25.1455 798 0 25.1455 0.03925 0.2 24.90625
25.17675 799 0 25.17675 0.03925 0.2 24.9375
25.208 800 0 25.208 0.03925 0.2 24.96875
25.23925 801 0 25.23925 0.03925 0.2 25.0
25.2705 802 0 25.2705 0.03925 0.2 25.03125
25.30175 803 0 25.30175 0.03925 0.2 25.0625
25.333 804 0 25.333 0.03925 0.2 25.09375
25.36425 805 0 25.36425 0.03925 0.2 25.125
25.3955 806 0 25.3955 0.03925 0.2 25.15625
25.42675 807 0 25.42675 0.03925 0.2 25.1875
25.458 808 0 25.458 0.03925 0.2 25.21875
25.48925 809 0 25.48925 0.03925 0.2 25.25
25.5205 810 0 25.5205 0.03925 0.2 25.28125
25.55175 811 0 25.55175 0.03925 0.2 25.3125
25.583 812 0 25.583 0.03925 0.2 25.34375
25.61425 813 0 25.61425 0.03925 0.2 25.375
25.6455 814 0 25.6455 0.03925 0.2 25.40625
25.67675 815 0 25.67675 0.03925 0.2 25.4375
25.708 816 0 25.708 0.03925 0.2 25.46875
25.73925 817 0 25.73925 0.03925 0.2 25.5
25.7705 818 0 25.7705 0.03925 0.2 25.53125
25.80175 819 0 25.80175 0.03925 0.2 25.5625
25.833 820 0 25.833 0.03925 0.2 25.59375
25.86425 821 0 25.86425 0.03925 0.2 25.625
25.8955 822 0 25.8955 0.03925 0.2 25.65625
25.92675 823 0 25.92675 0.03925 0.2 25.6875
25.958 824 0 25.958 0.03925 0.2 25.71875
25.98925 825 0 25.98925 0.03925 0.2 25.75
26.0205 826 0 26.0205 0.03925 0.2 25.78125
26.05175 827 0 26.05175 0.03925 0.2 25.8125
26.083 828 0 26.083 0.03925 0.2 25.84375
26.11425 829 0 26.11425 0.03925 0.2 25.875
26.1455 830 0 26.1455 0.03925 0.2 25.90625
26.17675 831 0 26.17675 0.03925 0.2 25.9375
26.208 832 0 26.208 0.03925 0.2 25.96875
26.23925 833 0 26.23925 0.03925 0.2 26.0
26.2705 834 0 26.2705 0.03925 0.2 26.03125
26.30175 835 0 26.30175 0.03925 0.2 26.0625
26.333 836 0 26.333 0.03925 0.2 26.09375
26.36425 837 0 26.36425 0.03925 0.2 26.125
26.3955 838 0 26.3955 0.03925 0.2 26.15625
26.42675 839 0 26.42675 0.03925 0.2 26.1875
26.458 840 0 26.458 0.03925 0.2 26.21875
26.48925 841 0 26.48925 0.03925 0.2 26.25
26.5205 842 0 26.5205 0.03925 0.2 26.28125
26.55175 843 0 26.55175 0.03925 0.2 26.3125
26.583 844 0 26.583 0.03925 0.2 26.34375
26.61425 845 0 26.61425 0.03925 0.2 26.375
26.6455 846 0 26.6455 0.03925 0.2 26.40625
26.67675 847 0 26.67675 0.03925 0.2 26.4375
26.708 848 0 26.708 0.03925 0.2 26.46875
26.73925 849 0 26.73925 0.03925 0.2 26.5
26.7705 850 0 26.7705 0.03925 0.2 26.53125
26.80175 851 0 26.80175 0.03925 0.2 26.5625
26.833 852 0 26.833 0.03925 0.2 26.59375
26.86425 853 0 26.86425 0.03925 0.2 26.625
26.8955 854 0 26.8955 0.03925 0.2 26.65625
26.92675 855 0 26.92675 0.03925 0.2 26.6875
26.958 856 0 26.958 0.03925 0.2 26.71875
26.98925 857 0 26.98925 0.03925 0.2 26.75
27.0205 858 0 27.0205 0.03925 0.2 26.78125
27.05175 859 0 27.05175 0.03925 0.2 26.8125
27.083 860 0 27.083 0.03925 0.2 26.84375
27.11425 861 0 27.11425 0.03925 0.2 26.875
27.1455 862 0 27.1455 0.03925 0.2 26.90625
27.17675 863 0 27.17675 0.03925 0.2 26.9375
27.208 864 0 27.208 0.03925 0.2 26.96875
27.23925 865 0 27.23925 0.03925 0.2 27.0
27.2705 866 0 27.2705 0.03925 0.2 27.03125
27.30175 867 0 27.30175 0.03925 0.2 27.0625
27.333 868 0 27.333 0.03925 0.2 27.09375
27.36425 869 0 27.36425 0.03925 0.2 27.125
27.3955 870 0 27.3955 0.03925 0.2 27.15625
27.42675 871 0 27.42675 0.03925 0.2 27.1875
27.458 872 0 27.458 0.03925 0.2 27.21875
27.48925 873 0 27.48925 0.03925 0.2 27.25
27.5205 874 0 27.5205 0.03925 0.2 27.28125
27.55175 875 0 27.55175 0.03925 0.2 27.3125
27.583 876 0 27.583 0.03925 0.2 27.34375
27.61425 877 0 27.61425 0.03925 0.2 27.375
27.6455 878 0 27.6455 0.03925 0.2 27.40625
27.67675 879 0 27.67675 0.03925 0.2 27.4375
27.708 880 0 27.708 0.03925 0.2 27.46875
27.73925 881 0 27.73925 0.03925 0.2 27.5
27.7705 882 0 27.7705 0.03925 0.2 27.53125
27.80175 883 0 27.80175 0.03925 0.2 27.5625
27.833 884 0 27.833 0.03925 0.2 27.59375
27.86425 885 0 27.86425 0.03925 0.2 27.625
27.8955 886 0 27.8955 0.03925 0.2 27.65625
27.92675 887 0 27.92675 0.03925 0.2 27.6875
27.958 888 0 27.958 0.03925 0.2 27.71875
27.98925 889 0 27.98925 0.03925 0.2 27.75
28.0205 890 0 28.0205 0.03925 0.2 27.78125
28.05175 891 0 28.05175 0.03925 0.2 27.8125
28.083 892 0 28.083 0.03925 0.2 27.84375
28.11425 893 0 28.11425 0.03925 0.2 27.875
28.1455 894 0 28.1455 0.03925 0.2 27.90625
28.17675 895 0 28.17675 0.03925 0.2 27.9375
28.208 896 0 28.208 0.03925 0.2 27.96875
28.23925 897 0 28.23925 0.03925 0.2 28.0
28.2705 898 0 28.2705 0.03925 0.2 28.03125
28.30175 899 0 28.30175 0.03925 0.2 28.0625
28.333 900 0 28.333 0.03925 0.2 28.09375
28.36425 901 0 28.36425 0.03925 0.2 28.125
28.3955 902 0 28.3955 0.03925 0.2 28.15625
28.42675 903 0 28.42675 0.03925 0.2 28.1875
28.458 904 0 28.458 0.03925 0.2 28.21875
28.48925 905 0 28.48925 0.03925 0.2 28.25
28.5205 906 0 28.5205 0.03925 0.2 28.28125
28.55175 907 0 28.55175 0.03925 0.2 28.3125
28.583 908 0 28.583 0.03925 0.2 28.34375
28.61425 909 0 28.61425 0.03925 0.2 28.375
28.6455 910 0 28.6455 0.03925 0.2 28.40625
28.67675 911 0 28.67675 0.03925 0.2 28.4375
28.708 912 0 28.708 0.03925 0.2 28.46875
28.73925 913 0 28.73925 0.03925 0.2 28.5
28.7705 914 0 28.7705 0.03925 0.2 28.53125
28.80175 915 0 28.80175 0.03925 0.2 28.5625
28.833 916 0 28.833 0.03925 0.2 28.59375
28.86425 917 0 28.86425 0.03925 0.2 28.625
28.8955 918 0 28.8955 0.03925 0.2 28.65625
28.92675 919 0 28.92675 0.03925 0.2 28.6875
28.958 920 0 28.958 0.03925 0.2 28.71875
28.98925 921 0 28.98925 0.03925 0.2 28.75
29.0205 922 0 29.0205 0.03925 0.2 28.78125
29.05175 923 0 29.05175 0.03925 0.2 28.8125
29.083 924 0 29.083 0.03925 0.2 28.84375
29.11425 925 0 29.11425 0.03925 0.2 28.875
29.1455 926 0 29.1455 0.03925 0.2 28.90625
29.17675 927 0 29.17675 0.03925 0.2 28.9375
29.208 928 0 29.208 0.03925 0.2 28.96875
29.23925 929 0 29.23925 0.03925 0.2 29.0
29.2705 930 0 29.2705 0.03925 0.2 29.03125
29.30175 931 0 29.30175 0.03925 0.2 29.0625
29.333 932 0 29.333 0.03925 0.2 29.09375
29.36425 933 0 29.36425 0.03925 0.2 29.125
29.3955 934 0 29.3955 0.03925 0.2 29.15625
29.42675 935 0 29.42675 0.03925 0.2 29.1875
29.458 936 0 29.458 0.03925 0.2 29.21875
29.48925 937 0 29.48925 0.03925 0.2 29.25
29.5205 938 0 29.5205 0.03925 0.2 29.28125
29.55175 939 0 29.55175 0.03925 0.2 29.3125
29.583 940 0 29.583 0.03925 0.2 29.34375
29.61425 941 0 29.61425 0.03925 0.2 29.375
29.6455 942 0 29.6455 0.03925 0.2 29.40625
29.67675 943 0 29.67675 0.03925 0.2 29.4375
29.708 944 0 29.708 0.03925 0.2 29.46875
29.73925 945 0 29.73925 0.03925 0.2 29.5
29.7705 946 0 29.7705 0.03925 0.2 29.53125
29.80175 947 0 29.80175 0.03925 0.2 29.5625
29.833 948 0 29.833 0.03925 0.2 29.59375
29.86425 949 0 29.86425 0.03925 0.2 29.625
29.8955 950 0 29.8955 0.03925 0.2 29.65625
29.92675 951 0 29.92675 0.03925 0.2 29.6875
29.958 952 0 29.958 0.03925 0.2 29.71875
29.98925 953 0 29.98925 0.03925 0.2 29.75
30.0205 954 0 30.0205 0.03925 0.2 29.78125
30.05175 955 0 30.05175 0.03925 0.2 29.8125
30.083 956 0 30.083 0.03925 0.2 29.84375
30.11425 957 0 30.11425 0.03925 0.2 29.875
30.1455 958 0 30.1455 0.03925 0.2 29.90625
30.17675 959 0 30.17675 0.03925 0.2 29.9375
30.208 960 0 30.208 0.03925 0.2 29.96875
30.23925 961 0 30.23925 0.03925 0.2 30.0
30.2705 962 0 30.2705 0.03925 0.2 30.03125
30.30175 963 0 30.30175 0.03925 0.2 30.0625
30.333 964 0 30.333 0.03925 0.2 30.09375
30.36425 965 0 30.36425 0.03925 0.2 30.125
30.3955 966 0 30.3955 0.03925 0.2 30.15625
30.42675 967 0 30.42675 0.03925 0.2 30.1875
30.458 968 0 30.458 0.03925 0.2 30.21875
30.48925 969 0 30.48925 0.03925 0.2 30.25
30.5205 970 0 30.5205 0.03925 0.2 30.28125
30.55175 971 0 30.55175 0.03925 0.2 30.3125
30.583 972 0 30.583 0.03925 0.2 30.34375
30.61425 973 0 30.61425 0.03925 0.2 30.375
30.6455 974 0 30.6455 0.03925 0.2 30.40625
30.67675 975 0 30.67675 0.03925 0.2 30.4375
30.708 976 0 30.708 0.03925 0.2 30.46875
30.73925 977 0 30.73925 0.03925 0.2 30.5
30.7705 978 0 30.7705 0.03925 0.2 30.53125
30.80175 979 0 30.80175 0.03925 0.2 30.5625
30.833 980 0 30.833 0.03925 0.2 30.59375
30.86425 981 0 30.86425 0.03925 0.2 30.625
30.8955 982 0 30.8955 0.03925 0.2 30.65625
30.92675 983 0 30.92675 0.03925 0.2 30.6875
30.958 984 0 30.958 0.03925 0.2 30.71875
30.98925 985 0 30.98925 0.03925 0.2 30.75
31.0205 986 0 31.0205 0.03925 0.2 30.78125
31.05175 987 0 31.05175 0.03925 0.2 30.8125
31.083 988 0 31.083 0.03925 0.2 30.84375
31.11425 989 0 31.11425 0.03925 0.2 30.875
31.1455 990 0 31.1455 0.03925 0.2 30.90625
31.17675 991 0 31.17675 0.03925 0.2 30.9375
31.208 992 0 31.208 0.03925 0.2 30.96875
31.23925 993 0 31.23925 0.03925 0.2 31.0
31.2705 994 0 31.2705 0.03925 0.2 31.03125
31.30175 995 0 31.30175 0.03925 0.2 31.0625
31.333 996 0 31.333 0.03925 0.2 31.09375
31.36425 997 0 31.36425 0.03925 0.2 31.125
31.3955 998 0 31.3955 0.03925 0.2 31.15625
31.42675 999 0 31.42675 0.03925 0.2 31.1875
31.458 1000 0 31.458 0.03925 0.2 31.21875

