# Time (seconds) Sequence (number) Size (bytes) Port (number) Sent(s)/Acked(a)
0.0108 0 0 1 a
0.0316 1000 1000 1 a
0.0324 2000 1000 1 a
0.0532 3000 1000 1 a
0.054 4000 1000 1 a
0.0548 5000 1000 1 a
0.0556 6000 1000 1 a
0.0764 7000 1000 1 a
0.0772 8000 1000 1 a
0.078 9000 1000 1 a
0.0788 10000 1000 1 a
0.0796 11000 1000 1 a
0.0804 12000 1000 1 a
0.0812 13000 1000 1 a
0.082 14000 1000 1 a
0.1028 15000 1000 1 a
0.1036 16000 1000 1 a
0.1044 17000 1000 1 a
0.1052 18000 1000 1 a
0.106 19000 1000 1 a
0.1068 20000 1000 1 a
0.1076 21000 1000 1 a
0.1084 22000 1000 1 a
0.1092 23000 1000 1 a
0.11 24000 1000 1 a
0.1108 25000 1000 1 a
0.1116 26000 1000 1 a
0.1124 27000 1000 1 a
0.1132 28000 1000 1 a
0.114 29000 1000 1 a
0.1148 30000 1000 1 a
0.1356 31000 1000 1 a
0.1364 32000 1000 1 a
0.1372 33000 1000 1 a
0.138 34000 1000 1 a
0.1388 35000 1000 1 a
0.1396 36000 1000 1 a
0.1404 37000 1000 1 a
0.1412 38000 1000 1 a
0.142 39000 1000 1 a
0.1428 40000 1000 1 a
0.1436 41000 1000 1 a
0.1444 42000 1000 1 a
0.1452 43000 1000 1 a
0.146 44000 1000 1 a
0.1468 45000 1000 1 a
0.1476 46000 1000 1 a
0.1484 47000 1000 1 a
0.1492 48000 1000 1 a
0.15 49000 1000 1 a
0.1508 50000 1000 1 a
0.1516 51000 1000 1 a
0.1524 52000 1000 1 a
0.1532 53000 1000 1 a
0.154 54000 1000 1 a
0.1548 55000 1000 1 a
0.1556 56000 1000 1 a
0.1564 57000 1000 1 a
0.1572 58000 1000 1 a
0.158 59000 1000 1 a
0.1588 60000 1000 1 a
0.1596 61000 1000 1 a
0.1604 62000 1000 1 a
0.1812 63000 1000 1 a
0.182 64000 1000 1 a
0.1828 65000 1000 1 a
0.1836 66000 1000 1 a
0.1844 67000 1000 1 a
0.1852 68000 1000 1 a
0.186 69000 1000 1 a
0.1868 70000 1000 1 a
0.1876 71000 1000 1 a
0.1884 72000 1000 1 a
0.1892 73000 1000 1 a
0.19 74000 1000 1 a
0.1908 75000 1000 1 a
0.1916 76000 1000 1 a
0.1924 77000 1000 1 a
0.1932 78000 1000 1 a
0.194 79000 1000 1 a
0.1948 80000 1000 1 a
0.1956 81000 1000 1 a
0.1964 82000 1000 1 a
0.1972 83000 1000 1 a
0.198 84000 1000 1 a
0.1988 85000 1000 1 a
0.1996 86000 1000 1 a
0.2004 87000 1000 1 a
0.2012 88000 1000 1 a
0.202 89000 1000 1 a
0.2028 90000 1000 1 a
0.2036 91000 1000 1 a
0.2044 92000 1000 1 a
0.2052 93000 1000 1 a
0.206 94000 1000 1 a
0.2068 95000 1000 1 a
0.2076 96000 1000 1 a
0.2084 97000 1000 1 a
0.2092 98000 1000 1 a
0.21 99000 1000 1 a
0.2108 100000 1000 1 a
0.2116 101000 1000 1 a
0.2124 102000 1000 1 a
0.2132 103000 1000 1 a
0.214 104000 1000 1 a
0.2148 105000 1000 1 a
0.2156 106000 1000 1 a
0.2164 107000 1000 1 a
0.2172 108000 1000 1 a
0.218 109000 1000 1 a
0.2188 110000 1000 1 a
0.2196 111000 1000 1 a
0.2204 112000 1000 1 a
0.2212 113000 1000 1 a
0.222 114000 1000 1 a
0.2228 115000 1000 1 a
0.2236 116000 1000 1 a
0.2244 117000 1000 1 a
0.2252 118000 1000 1 a
0.226 119000 1000 1 a
0.2268 120000 1000 1 a
0.2276 121000 1000 1 a
0.2284 122000 1000 1 a
0.2292 123000 1000 1 a
0.23 124000 1000 1 a
0.2308 125000 1000 1 a
0.2316 126000 1000 1 a
0.2524 127000 1000 1 a
0.2532 128000 1000 1 a
0.254 129000 1000 1 a
0.2548 130000 1000 1 a
0.2556 131000 1000 1 a
0.2564 132000 1000 1 a
0.2572 133000 1000 1 a
0.258 134000 1000 1 a
0.2588 135000 1000 1 a
0.2596 136000 1000 1 a
0.2604 137000 1000 1 a
0.2612 138000 1000 1 a
0.262 139000 1000 1 a
0.2628 140000 1000 1 a
0.2636 141000 1000 1 a
0.2644 142000 1000 1 a
0.2652 143000 1000 1 a
0.266 144000 1000 1 a
0.2668 145000 1000 1 a
0.2676 146000 1000 1 a
0.2684 147000 1000 1 a
0.2692 148000 1000 1 a
0.27 149000 1000 1 a
0.2708 150000 1000 1 a
0.2716 151000 1000 1 a
0.2724 152000 1000 1 a
0.2732 153000 1000 1 a
0.274 154000 1000 1 a
0.2748 155000 1000 1 a
0.2756 156000 1000 1 a
0.2764 157000 1000 1 a
0.2772 158000 1000 1 a
0.278 159000 1000 1 a
0.2788 160000 1000 1 a
0.2796 161000 1000 1 a
0.2804 162000 1000 1 a
0.2812 163000 1000 1 a
0.282 164000 1000 1 a
0.2828 165000 1000 1 a
0.2836 166000 1000 1 a
0.2844 167000 1000 1 a
0.2852 168000 1000 1 a
0.286 169000 1000 1 a
0.2868 170000 1000 1 a
0.2876 171000 1000 1 a
0.2884 172000 1000 1 a
0.2892 173000 1000 1 a
0.29 174000 1000 1 a
0.2908 175000 1000 1 a
0.2916 176000 1000 1 a
0.2924 177000 1000 1 a
0.2932 178000 1000 1 a
0.294 179000 1000 1 a
0.2948 180000 1000 1 a
0.2956 181000 1000 1 a
0.2964 182000 1000 1 a
0.2972 183000 1000 1 a
0.298 184000 1000 1 a
0.2988 185000 1000 1 a
0.2996 186000 1000 1 a
0.3004 187000 1000 1 a
0.3012 188000 1000 1 a
0.302 189000 1000 1 a
0.3028 190000 1000 1 a
0.3036 191000 1000 1 a
0.3044 192000 1000 1 a
0.3052 193000 1000 1 a
0.306 194000 1000 1 a
0.3068 195000 1000 1 a
0.3076 196000 1000 1 a
0.3084 197000 1000 1 a
0.3092 198000 1000 1 a
0.31 199000 1000 1 a
0.3108 200000 1000 1 a
0.3116 201000 1000 1 a
0.3124 202000 1000 1 a
0.3132 203000 1000 1 a
0.314 204000 1000 1 a
0.3148 205000 1000 1 a
0.3156 206000 1000 1 a
0.3164 207000 1000 1 a
0.3172 208000 1000 1 a
0.318 209000 1000 1 a
0.3188 210000 1000 1 a
0.3196 211000 1000 1 a
0.3204 212000 1000 1 a
0.3212 213000 1000 1 a
0.322 214000 1000 1 a
0.3228 215000 1000 1 a
0.3236 216000 1000 1 a
0.3244 217000 1000 1 a
0.3252 218000 1000 1 a
0.326 219000 1000 1 a
0.3268 220000 1000 1 a
0.3276 221000 1000 1 a
0.3284 222000 1000 1 a
0.3292 223000 1000 1 a
0.33 224000 1000 1 a
0.3308 225000 1000 1 a
0.331032 226000 1000 1 a
0.351832 226290 290 1 a
0.352632 227290 1000 1 a
0.353432 228290 1000 1 a
0.354232 229290 1000 1 a
0.355032 230290 1000 1 a
0.355832 231290 1000 1 a
0.356632 232290 1000 1 a
0.357432 233290 1000 1 a
0.358232 234290 1000 1 a
0.359032 235290 1000 1 a
0.359832 236290 1000 1 a
0.360632 237290 1000 1 a
0.361432 238290 1000 1 a
0.362232 239290 1000 1 a
0.363032 240290 1000 1 a
0.363832 241290 1000 1 a
0.364632 242290 1000 1 a
0.365432 243290 1000 1 a
0.366232 244290 1000 1 a
0.367032 245290 1000 1 a
0.367832 246290 1000 1 a
0.368632 247290 1000 1 a
0.369432 248290 1000 1 a
0.370232 249290 1000 1 a
0.371032 250290 1000 1 a
0.371832 251290 1000 1 a
0.372632 252290 1000 1 a
0.373432 253290 1000 1 a
0.374232 254290 1000 1 a
0.375032 255290 1000 1 a
0.375832 256290 1000 1 a
0.376632 257290 1000 1 a
0.377432 258290 1000 1 a
0.378232 259290 1000 1 a
0.379032 260290 1000 1 a
0.379832 261290 1000 1 a
0.380632 262290 1000 1 a
0.381432 263290 1000 1 a
0.382232 264290 1000 1 a
0.383032 265290 1000 1 a
0.383832 266290 1000 1 a
0.384632 267290 1000 1 a
0.385432 268290 1000 1 a
0.386232 269290 1000 1 a
0.387032 270290 1000 1 a
0.387832 271290 1000 1 a
0.388632 272290 1000 1 a
0.389432 273290 1000 1 a
0.390232 274290 1000 1 a
0.391032 275290 1000 1 a
0.391832 276290 1000 1 a
0.392632 277290 1000 1 a
0.393432 278290 1000 1 a
0.394232 279290 1000 1 a
0.395032 280290 1000 1 a
0.395832 281290 1000 1 a
0.396632 282290 1000 1 a
0.397432 283290 1000 1 a
0.398232 284290 1000 1 a
0.399032 285290 1000 1 a
0.399832 286290 1000 1 a
0.400632 287290 1000 1 a
0.401432 288290 1000 1 a
0.402232 289290 1000 1 a
0.403032 290290 1000 1 a
0.403832 291290 1000 1 a
0.404632 292290 1000 1 a
0.405432 293290 1000 1 a
0.406232 294290 1000 1 a
0.407032 295290 1000 1 a
0.407832 296290 1000 1 a
0.408632 297290 1000 1 a
0.409432 298290 1000 1 a
0.410232 299290 1000 1 a
0.411032 300290 1000 1 a
0.411832 301290 1000 1 a
0.412632 302290 1000 1 a
0.413432 303290 1000 1 a
0.414232 304290 1000 1 a
0.415032 305290 1000 1 a
0.415832 306290 1000 1 a
0.416632 307290 1000 1 a
0.417432 308290 1000 1 a
0.418232 309290 1000 1 a
0.419032 310290 1000 1 a
0.419832 311290 1000 1 a
0.420632 312290 1000 1 a
0.421432 313290 1000 1 a
0.422232 314290 1000 1 a
0.423032 315290 1000 1 a
0.423832 316290 1000 1 a
0.424632 317290 1000 1 a
0.425432 318290 1000 1 a
0.426232 319290 1000 1 a
0.427032 320290 1000 1 a
0.427832 321290 1000 1 a
0.428632 322290 1000 1 a
0.429432 323290 1000 1 a
0.430232 324290 1000 1 a
0.431032 325290 1000 1 a
0.431236 326290 1000 1 a
0.452036 326545 255 1 a
0.452836 327545 1000 1 a
0.453636 328545 1000 1 a
0.454436 329545 1000 1 a
0.455236 330545 1000 1 a
0.456036 331545 1000 1 a
0.456836 332545 1000 1 a
0.457636 333545 1000 1 a
0.458436 334545 1000 1 a
0.459236 335545 1000 1 a
0.460036 336545 1000 1 a
0.460836 337545 1000 1 a
0.461636 338545 1000 1 a
0.462436 339545 1000 1 a
0.463236 340545 1000 1 a
0.464036 341545 1000 1 a
0.464836 342545 1000 1 a
0.465636 343545 1000 1 a
0.466436 344545 1000 1 a
0.467236 345545 1000 1 a
0.468036 346545 1000 1 a
0.468836 347545 1000 1 a
0.469636 348545 1000 1 a
0.470436 349545 1000 1 a
0.471236 350545 1000 1 a
0.472036 351545 1000 1 a
0.472836 352545 1000 1 a
0.473636 353545 1000 1 a
0.474436 354545 1000 1 a
0.475236 355545 1000 1 a
0.476036 356545 1000 1 a
0.476836 357545 1000 1 a
0.477636 358545 1000 1 a
0.478436 359545 1000 1 a
0.479236 360545 1000 1 a
0.480036 361545 1000 1 a
0.480836 362545 1000 1 a
0.481636 363545 1000 1 a
0.482436 364545 1000 1 a
0.483236 365545 1000 1 a
0.484036 366545 1000 1 a
0.484836 367545 1000 1 a
0.485636 368545 1000 1 a
0.486436 369545 1000 1 a
0.487236 370545 1000 1 a
0.488036 371545 1000 1 a
0.488836 372545 1000 1 a
0.489636 373545 1000 1 a
0.490436 374545 1000 1 a
0.491236 375545 1000 1 a
0.492036 376545 1000 1 a
0.492836 377545 1000 1 a
0.493636 378545 1000 1 a
0.494436 379545 1000 1 a
0.495236 380545 1000 1 a
0.496036 381545 1000 1 a
0.496836 382545 1000 1 a
0.497636 383545 1000 1 a
0.498436 384545 1000 1 a
0.499236 385545 1000 1 a
0.500036 386545 1000 1 a
0.500836 387545 1000 1 a
0.501636 388545 1000 1 a
0.502436 389545 1000 1 a
0.503236 390545 1000 1 a
0.504036 391545 1000 1 a
0.504836 392545 1000 1 a
0.505636 393545 1000 1 a
0.506436 394545 1000 1 a
0.507236 395545 1000 1 a
0.508036 396545 1000 1 a
0.508836 397545 1000 1 a
0.509636 398545 1000 1 a
0.510436 399545 1000 1 a
0.511236 400545 1000 1 a
0.512036 401545 1000 1 a
0.512836 402545 1000 1 a
0.513636 403545 1000 1 a
0.514436 404545 1000 1 a
0.515236 405545 1000 1 a
0.516036 406545 1000 1 a
0.516836 407545 1000 1 a
0.517636 408545 1000 1 a
0.518436 409545 1000 1 a
0.519236 410545 1000 1 a
0.520036 411545 1000 1 a
0.520836 412545 1000 1 a
0.521636 413545 1000 1 a
0.522436 414545 1000 1 a
0.523236 415545 1000 1 a
0.524036 416545 1000 1 a
0.524836 417545 1000 1 a
0.525636 418545 1000 1 a
0.526436 419545 1000 1 a
0.527236 420545 1000 1 a
0.528036 421545 1000 1 a
0.528836 422545 1000 1 a
0.529636 423545 1000 1 a
0.530436 424545 1000 1 a
0.531236 425545 1000 1 a
0.532036 426545 1000 1 a
0.5321616 427545 1000 1 a
0.5529616 427702 157 1 a
0.5537616 428702 1000 1 a
0.5545616 429702 1000 1 a
0.5553616 430702 1000 1 a
0.5561616 431702 1000 1 a
0.5569616 432702 1000 1 a
0.5577616 433702 1000 1 a
0.5585616 434702 1000 1 a
0.5593616 435702 1000 1 a
0.5601616 436702 1000 1 a
0.5609616 437702 1000 1 a
0.5617616 438702 1000 1 a
0.5625616 439702 1000 1 a
0.5633616 440702 1000 1 a
0.5641616 441702 1000 1 a
0.5649616 442702 1000 1 a
0.5657616 443702 1000 1 a
0.5665616 444702 1000 1 a
0.5673616 445702 1000 1 a
0.5681616 446702 1000 1 a
0.5689616 447702 1000 1 a
0.5697616 448702 1000 1 a
0.5705616 449702 1000 1 a
0.5713616 450702 1000 1 a
0.5721616 451702 1000 1 a
0.5729616 452702 1000 1 a
0.5737616 453702 1000 1 a
0.5745616 454702 1000 1 a
0.5753616 455702 1000 1 a
0.5761616 456702 1000 1 a
0.5769616 457702 1000 1 a
0.5777616 458702 1000 1 a
0.5785616 459702 1000 1 a
0.5793616 460702 1000 1 a
0.5801616 461702 1000 1 a
0.5809616 462702 1000 1 a
0.5817616 463702 1000 1 a
0.5825616 464702 1000 1 a
0.5833616 465702 1000 1 a
0.5841616 466702 1000 1 a
0.5849616 467702 1000 1 a
0.5857616 468702 1000 1 a
0.5865616 469702 1000 1 a
0.5873616 470702 1000 1 a
0.5881616 471702 1000 1 a
0.5889616 472702 1000 1 a
0.5897616 473702 1000 1 a
0.5905616 474702 1000 1 a
0.5913616 475702 1000 1 a
0.5921616 476702 1000 1 a
0.5929616 477702 1000 1 a
0.5937616 478702 1000 1 a
0.5945616 479702 1000 1 a
0.5953616 480702 1000 1 a
0.5961616 481702 1000 1 a
0.5969616 482702 1000 1 a
0.5977616 483702 1000 1 a
0.5985616 484702 1000 1 a
0.5993616 485702 1000 1 a
0.6001616 486702 1000 1 a
0.6009616 487702 1000 1 a
0.6017616 488702 1000 1 a
0.6025616 489702 1000 1 a
0.6033616 490702 1000 1 a
0.6041616 491702 1000 1 a
0.6049616 492702 1000 1 a
0.6057616 493702 1000 1 a
0.6065616 494702 1000 1 a
0.6073616 495702 1000 1 a
0.6081616 496702 1000 1 a
0.6089616 497702 1000 1 a
0.6097616 498702 1000 1 a
0.6105616 499702 1000 1 a
0.6113616 500702 1000 1 a
0.6121616 501702 1000 1 a
0.6129616 502702 1000 1 a
0.6137616 503702 1000 1 a
0.6145616 504702 1000 1 a
0.6153616 505702 1000 1 a
0.6161616 506702 1000 1 a
0.6169616 507702 1000 1 a
0.6177616 508702 1000 1 a
0.6185616 509702 1000 1 a
0.6193616 510702 1000 1 a
0.6201616 511702 1000 1 a
0.6209616 512702 1000 1 a
0.6217616 513702 1000 1 a
0.6225616 514702 1000 1 a
0.6233616 515702 1000 1 a
0.6241616 516702 1000 1 a
0.6249616 517702 1000 1 a
0.6257616 518702 1000 1 a
0.6265616 519702 1000 1 a
0.6273616 520702 1000 1 a
0.6281616 521702 1000 1 a
0.6289616 522702 1000 1 a
0.6297616 523702 1000 1 a
0.6305616 524702 1000 1 a
0.6313616 525702 1000 1 a
0.6321616 526702 1000 1 a
0.6329616 527702 1000 1 a
0.6337616 528702 1000 1 a
0.6338152 529702 1000 1 a
0.6546152 529769 67 1 a
0.6554152 530769 1000 1 a
0.6562152 531769 1000 1 a
0.6570152 532769 1000 1 a
0.6578152 533769 1000 1 a
0.6586152 534769 1000 1 a
0.6594152 535769 1000 1 a
0.6602152 536769 1000 1 a
0.6610152 537769 1000 1 a
0.6618152 538769 1000 1 a
0.6626152 539769 1000 1 a
0.6634152 540769 1000 1 a
0.6642152 541769 1000 1 a
0.6650152 542769 1000 1 a
0.6658152 543769 1000 1 a
0.6666152 544769 1000 1 a
0.6674152 545769 1000 1 a
0.6682152 546769 1000 1 a
0.6690152 547769 1000 1 a
0.6698152 548769 1000 1 a
0.6706152 549769 1000 1 a
0.6714152 550769 1000 1 a
0.6722152 551769 1000 1 a
0.6730152 552769 1000 1 a
0.6738152 553769 1000 1 a
0.6746152 554769 1000 1 a
0.6754152 555769 1000 1 a
0.6762152 556769 1000 1 a
0.6770152 557769 1000 1 a
0.6778152 558769 1000 1 a
0.6786152 559769 1000 1 a
0.6794152 560769 1000 1 a
0.6802152 561769 1000 1 a
0.6810152 562769 1000 1 a
0.6818152 563769 1000 1 a
0.6826152 564769 1000 1 a
0.6834152 565769 1000 1 a
0.6842152 566769 1000 1 a
0.6850152 567769 1000 1 a
0.6858152 568769 1000 1 a
0.6866152 569769 1000 1 a
0.6874152 570769 1000 1 a
0.6882152 571769 1000 1 a
0.6890152 572769 1000 1 a
0.6898152 573769 1000 1 a
0.6906152 574769 1000 1 a
0.6914152 575769 1000 1 a
0.6922152 576769 1000 1 a
0.6930152 577769 1000 1 a
0.6938152 578769 1000 1 a
0.6946152 579769 1000 1 a
0.6954152 580769 1000 1 a
0.6962152 581769 1000 1 a
0.6970152 582769 1000 1 a
0.6978152 583769 1000 1 a
0.6986152 584769 1000 1 a
0.6994152 585769 1000 1 a
0.7002152 586769 1000 1 a
0.7010152 587769 1000 1 a
0.7018152 588769 1000 1 a
0.7026152 589769 1000 1 a
0.7034152 590769 1000 1 a
0.7042152 591769 1000 1 a
0.7050152 592769 1000 1 a
0.7058152 593769 1000 1 a
0.7066152 594769 1000 1 a
0.7074152 595769 1000 1 a
0.7082152 596769 1000 1 a
0.7090152 597769 1000 1 a
0.7098152 598769 1000 1 a
0.7106152 599769 1000 1 a
0.7114152 600769 1000 1 a
0.7122152 601769 1000 1 a
0.7130152 602769 1000 1 a
0.7138152 603769 1000 1 a
0.7146152 604769 1000 1 a
0.7154152 605769 1000 1 a
0.7162152 606769 1000 1 a
0.7170152 607769 1000 1 a
0.7178152 608769 1000 1 a
0.7186152 609769 1000 1 a
0.7194152 610769 1000 1 a
0.7202152 611769 1000 1 a
0.7210152 612769 1000 1 a
0.7218152 613769 1000 1 a
0.7226152 614769 1000 1 a
0.7234152 615769 1000 1 a
0.7242152 616769 1000 1 a
0.7250152 617769 1000 1 a
0.7258152 618769 1000 1 a
0.7266152 619769 1000 1 a
0.7274152 620769 1000 1 a
0.7282152 621769 1000 1 a
0.7290152 622769 1000 1 a
0.7298152 623769 1000 1 a
0.7306152 624769 1000 1 a
0.7314152 625769 1000 1 a
0.7322152 626769 1000 1 a
0.7330152 627769 1000 1 a
0.7338152 628769 1000 1 a
0.7346152 629769 1000 1 a
0.7354152 630769 1000 1 a
0.7362032 631769 1000 1 a
0.7570032 632754 985 1 a
0.7578032 633754 1000 1 a
0.7586032 634754 1000 1 a
0.7594032 635754 1000 1 a
0.7602032 636754 1000 1 a
0.7610032 637754 1000 1 a
0.7618032 638754 1000 1 a
0.7626032 639754 1000 1 a
0.7634032 640754 1000 1 a
0.7642032 641754 1000 1 a
0.7650032 642754 1000 1 a
0.7658032 643754 1000 1 a
0.7666032 644754 1000 1 a
0.7674032 645754 1000 1 a
0.7682032 646754 1000 1 a
0.7690032 647754 1000 1 a
0.7698032 648754 1000 1 a
0.7706032 649754 1000 1 a
0.7714032 650754 1000 1 a
0.7722032 651754 1000 1 a
0.7730032 652754 1000 1 a
0.7738032 653754 1000 1 a
0.7746032 654754 1000 1 a
0.7754032 655754 1000 1 a
0.7762032 656754 1000 1 a
0.7770032 657754 1000 1 a
0.7778032 658754 1000 1 a
0.7786032 659754 1000 1 a
0.7794032 660754 1000 1 a
0.7802032 661754 1000 1 a
0.7810032 662754 1000 1 a
0.7818032 663754 1000 1 a
0.7826032 664754 1000 1 a
0.7834032 665754 1000 1 a
0.7842032 666754 1000 1 a
0.7850032 667754 1000 1 a
0.7858032 668754 1000 1 a
0.7866032 669754 1000 1 a
0.7874032 670754 1000 1 a
0.7882032 671754 1000 1 a
0.7890032 672754 1000 1 a
0.7898032 673754 1000 1 a
0.7906032 674754 1000 1 a
0.7914032 675754 1000 1 a
0.7922032 676754 1000 1 a
0.7930032 677754 1000 1 a
0.7938032 678754 1000 1 a
0.7946032 679754 1000 1 a
0.7954032 680754 1000 1 a
0.7962032 681754 1000 1 a
0.7970032 682754 1000 1 a
0.7978032 683754 1000 1 a
0.7986032 684754 1000 1 a
0.7994032 685754 1000 1 a
0.8002032 686754 1000 1 a
0.8010032 687754 1000 1 a
0.8018032 688754 1000 1 a
0.8026032 689754 1000 1 a
0.8034032 690754 1000 1 a
0.8042032 691754 1000 1 a
0.8050032 692754 1000 1 a
0.8058032 693754 1000 1 a
0.8066032 694754 1000 1 a
0.8074032 695754 1000 1 a
0.8082032 696754 1000 1 a
0.8090032 697754 1000 1 a
0.8098032 698754 1000 1 a
0.8106032 699754 1000 1 a
0.8114032 700754 1000 1 a
0.8122032 701754 1000 1 a
0.8130032 702754 1000 1 a
0.8138032 703754 1000 1 a
0.8146032 704754 1000 1 a
0.8154032 705754 1000 1 a
0.8162032 706754 1000 1 a
0.8170032 707754 1000 1 a
0.8178032 708754 1000 1 a
0.8186032 709754 1000 1 a
0.8194032 710754 1000 1 a
0.8202032 711754 1000 1 a
0.8210032 712754 1000 1 a
0.8218032 713754 1000 1 a
0.8226032 714754 1000 1 a
0.8234032 715754 1000 1 a
0.8242032 716754 1000 1 a
0.8250032 717754 1000 1 a
0.8258032 718754 1000 1 a
0.8266032 719754 1000 1 a
0.8274032 720754 1000 1 a
0.8282032 721754 1000 1 a
0.8290032 722754 1000 1 a
0.8298032 723754 1000 1 a
0.8306032 724754 1000 1 a
0.8314032 725754 1000 1 a
0.8322032 726754 1000 1 a
0.8330032 727754 1000 1 a
0.8338032 728754 1000 1 a
0.8346032 729754 1000 1 a
0.8354032 730754 1000 1 a
0.8362032 731754 1000 1 a
0.8370032 732754 1000 1 a
0.8378032 733754 1000 1 a
0.8386032 734754 1000 1 a
0.8393328 735754 1000 1 a
0.8601328 736666 912 1 a
0.8609328 737666 1000 1 a
0.8617328 738666 1000 1 a
0.8625328 739666 1000 1 a
0.8633328 740666 1000 1 a
0.8641328 741666 1000 1 a
0.8649328 742666 1000 1 a
0.8657328 743666 1000 1 a
0.8665328 744666 1000 1 a
0.8673328 745666 1000 1 a
0.8681328 746666 1000 1 a
0.8689328 747666 1000 1 a
0.8697328 748666 1000 1 a
0.8705328 749666 1000 1 a
0.8713328 750666 1000 1 a
0.8721328 751666 1000 1 a
0.8729328 752666 1000 1 a
0.8737328 753666 1000 1 a
0.8745328 754666 1000 1 a
0.8753328 755666 1000 1 a
0.8761328 756666 1000 1 a
0.8769328 757666 1000 1 a
0.8777328 758666 1000 1 a
0.8785328 759666 1000 1 a
0.8793328 760666 1000 1 a
0.8801328 761666 1000 1 a
0.8809328 762666 1000 1 a
0.8817328 763666 1000 1 a
0.8825328 764666 1000 1 a
0.8833328 765666 1000 1 a
0.8841328 766666 1000 1 a
0.8849328 767666 1000 1 a
0.8857328 768666 1000 1 a
0.8865328 769666 1000 1 a
0.8873328 770666 1000 1 a
0.8881328 771666 1000 1 a
0.8889328 772666 1000 1 a
0.8897328 773666 1000 1 a
0.8905328 774666 1000 1 a
0.8913328 775666 1000 1 a
0.8921328 776666 1000 1 a
0.8929328 777666 1000 1 a
0.8937328 778666 1000 1 a
0.8945328 779666 1000 1 a
0.8953328 780666 1000 1 a
0.8961328 781666 1000 1 a
0.8969328 782666 1000 1 a
0.8977328 783666 1000 1 a
0.8985328 784666 1000 1 a
0.8993328 785666 1000 1 a
0.9001328 786666 1000 1 a
0.9009328 787666 1000 1 a
0.9017328 788666 1000 1 a
0.9025328 789666 1000 1 a
0.9033328 790666 1000 1 a
0.9041328 791666 1000 1 a
0.9049328 792666 1000 1 a
0.9057328 793666 1000 1 a
0.9065328 794666 1000 1 a
0.9073328 795666 1000 1 a
0.9081328 796666 1000 1 a
0.9089328 797666 1000 1 a
0.9097328 798666 1000 1 a
0.9105328 799666 1000 1 a
0.9113328 800666 1000 1 a
0.9121328 801666 1000 1 a
0.9129328 802666 1000 1 a
0.9137328 803666 1000 1 a
0.9145328 804666 1000 1 a
0.9153328 805666 1000 1 a
0.9161328 806666 1000 1 a
0.9169328 807666 1000 1 a
0.9177328 808666 1000 1 a
0.9185328 809666 1000 1 a
0.9193328 810666 1000 1 a
0.9201328 811666 1000 1 a
0.9209328 812666 1000 1 a
0.9217328 813666 1000 1 a
0.9225328 814666 1000 1 a
0.9233328 815666 1000 1 a
0.9241328 816666 1000 1 a
0.9249328 817666 1000 1 a
0.9257328 818666 1000 1 a
0.9265328 819666 1000 1 a
0.9273328 820666 1000 1 a
0.9281328 821666 1000 1 a
0.9289328 822666 1000 1 a
0.9297328 823666 1000 1 a
0.9305328 824666 1000 1 a
0.9313328 825666 1000 1 a
0.9321328 826666 1000 1 a
0.9329328 827666 1000 1 a
0.9337328 828666 1000 1 a
0.9345328 829666 1000 1 a
0.9353328 830666 1000 1 a
0.9361328 831666 1000 1 a
0.9369328 832666 1000 1 a
0.9377328 833666 1000 1 a
0.9385328 834666 1000 1 a
0.9393328 835666 1000 1 a
0.9401328 836666 1000 1 a
0.9409328 837666 1000 1 a
0.9417328 838666 1000 1 a
0.9425328 839666 1000 1 a
0.9432104 840666 1000 1 a
0.9640104 841513 847 1 a
0.9648104 842513 1000 1 a
0.9656104 843513 1000 1 a
0.9664104 844513 1000 1 a
0.9672104 845513 1000 1 a
0.9680104 846513 1000 1 a
0.9688104 847513 1000 1 a
0.9696104 848513 1000 1 a
0.9704104 849513 1000 1 a
0.9712104 850513 1000 1 a
0.9720104 851513 1000 1 a
0.9728104 852513 1000 1 a
0.9736104 853513 1000 1 a
0.9744104 854513 1000 1 a
0.9752104 855513 1000 1 a
0.9760104 856513 1000 1 a
0.9768104 857513 1000 1 a
0.9776104 858513 1000 1 a
0.9784104 859513 1000 1 a
0.9792104 860513 1000 1 a
0.9800104 861513 1000 1 a
0.9808104 862513 1000 1 a
0.9816104 863513 1000 1 a
0.9824104 864513 1000 1 a
0.9832104 865513 1000 1 a
0.9840104 866513 1000 1 a
0.9848104 867513 1000 1 a
0.9856104 868513 1000 1 a
0.9864104 869513 1000 1 a
0.9872104 870513 1000 1 a
0.9880104 871513 1000 1 a
0.9888104 872513 1000 1 a
0.9896104 873513 1000 1 a
0.9904104 874513 1000 1 a
0.9912104 875513 1000 1 a
0.9920104 876513 1000 1 a
0.9928104 877513 1000 1 a
0.9936104 878513 1000 1 a
0.9944104 879513 1000 1 a
0.9952104 880513 1000 1 a
0.9960104 881513 1000 1 a
0.9968104 882513 1000 1 a
0.9976104 883513 1000 1 a
0.9984104 884513 1000 1 a
0.9992104 885513 1000 1 a
1.0000104 886513 1000 1 a
1.0008104 887513 1000 1 a
1.0016104 888513 1000 1 a
1.0024104 889513 1000 1 a
1.0032104 890513 1000 1 a
1.0040104 891513 1000 1 a
1.0048104 892513 1000 1 a
1.0056104 893513 1000 1 a
1.0064104 894513 1000 1 a
1.0072104 895513 1000 1 a
1.0080104 896513 1000 1 a
1.0088104 897513 1000 1 a
1.0096104 898513 1000 1 a
1.0104104 899513 1000 1 a
1.0112104 900513 1000 1 a
1.0120104 901513 1000 1 a
1.0128104 902513 1000 1 a
1.0136104 903513 1000 1 a
1.0144104 904513 1000 1 a
1.0152104 905513 1000 1 a
1.0160104 906513 1000 1 a
1.0168104 907513 1000 1 a
1.0176104 908513 1000 1 a
1.0184104 909513 1000 1 a
1.0192104 910513 1000 1 a
1.0200104 911513 1000 1 a
1.0208104 912513 1000 1 a
1.0216104 913513 1000 1 a
1.0224104 914513 1000 1 a
1.0232104 915513 1000 1 a
1.0240104 916513 1000 1 a
1.0248104 917513 1000 1 a
1.0256104 918513 1000 1 a
1.0264104 919513 1000 1 a
1.0272104 920513 1000 1 a
1.0280104 921513 1000 1 a
1.0288104 922513 1000 1 a
1.0296104 923513 1000 1 a
1.0304104 924513 1000 1 a
1.0312104 925513 1000 1 a
1.0320104 926513 1000 1 a
1.0328104 927513 1000 1 a
1.0336104 928513 1000 1 a
1.0344104 929513 1000 1 a
1.0352104 930513 1000 1 a
1.0360104 931513 1000 1 a
1.0368104 932513 1000 1 a
1.0376104 933513 1000 1 a
1.0384104 934513 1000 1 a
1.0392104 935513 1000 1 a
1.0400104 936513 1000 1 a
1.0408104 937513 1000 1 a
1.0416104 938513 1000 1 a
1.0424104 939513 1000 1 a
1.0432104 940513 1000 1 a
1.0440104 941513 1000 1 a
1.0448104 942513 1000 1 a
1.0456104 943513 1000 1 a
1.0464104 944513 1000 1 a
1.0472104 945513 1000 1 a
1.0478432 946513 1000 1 a
1.0686432 947304 791 1 a
1.0694432 948304 1000 1 a
1.0702432 949304 1000 1 a
1.0710432 950304 1000 1 a
1.0718432 951304 1000 1 a
1.0726432 952304 1000 1 a
1.0734432 953304 1000 1 a
1.0742432 954304 1000 1 a
1.0750432 955304 1000 1 a
1.0758432 956304 1000 1 a
1.0766432 957304 1000 1 a
1.0774432 958304 1000 1 a
1.0782432 959304 1000 1 a
1.0790432 960304 1000 1 a
1.0798432 961304 1000 1 a
1.0806432 962304 1000 1 a
1.0814432 963304 1000 1 a
1.0822432 964304 1000 1 a
1.0830432 965304 1000 1 a
1.0838432 966304 1000 1 a
1.0846432 967304 1000 1 a
1.0854432 968304 1000 1 a
1.0862432 969304 1000 1 a
1.0870432 970304 1000 1 a
1.0878432 971304 1000 1 a
1.0886432 972304 1000 1 a
1.0894432 973304 1000 1 a
1.0902432 974304 1000 1 a
1.0910432 975304 1000 1 a
1.0918432 976304 1000 1 a
1.0926432 977304 1000 1 a
1.0934432 978304 1000 1 a
1.0942432 979304 1000 1 a
1.0950432 980304 1000 1 a
1.0958432 981304 1000 1 a
1.0966432 982304 1000 1 a
1.0974432 983304 1000 1 a
1.0982432 984304 1000 1 a
1.0990432 985304 1000 1 a
1.0998432 986304 1000 1 a
1.1006432 987304 1000 1 a
1.1014432 988304 1000 1 a
1.1022432 989304 1000 1 a
1.1030432 990304 1000 1 a
1.1038432 991304 1000 1 a
1.1046432 992304 1000 1 a
1.1054432 993304 1000 1 a
1.1062432 994304 1000 1 a
1.1070432 995304 1000 1 a
1.1078432 996304 1000 1 a
1.1086432 997304 1000 1 a
1.1094432 998304 1000 1 a
1.11 999304 1000 1 a
