# Time (seconds) Size (packets)0 0
0 0
0.0208 0
0.0208 0
0.0208 1
0.0216 0
0.0424 0
0.0424 0
0.0424 1
0.0424 2
0.0424 3
0.0432 2
0.044 1
0.0448 0
0.0656 0
0.0656 0
0.0656 1
0.0656 2
0.0656 3
0.0656 4
0.0656 5
0.0656 6
0.0656 7
0.0664 6
0.0672 5
0.068 4
0.0688 3
0.0696 2
0.0704 1
0.0712 0
0.092 0
0.092 0
0.092 1
0.092 2
0.092 3
0.092 4
0.092 5
0.092 6
0.092 7
0.092 8
0.092 9
0.092 10
0.092 11
0.092 12
0.092 13
0.092 14
0.092 15
0.0928 14
0.0936 13
0.0944 12
0.0952 11
0.096 10
0.0968 9
0.0976 8
0.0984 7
0.0992 6
0.1 5
0.1008 4
0.1016 3
0.1024 2
0.1032 1
0.104 0
0.1248 0
0.1248 0
0.1248 1
0.1248 2
0.1248 3
0.1248 4
0.1248 5
0.1248 6
0.1248 7
0.1248 8
0.1248 9
0.1248 10
0.1248 11
0.1248 12
0.1248 13
0.1248 14
0.1248 15
0.1248 16
0.1248 17
0.1248 18
0.1248 19
0.1248 20
0.1248 21
0.1248 22
0.1248 23
0.1248 24
0.1248 25
0.1248 26
0.1248 27
0.1248 28
0.1248 29
0.1248 30
0.1248 31
0.1256 30
0.1264 29
0.1272 28
0.128 27
0.1288 26
0.1296 25
0.1304 24
0.1312 23
0.132 22
0.1328 21
0.1336 20
0.1344 19
0.1352 18
0.136 17
0.1368 16
0.1376 15
0.1384 14
0.1392 13
0.14 12
0.1408 11
0.1416 10
0.1424 9
0.1432 8
0.144 7
0.1448 6
0.1456 5
0.1464 4
0.1472 3
0.148 2
0.1488 1
0.1496 0
0.1704 0
0.1704 0
0.1704 1
0.1704 2
0.1704 3
0.1704 4
0.1704 5
0.1704 6
0.1704 7
0.1704 8
0.1704 9
0.1704 10
0.1704 11
0.1704 12
0.1704 13
0.1704 14
0.1704 15
0.1704 16
0.1704 17
0.1704 18
0.1704 19
0.1704 20
0.1704 21
0.1704 22
0.1704 23
0.1704 24
0.1704 25
0.1704 26
0.1704 27
0.1704 28
0.1704 29
0.1704 30
0.1704 31
0.1704 32
0.1704 33
0.1704 34
0.1704 35
0.1704 36
0.1704 37
0.1704 38
0.1704 39
0.1704 40
0.1704 41
0.1704 42
0.1704 43
0.1704 44
0.1704 45
0.1704 46
0.1704 47
0.1704 48
0.1704 49
0.1704 50
0.1704 51
0.1704 52
0.1704 53
0.1704 54
0.1704 55
0.1704 56
0.1704 57
0.1704 58
0.1704 59
0.1704 60
0.1704 61
0.1704 62
0.1704 63
0.1712 62
0.172 61
0.1728 60
0.1736 59
0.1744 58
0.1752 57
0.176 56
0.1768 55
0.1776 54
0.1784 53
0.1792 52
0.18 51
0.1808 50
0.1816 49
0.1824 48
0.1832 47
0.184 46
0.1848 45
0.1856 44
0.1864 43
0.1872 42
0.188 41
0.1888 40
0.1896 39
0.1904 38
0.1912 37
0.192 36
0.1928 35
0.1936 34
0.1944 33
0.1952 32
0.196 31
0.1968 30
0.1976 29
0.1984 28
0.1992 27
0.2 26
0.2008 25
0.2016 24
0.2024 23
0.2032 22
0.204 21
0.2048 20
0.2056 19
0.2064 18
0.2072 17
0.208 16
0.2088 15
0.2096 14
0.2104 13
0.2112 12
0.212 11
0.2128 10
0.2136 9
0.2144 8
0.2152 7
0.216 6
0.2168 5
0.2176 4
0.2184 3
0.2192 2
0.22 1
0.2208 0
0.2416 0
0.2416 0
0.2416 1
0.2416 2
0.2416 3
0.2416 4
0.2416 5
0.2416 6
0.2416 7
0.2416 8
0.2416 9
0.2416 10
0.2416 11
0.2416 12
0.2416 13
0.2416 14
0.2416 15
0.2416 16
0.2416 17
0.2416 18
0.2416 19
0.2416 20
0.2416 21
0.2416 22
0.2416 23
0.2416 24
0.2416 25
0.2416 26
0.2416 27
0.2416 28
0.2416 29
0.2416 30
0.2416 31
0.2416 32
0.2416 33
0.2416 34
0.2416 35
0.2416 36
0.2416 37
0.2416 38
0.2416 39
0.2416 40
0.2416 41
0.2416 42
0.2416 43
0.2416 44
0.2416 45
0.2416 46
0.2416 47
0.2416 48
0.2416 49
0.2416 50
0.2416 51
0.2416 52
0.2416 53
0.2416 54
0.2416 55
0.2416 56
0.2416 57
0.2416 58
0.2416 59
0.2416 60
0.2416 61
0.2416 62
0.2416 63
0.2416 64
0.2416 65
0.2416 66
0.2416 67
0.2416 68
0.2416 69
0.2416 70
0.2416 71
0.2416 72
0.2416 73
0.2416 74
0.2416 75
0.2416 76
0.2416 77
0.2416 78
0.2416 79
0.2416 80
0.2416 81
0.2416 82
0.2416 83
0.2416 84
0.2416 85
0.2416 86
0.2416 87
0.2416 88
0.2416 89
0.2416 90
0.2416 91
0.2416 92
0.2416 93
0.2416 94
0.2416 95
0.2416 96
0.2416 97
0.2416 98
0.2416 99
0.2424 98
0.2432 97
0.244 96
0.2448 95
0.2456 94
0.2464 93
0.2472 92
0.248 91
0.2488 90
0.2496 89
0.2504 88
0.2512 87
0.252 86
0.2528 85
0.2536 84
0.2544 83
0.2552 82
0.256 81
0.2568 80
0.2576 79
0.2584 78
0.2592 77
0.26 76
0.2608 75
0.2616 74
0.2624 73
0.2632 72
0.264 71
0.2648 70
0.2656 69
0.2664 68
0.2672 67
0.268 66
0.2688 65
0.2696 64
0.2704 63
0.2712 62
0.272 61
0.2728 60
0.2736 59
0.2744 58
0.2752 57
0.276 56
0.2768 55
0.2776 54
0.2784 53
0.2792 52
0.28 51
0.2808 50
0.2816 49
0.2824 48
0.2832 47
0.284 46
0.2848 45
0.2856 44
0.2864 43
0.2872 42
0.288 41
0.2888 40
0.2896 39
0.2904 38
0.2912 37
0.292 36
0.2928 35
0.2936 34
0.2944 33
0.2952 32
0.296 31
0.2968 30
0.2976 29
0.2984 28
0.2992 27
0.3 26
0.3008 25
0.3016 24
0.3024 23
0.3032 22
0.304 21
0.3048 20
0.3056 19
0.3064 18
0.3072 17
0.308 16
0.3088 15
0.3096 14
0.3104 13
0.3112 12
0.312 11
0.3128 10
0.3136 9
0.3144 8
0.3152 7
0.316 6
0.3168 5
0.3176 4
0.3184 3
0.3192 2
0.32 1
0.3208 0
0.341032 0
0.341032 0
0.341032 1
0.341032 2
0.341032 3
0.341032 4
0.341032 5
0.341032 6
0.341032 7
0.341032 8
0.341032 9
0.341032 10
0.341032 11
0.341032 12
0.341032 13
0.341032 14
0.341032 15
0.341032 16
0.341032 17
0.341032 18
0.341032 19
0.341032 20
0.341032 21
0.341032 22
0.341032 23
0.341032 24
0.341032 25
0.341032 26
0.341032 27
0.341032 28
0.341032 29
0.341032 30
0.341032 31
0.341032 32
0.341032 33
0.341032 34
0.341032 35
0.341032 36
0.341032 37
0.341032 38
0.341032 39
0.341032 40
0.341032 41
0.341032 42
0.341032 43
0.341032 44
0.341032 45
0.341032 46
0.341032 47
0.341032 48
0.341032 49
0.341032 50
0.341032 51
0.341032 52
0.341032 53
0.341032 54
0.341032 55
0.341032 56
0.341032 57
0.341032 58
0.341032 59
0.341032 60
0.341032 61
0.341032 62
0.341032 63
0.341032 64
0.341032 65
0.341032 66
0.341032 67
0.341032 68
0.341032 69
0.341032 70
0.341032 71
0.341032 72
0.341032 73
0.341032 74
0.341032 75
0.341032 76
0.341032 77
0.341032 78
0.341032 79
0.341032 80
0.341032 81
0.341032 82
0.341032 83
0.341032 84
0.341032 85
0.341032 86
0.341032 87
0.341032 88
0.341032 89
0.341032 90
0.341032 91
0.341032 92
0.341032 93
0.341032 94
0.341032 95
0.341032 96
0.341032 97
0.341032 98
0.341032 99
0.341032 100
0.341832 99
0.342632 98
0.343432 97
0.344232 96
0.345032 95
0.345832 94
0.346632 93
0.347432 92
0.348232 91
0.349032 90
0.349832 89
0.350632 88
0.351432 87
0.352232 86
0.353032 85
0.353832 84
0.354632 83
0.355432 82
0.356232 81
0.357032 80
0.357832 79
0.358632 78
0.359432 77
0.360232 76
0.361032 75
0.361832 74
0.362632 73
0.363432 72
0.364232 71
0.365032 70
0.365832 69
0.366632 68
0.367432 67
0.368232 66
0.369032 65
0.369832 64
0.370632 63
0.371432 62
0.372232 61
0.373032 60
0.373832 59
0.374632 58
0.375432 57
0.376232 56
0.377032 55
0.377832 54
0.378632 53
0.379432 52
0.380232 51
0.381032 50
0.381832 49
0.382632 48
0.383432 47
0.384232 46
0.385032 45
0.385832 44
0.386632 43
0.387432 42
0.388232 41
0.389032 40
0.389832 39
0.390632 38
0.391432 37
0.392232 36
0.393032 35
0.393832 34
0.394632 33
0.395432 32
0.396232 31
0.397032 30
0.397832 29
0.398632 28
0.399432 27
0.400232 26
0.401032 25
0.401832 24
0.402632 23
0.403432 22
0.404232 21
0.405032 20
0.405832 19
0.406632 18
0.407432 17
0.408232 16
0.409032 15
0.409832 14
0.410632 13
0.411432 12
0.412232 11
0.413032 10
0.413832 9
0.414632 8
0.415432 7
0.416232 6
0.417032 5
0.417832 4
0.418632 3
0.419432 2
0.420232 1
0.421032 0
0.441236 0
0.441236 0
0.441236 1
0.441236 2
0.441236 3
0.441236 4
0.441236 5
0.441236 6
0.441236 7
0.441236 8
0.441236 9
0.441236 10
0.441236 11
0.441236 12
0.441236 13
0.441236 14
0.441236 15
0.441236 16
0.441236 17
0.441236 18
0.441236 19
0.441236 20
0.441236 21
0.441236 22
0.441236 23
0.441236 24
0.441236 25
0.441236 26
0.441236 27
0.441236 28
0.441236 29
0.441236 30
0.441236 31
0.441236 32
0.441236 33
0.441236 34
0.441236 35
0.441236 36
0.441236 37
0.441236 38
0.441236 39
0.441236 40
0.441236 41
0.441236 42
0.441236 43
0.441236 44
0.441236 45
0.441236 46
0.441236 47
0.441236 48
0.441236 49
0.441236 50
0.441236 51
0.441236 52
0.441236 53
0.441236 54
0.441236 55
0.441236 56
0.441236 57
0.441236 58
0.441236 59
0.441236 60
0.441236 61
0.441236 62
0.441236 63
0.441236 64
0.441236 65
0.441236 66
0.441236 67
0.441236 68
0.441236 69
0.441236 70
0.441236 71
0.441236 72
0.441236 73
0.441236 74
0.441236 75
0.441236 76
0.441236 77
0.441236 78
0.441236 79
0.441236 80
0.441236 81
0.441236 82
0.441236 83
0.441236 84
0.441236 85
0.441236 86
0.441236 87
0.441236 88
0.441236 89
0.441236 90
0.441236 91
0.441236 92
0.441236 93
0.441236 94
0.441236 95
0.441236 96
0.441236 97
0.441236 98
0.441236 99
0.441236 100
0.441236 101
0.442036 100
0.442836 99
0.443636 98
0.444436 97
0.445236 96
0.446036 95
0.446836 94
0.447636 93
0.448436 92
0.449236 91
0.450036 90
0.450836 89
0.451636 88
0.452436 87
0.453236 86
0.454036 85
0.454836 84
0.455636 83
0.456436 82
0.457236 81
0.458036 80
0.458836 79
0.459636 78
0.460436 77
0.461236 76
0.462036 75
0.462836 74
0.463636 73
0.464436 72
0.465236 71
0.466036 70
0.466836 69
0.467636 68
0.468436 67
0.469236 66
0.470036 65
0.470836 64
0.471636 63
0.472436 62
0.473236 61
0.474036 60
0.474836 59
0.475636 58
0.476436 57
0.477236 56
0.478036 55
0.478836 54
0.479636 53
0.480436 52
0.481236 51
0.482036 50
0.482836 49
0.483636 48
0.484436 47
0.485236 46
0.486036 45
0.486836 44
0.487636 43
0.488436 42
0.489236 41
0.490036 40
0.490836 39
0.491636 38
0.492436 37
0.493236 36
0.494036 35
0.494836 34
0.495636 33
0.496436 32
0.497236 31
0.498036 30
0.498836 29
0.499636 28
0.500436 27
0.501236 26
0.502036 25
0.502836 24
0.503636 23
0.504436 22
0.505236 21
0.506036 20
0.506836 19
0.507636 18
0.508436 17
0.509236 16
0.510036 15
0.510836 14
0.511636 13
0.512436 12
0.513236 11
0.514036 10
0.514836 9
0.515636 8
0.516436 7
0.517236 6
0.518036 5
0.518836 4
0.519636 3
0.520436 2
0.521236 1
0.522036 0
0.5421616 0
0.5421616 0
0.5421616 1
0.5421616 2
0.5421616 3
0.5421616 4
0.5421616 5
0.5421616 6
0.5421616 7
0.5421616 8
0.5421616 9
0.5421616 10
0.5421616 11
0.5421616 12
0.5421616 13
0.5421616 14
0.5421616 15
0.5421616 16
0.5421616 17
0.5421616 18
0.5421616 19
0.5421616 20
0.5421616 21
0.5421616 22
0.5421616 23
0.5421616 24
0.5421616 25
0.5421616 26
0.5421616 27
0.5421616 28
0.5421616 29
0.5421616 30
0.5421616 31
0.5421616 32
0.5421616 33
0.5421616 34
0.5421616 35
0.5421616 36
0.5421616 37
0.5421616 38
0.5421616 39
0.5421616 40
0.5421616 41
0.5421616 42
0.5421616 43
0.5421616 44
0.5421616 45
0.5421616 46
0.5421616 47
0.5421616 48
0.5421616 49
0.5421616 50
0.5421616 51
0.5421616 52
0.5421616 53
0.5421616 54
0.5421616 55
0.5421616 56
0.5421616 57
0.5421616 58
0.5421616 59
0.5421616 60
0.5421616 61
0.5421616 62
0.5421616 63
0.5421616 64
0.5421616 65
0.5421616 66
0.5421616 67
0.5421616 68
0.5421616 69
0.5421616 70
0.5421616 71
0.5421616 72
0.5421616 73
0.5421616 74
0.5421616 75
0.5421616 76
0.5421616 77
0.5421616 78
0.5421616 79
0.5421616 80
0.5421616 81
0.5421616 82
0.5421616 83
0.5421616 84
0.5421616 85
0.5421616 86
0.5421616 87
0.5421616 88
0.5421616 89
0.5421616 90
0.5421616 91
0.5421616 92
0.5421616 93
0.5421616 94
0.5421616 95
0.5421616 96
0.5421616 97
0.5421616 98
0.5421616 99
0.5421616 100
0.5421616 101
0.5421616 102
0.5429616 101
0.5437616 100
0.5445616 99
0.5453616 98
0.5461616 97
0.5469616 96
0.5477616 95
0.5485616 94
0.5493616 93
0.5501616 92
0.5509616 91
0.5517616 90
0.5525616 89
0.5533616 88
0.5541616 87
0.5549616 86
0.5557616 85
0.5565616 84
0.5573616 83
0.5581616 82
0.5589616 81
0.5597616 80
0.5605616 79
0.5613616 78
0.5621616 77
0.5629616 76
0.5637616 75
0.5645616 74
0.5653616 73
0.5661616 72
0.5669616 71
0.5677616 70
0.5685616 69
0.5693616 68
0.5701616 67
0.5709616 66
0.5717616 65
0.5725616 64
0.5733616 63
0.5741616 62
0.5749616 61
0.5757616 60
0.5765616 59
0.5773616 58
0.5781616 57
0.5789616 56
0.5797616 55
0.5805616 54
0.5813616 53
0.5821616 52
0.5829616 51
0.5837616 50
0.5845616 49
0.5853616 48
0.5861616 47
0.5869616 46
0.5877616 45
0.5885616 44
0.5893616 43
0.5901616 42
0.5909616 41
0.5917616 40
0.5925616 39
0.5933616 38
0.5941616 37
0.5949616 36
0.5957616 35
0.5965616 34
0.5973616 33
0.5981616 32
0.5989616 31
0.5997616 30
0.6005616 29
0.6013616 28
0.6021616 27
0.6029616 26
0.6037616 25
0.6045616 24
0.6053616 23
0.6061616 22
0.6069616 21
0.6077616 20
0.6085616 19
0.6093616 18
0.6101616 17
0.6109616 16
0.6117616 15
0.6125616 14
0.6133616 13
0.6141616 12
0.6149616 11
0.6157616 10
0.6165616 9
0.6173616 8
0.6181616 7
0.6189616 6
0.6197616 5
0.6205616 4
0.6213616 3
0.6221616 2
0.6229616 1
0.6237616 0
0.6438152 0
0.6438152 0
0.6438152 1
0.6438152 2
0.6438152 3
0.6438152 4
0.6438152 5
0.6438152 6
0.6438152 7
0.6438152 8
0.6438152 9
0.6438152 10
0.6438152 11
0.6438152 12
0.6438152 13
0.6438152 14
0.6438152 15
0.6438152 16
0.6438152 17
0.6438152 18
0.6438152 19
0.6438152 20
0.6438152 21
0.6438152 22
0.6438152 23
0.6438152 24
0.6438152 25
0.6438152 26
0.6438152 27
0.6438152 28
0.6438152 29
0.6438152 30
0.6438152 31
0.6438152 32
0.6438152 33
0.6438152 34
0.6438152 35
0.6438152 36
0.6438152 37
0.6438152 38
0.6438152 39
0.6438152 40
0.6438152 41
0.6438152 42
0.6438152 43
0.6438152 44
0.6438152 45
0.6438152 46
0.6438152 47
0.6438152 48
0.6438152 49
0.6438152 50
0.6438152 51
0.6438152 52
0.6438152 53
0.6438152 54
0.6438152 55
0.6438152 56
0.6438152 57
0.6438152 58
0.6438152 59
0.6438152 60
0.6438152 61
0.6438152 62
0.6438152 63
0.6438152 64
0.6438152 65
0.6438152 66
0.6438152 67
0.6438152 68
0.6438152 69
0.6438152 70
0.6438152 71
0.6438152 72
0.6438152 73
0.6438152 74
0.6438152 75
0.6438152 76
0.6438152 77
0.6438152 78
0.6438152 79
0.6438152 80
0.6438152 81
0.6438152 82
0.6438152 83
0.6438152 84
0.6438152 85
0.6438152 86
0.6438152 87
0.6438152 88
0.6438152 89
0.6438152 90
0.6438152 91
0.6438152 92
0.6438152 93
0.6438152 94
0.6438152 95
0.6438152 96
0.6438152 97
0.6438152 98
0.6438152 99
0.6438152 100
0.6438152 101
0.6438152 102
0.6446152 101
0.6454152 100
0.6462152 99
0.6470152 98
0.6478152 97
0.6486152 96
0.6494152 95
0.6502152 94
0.6510152 93
0.6518152 92
0.6526152 91
0.6534152 90
0.6542152 89
0.6550152 88
0.6558152 87
0.6566152 86
0.6574152 85
0.6582152 84
0.6590152 83
0.6598152 82
0.6606152 81
0.6614152 80
0.6622152 79
0.6630152 78
0.6638152 77
0.6646152 76
0.6654152 75
0.6662152 74
0.6670152 73
0.6678152 72
0.6686152 71
0.6694152 70
0.6702152 69
0.6710152 68
0.6718152 67
0.6726152 66
0.6734152 65
0.6742152 64
0.6750152 63
0.6758152 62
0.6766152 61
0.6774152 60
0.6782152 59
0.6790152 58
0.6798152 57
0.6806152 56
0.6814152 55
0.6822152 54
0.6830152 53
0.6838152 52
0.6846152 51
0.6854152 50
0.6862152 49
0.6870152 48
0.6878152 47
0.6886152 46
0.6894152 45
0.6902152 44
0.6910152 43
0.6918152 42
0.6926152 41
0.6934152 40
0.6942152 39
0.6950152 38
0.6958152 37
0.6966152 36
0.6974152 35
0.6982152 34
0.6990152 33
0.6998152 32
0.7006152 31
0.7014152 30
0.7022152 29
0.7030152 28
0.7038152 27
0.7046152 26
0.7054152 25
0.7062152 24
0.7070152 23
0.7078152 22
0.7086152 21
0.7094152 20
0.7102152 19
0.7110152 18
0.7118152 17
0.7126152 16
0.7134152 15
0.7142152 14
0.7150152 13
0.7158152 12
0.7166152 11
0.7174152 10
0.7182152 9
0.7190152 8
0.7198152 7
0.7206152 6
0.7214152 5
0.7222152 4
0.7230152 3
0.7238152 2
0.7246152 1
0.7254152 0
0.7462032 0
0.7462032 0
0.7462032 1
0.7462032 2
0.7462032 3
0.7462032 4
0.7462032 5
0.7462032 6
0.7462032 7
0.7462032 8
0.7462032 9
0.7462032 10
0.7462032 11
0.7462032 12
0.7462032 13
0.7462032 14
0.7462032 15
0.7462032 16
0.7462032 17
0.7462032 18
0.7462032 19
0.7462032 20
0.7462032 21
0.7462032 22
0.7462032 23
0.7462032 24
0.7462032 25
0.7462032 26
0.7462032 27
0.7462032 28
0.7462032 29
0.7462032 30
0.7462032 31
0.7462032 32
0.7462032 33
0.7462032 34
0.7462032 35
0.7462032 36
0.7462032 37
0.7462032 38
0.7462032 39
0.7462032 40
0.7462032 41
0.7462032 42
0.7462032 43
0.7462032 44
0.7462032 45
0.7462032 46
0.7462032 47
0.7462032 48
0.7462032 49
0.7462032 50
0.7462032 51
0.7462032 52
0.7462032 53
0.7462032 54
0.7462032 55
0.7462032 56
0.7462032 57
0.7462032 58
0.7462032 59
0.7462032 60
0.7462032 61
0.7462032 62
0.7462032 63
0.7462032 64
0.7462032 65
0.7462032 66
0.7462032 67
0.7462032 68
0.7462032 69
0.7462032 70
0.7462032 71
0.7462032 72
0.7462032 73
0.7462032 74
0.7462032 75
0.7462032 76
0.7462032 77
0.7462032 78
0.7462032 79
0.7462032 80
0.7462032 81
0.7462032 82
0.7462032 83
0.7462032 84
0.7462032 85
0.7462032 86
0.7462032 87
0.7462032 88
0.7462032 89
0.7462032 90
0.7462032 91
0.7462032 92
0.7462032 93
0.7462032 94
0.7462032 95
0.7462032 96
0.7462032 97
0.7462032 98
0.7462032 99
0.7462032 100
0.7462032 101
0.7462032 102
0.7462032 103
0.7470032 102
0.7478032 101
0.7486032 100
0.7494032 99
0.7502032 98
0.7510032 97
0.7518032 96
0.7526032 95
0.7534032 94
0.7542032 93
0.7550032 92
0.7558032 91
0.7566032 90
0.7574032 89
0.7582032 88
0.7590032 87
0.7598032 86
0.7606032 85
0.7614032 84
0.7622032 83
0.7630032 82
0.7638032 81
0.7646032 80
0.7654032 79
0.7662032 78
0.7670032 77
0.7678032 76
0.7686032 75
0.7694032 74
0.7702032 73
0.7710032 72
0.7718032 71
0.7726032 70
0.7734032 69
0.7742032 68
0.7750032 67
0.7758032 66
0.7766032 65
0.7774032 64
0.7782032 63
0.7790032 62
0.7798032 61
0.7806032 60
0.7814032 59
0.7822032 58
0.7830032 57
0.7838032 56
0.7846032 55
0.7854032 54
0.7862032 53
0.7870032 52
0.7878032 51
0.7886032 50
0.7894032 49
0.7902032 48
0.7910032 47
0.7918032 46
0.7926032 45
0.7934032 44
0.7942032 43
0.7950032 42
0.7958032 41
0.7966032 40
0.7974032 39
0.7982032 38
0.7990032 37
0.7998032 36
0.8006032 35
0.8014032 34
0.8022032 33
0.8030032 32
0.8038032 31
0.8046032 30
0.8054032 29
0.8062032 28
0.8070032 27
0.8078032 26
0.8086032 25
0.8094032 24
0.8102032 23
0.8110032 22
0.8118032 21
0.8126032 20
0.8134032 19
0.8142032 18
0.8150032 17
0.8158032 16
0.8166032 15
0.8174032 14
0.8182032 13
0.8190032 12
0.8198032 11
0.8206032 10
0.8214032 9
0.8222032 8
0.8230032 7
0.8238032 6
0.8246032 5
0.8254032 4
0.8262032 3
0.8270032 2
0.8278032 1
0.8286032 0
0.8493328 0
0.8493328 0
0.8493328 1
0.8493328 2
0.8493328 3
0.8493328 4
0.8493328 5
0.8493328 6
0.8493328 7
0.8493328 8
0.8493328 9
0.8493328 10
0.8493328 11
0.8493328 12
0.8493328 13
0.8493328 14
0.8493328 15
0.8493328 16
0.8493328 17
0.8493328 18
0.8493328 19
0.8493328 20
0.8493328 21
0.8493328 22
0.8493328 23
0.8493328 24
0.8493328 25
0.8493328 26
0.8493328 27
0.8493328 28
0.8493328 29
0.8493328 30
0.8493328 31
0.8493328 32
0.8493328 33
0.8493328 34
0.8493328 35
0.8493328 36
0.8493328 37
0.8493328 38
0.8493328 39
0.8493328 40
0.8493328 41
0.8493328 42
0.8493328 43
0.8493328 44
0.8493328 45
0.8493328 46
0.8493328 47
0.8493328 48
0.8493328 49
0.8493328 50
0.8493328 51
0.8493328 52
0.8493328 53
0.8493328 54
0.8493328 55
0.8493328 56
0.8493328 57
0.8493328 58
0.8493328 59
0.8493328 60
0.8493328 61
0.8493328 62
0.8493328 63
0.8493328 64
0.8493328 65
0.8493328 66
0.8493328 67
0.8493328 68
0.8493328 69
0.8493328 70
0.8493328 71
0.8493328 72
0.8493328 73
0.8493328 74
0.8493328 75
0.8493328 76
0.8493328 77
0.8493328 78
0.8493328 79
0.8493328 80
0.8493328 81
0.8493328 82
0.8493328 83
0.8493328 84
0.8493328 85
0.8493328 86
0.8493328 87
0.8493328 88
0.8493328 89
0.8493328 90
0.8493328 91
0.8493328 92
0.8493328 93
0.8493328 94
0.8493328 95
0.8493328 96
0.8493328 97
0.8493328 98
0.8493328 99
0.8493328 100
0.8493328 101
0.8493328 102
0.8493328 103
0.8493328 104
0.8501328 103
0.8509328 102
0.8517328 101
0.8525328 100
0.8533328 99
0.8541328 98
0.8549328 97
0.8557328 96
0.8565328 95
0.8573328 94
0.8581328 93
0.8589328 92
0.8597328 91
0.8605328 90
0.8613328 89
0.8621328 88
0.8629328 87
0.8637328 86
0.8645328 85
0.8653328 84
0.8661328 83
0.8669328 82
0.8677328 81
0.8685328 80
0.8693328 79
0.8701328 78
0.8709328 77
0.8717328 76
0.8725328 75
0.8733328 74
0.8741328 73
0.8749328 72
0.8757328 71
0.8765328 70
0.8773328 69
0.8781328 68
0.8789328 67
0.8797328 66
0.8805328 65
0.8813328 64
0.8821328 63
0.8829328 62
0.8837328 61
0.8845328 60
0.8853328 59
0.8861328 58
0.8869328 57
0.8877328 56
0.8885328 55
0.8893328 54
0.8901328 53
0.8909328 52
0.8917328 51
0.8925328 50
0.8933328 49
0.8941328 48
0.8949328 47
0.8957328 46
0.8965328 45
0.8973328 44
0.8981328 43
0.8989328 42
0.8997328 41
0.9005328 40
0.9013328 39
0.9021328 38
0.9029328 37
0.9037328 36
0.9045328 35
0.9053328 34
0.9061328 33
0.9069328 32
0.9077328 31
0.9085328 30
0.9093328 29
0.9101328 28
0.9109328 27
0.9117328 26
0.9125328 25
0.9133328 24
0.9141328 23
0.9149328 22
0.9157328 21
0.9165328 20
0.9173328 19
0.9181328 18
0.9189328 17
0.9197328 16
0.9205328 15
0.9213328 14
0.9221328 13
0.9229328 12
0.9237328 11
0.9245328 10
0.9253328 9
0.9261328 8
0.9269328 7
0.9277328 6
0.9285328 5
0.9293328 4
0.9301328 3
0.9309328 2
0.9317328 1
0.9325328 0
0.9532104 0
0.9532104 0
0.9532104 1
0.9532104 2
0.9532104 3
0.9532104 4
0.9532104 5
0.9532104 6
0.9532104 7
0.9532104 8
0.9532104 9
0.9532104 10
0.9532104 11
0.9532104 12
0.9532104 13
0.9532104 14
0.9532104 15
0.9532104 16
0.9532104 17
0.9532104 18
0.9532104 19
0.9532104 20
0.9532104 21
0.9532104 22
0.9532104 23
0.9532104 24
0.9532104 25
0.9532104 26
0.9532104 27
0.9532104 28
0.9532104 29
0.9532104 30
0.9532104 31
0.9532104 32
0.9532104 33
0.9532104 34
0.9532104 35
0.9532104 36
0.9532104 37
0.9532104 38
0.9532104 39
0.9532104 40
0.9532104 41
0.9532104 42
0.9532104 43
0.9532104 44
0.9532104 45
0.9532104 46
0.9532104 47
0.9532104 48
0.9532104 49
0.9532104 50
0.9532104 51
0.9532104 52
0.9532104 53
0.9532104 54
0.9532104 55
0.9532104 56
0.9532104 57
0.9532104 58
0.9532104 59
0.9532104 60
0.9532104 61
0.9532104 62
0.9532104 63
0.9532104 64
0.9532104 65
0.9532104 66
0.9532104 67
0.9532104 68
0.9532104 69
0.9532104 70
0.9532104 71
0.9532104 72
0.9532104 73
0.9532104 74
0.9532104 75
0.9532104 76
0.9532104 77
0.9532104 78
0.9532104 79
0.9532104 80
0.9532104 81
0.9532104 82
0.9532104 83
0.9532104 84
0.9532104 85
0.9532104 86
0.9532104 87
0.9532104 88
0.9532104 89
0.9532104 90
0.9532104 91
0.9532104 92
0.9532104 93
0.9532104 94
0.9532104 95
0.9532104 96
0.9532104 97
0.9532104 98
0.9532104 99
0.9532104 100
0.9532104 101
0.9532104 102
0.9532104 103
0.9532104 104
0.9532104 105
0.9540104 104
0.9548104 103
0.9556104 102
0.9564104 101
0.9572104 100
0.9580104 99
0.9588104 98
0.9596104 97
0.9604104 96
0.9612104 95
0.9620104 94
0.9628104 93
0.9636104 92
0.9644104 91
0.9652104 90
0.9660104 89
0.9668104 88
0.9676104 87
0.9684104 86
0.9692104 85
0.9700104 84
0.9708104 83
0.9716104 82
0.9724104 81
0.9732104 80
0.9740104 79
0.9748104 78
0.9756104 77
0.9764104 76
0.9772104 75
0.9780104 74
0.9788104 73
0.9796104 72
0.9804104 71
0.9812104 70
0.9820104 69
0.9828104 68
0.9836104 67
0.9844104 66
0.9852104 65
0.9860104 64
0.9868104 63
0.9876104 62
0.9884104 61
0.9892104 60
0.9900104 59
0.9908104 58
0.9916104 57
0.9924104 56
0.9932104 55
0.9940104 54
0.9948104 53
0.9956104 52
0.9964104 51
0.9972104 50
0.9980104 49
0.9988104 48
0.9996104 47
1.0004104 46
1.0012104 45
1.0020104 44
1.0028104 43
1.0036104 42
1.0044104 41
1.0052104 40
1.0060104 39
1.0068104 38
1.0076104 37
1.0084104 36
1.0092104 35
1.0100104 34
1.0108104 33
1.0116104 32
1.0124104 31
1.0132104 30
1.0140104 29
1.0148104 28
1.0156104 27
1.0164104 26
1.0172104 25
1.0180104 24
1.0188104 23
1.0196104 22
1.0204104 21
1.0212104 20
1.0220104 19
1.0228104 18
1.0236104 17
1.0244104 16
1.0252104 15
1.0260104 14
1.0268104 13
1.0276104 12
1.0284104 11
1.0292104 10
1.0300104 9
1.0308104 8
1.0316104 7
1.0324104 6
1.0332104 5
1.0340104 4
1.0348104 3
1.0356104 2
1.0364104 1
1.0372104 0
1.0578432 0
1.0578432 0
1.0578432 1
1.0578432 2
1.0578432 3
1.0578432 4
1.0578432 5
1.0578432 6
1.0578432 7
1.0578432 8
1.0578432 9
1.0578432 10
1.0578432 11
1.0578432 12
1.0578432 13
1.0578432 14
1.0578432 15
1.0578432 16
1.0578432 17
1.0578432 18
1.0578432 19
1.0578432 20
1.0578432 21
1.0578432 22
1.0578432 23
1.0578432 24
1.0578432 25
1.0578432 26
1.0578432 27
1.0578432 28
1.0578432 29
1.0578432 30
1.0578432 31
1.0578432 32
1.0578432 33
1.0578432 34
1.0578432 35
1.0578432 36
1.0578432 37
1.0578432 38
1.0578432 39
1.0578432 40
1.0578432 41
1.0578432 42
1.0578432 43
1.0578432 44
1.0578432 45
1.0578432 46
1.0578432 47
1.0578432 48
1.0578432 49
1.0578432 50
1.0578432 51
1.0578432 52
1.0586432 51
1.0594432 50
1.0602432 49
1.0610432 48
1.0618432 47
1.0626432 46
1.0634432 45
1.0642432 44
1.0650432 43
1.0658432 42
1.0666432 41
1.0674432 40
1.0682432 39
1.0690432 38
1.0698432 37
1.0706432 36
1.0714432 35
1.0722432 34
1.0730432 33
1.0738432 32
1.0746432 31
1.0754432 30
1.0762432 29
1.0770432 28
1.0778432 27
1.0786432 26
1.0794432 25
1.0802432 24
1.0810432 23
1.0818432 22
1.0826432 21
1.0834432 20
1.0842432 19
1.0850432 18
1.0858432 17
1.0866432 16
1.0874432 15
1.0882432 14
1.0890432 13
1.0898432 12
1.0906432 11
1.0914432 10
1.0922432 9
1.0930432 8
1.0938432 7
1.0946432 6
1.0954432 5
1.0962432 4
1.0970432 3
1.0978432 2
1.0986432 1
1.0994432 0
