0.009 2 0 0.009 0.008 0.001 0
0.0274075820275 3 0.0184075820275 0.009 0.008 0.001 0.0
0.208771257374 4 0.199771257374 0.009 0.008 0.001 0.0
0.276007030593 5 0.267007030593 0.009 0.008 0.001 0.0
0.297919818995 6 0.288919818995 0.009 0.008 0.001 0.0
0.350763157897 7 0.341763157897 0.009 0.008 0.001 0.0
0.498769572911 8 0.489769572911 0.009 0.008 0.001 0.0
0.57378537356 9 0.56478537356 0.009 0.008 0.001 0.0
0.613120332186 10 0.604120332186 0.009 0.008 0.001 0.0
0.672865131311 11 0.663865131311 0.009 0.008 0.001 0.0
0.840921528227 12 0.831921528227 0.009 0.008 0.001 0.0
1.01760649627 13 1.00860649627 0.009 0.008 0.001 0.0
1.20297254668 14 1.19397254668 0.009 0.008 0.001 0.0
1.21097254668 15 1.19905858097 0.0119139657107 0.008 0.001 0.00291396571072
1.27559303178 16 1.26659303178 0.009 0.008 0.001 0.0
1.33991827853 17 1.33091827853 0.009 0.008 0.001 0.0
1.46175894616 18 1.45275894616 0.009 0.008 0.001 0.0
1.53081712778 19 1.52181712778 0.009 0.008 0.001 0.0
1.54544329653 20 1.53644329653 0.009 0.008 0.001 0.0
1.76103720791 21 1.75203720791 0.009 0.008 0.001 0.0
1.76985780607 22 1.76085780607 0.009 0.008 0.001 0.0
1.79584236264 23 1.78684236264 0.009 0.008 0.001 0.0
1.8644566101 24 1.8554566101 0.009 0.008 0.001 0.0
1.96514524125 25 1.95614524125 0.009 0.008 0.001 0.0
2.08064314713 26 2.07164314713 0.009 0.008 0.001 0.0
2.16156918624 27 2.15256918624 0.009 0.008 0.001 0.0
2.23432180087 28 2.22532180087 0.009 0.008 0.001 0.0
2.38358601791 29 2.37458601791 0.009 0.008 0.001 0.0
2.40771187281 30 2.39871187281 0.009 0.008 0.001 0.0
2.5379210994 31 2.5289210994 0.009 0.008 0.001 0.0
2.62766006239 32 2.61866006239 0.009 0.008 0.001 0.0
3.10080653906 33 3.09180653906 0.009 0.008 0.001 0.0
3.13117364972 34 3.12217364972 0.009 0.008 0.001 0.0
3.17868893057 35 3.16968893057 0.009 0.008 0.001 0.0
3.25115163947 36 3.24215163947 0.009 0.008 0.001 0.0
3.25915163947 37 3.24791760698 0.0112340324925 0.008 0.001 0.00223403249246
3.31192088692 38 3.30292088692 0.009 0.008 0.001 0.0
3.48598759333 39 3.47698759333 0.009 0.008 0.001 0.0
3.49406440669 40 3.48506440669 0.009 0.008 0.001 0.0
3.61995343843 41 3.61095343843 0.009 0.008 0.001 0.0
3.65218664294 42 3.64318664294 0.009 0.008 0.001 0.0
3.73108985851 43 3.72208985851 0.009 0.008 0.001 0.0
3.73908985851 44 3.72650965065 0.0125802078689 0.008 0.001 0.00358020786885
3.74902753071 45 3.74002753071 0.009 0.008 0.001 0.0
3.86653094539 46 3.85753094539 0.009 0.008 0.001 0.0
3.98120381433 47 3.97220381433 0.009 0.008 0.001 0.0
3.99701882099 48 3.98801882099 0.009 0.008 0.001 0.0
4.04450361177 49 4.03550361177 0.009 0.008 0.001 0.0
4.05786103616 50 4.04886103616 0.009 0.008 0.001 0.0
4.07941699425 51 4.07041699425 0.009 0.008 0.001 0.0
4.11291244517 52 4.10391244517 0.009 0.008 0.001 0.0
4.1351213397 53 4.1261213397 0.009 0.008 0.001 0.0
4.29718580224 54 4.28818580224 0.009 0.008 0.001 0.0
4.53448790537 55 4.52548790537 0.009 0.008 0.001 0.0
4.54590238037 56 4.53690238037 0.009 0.008 0.001 0.0
4.60162665592 57 4.59262665592 0.009 0.008 0.001 0.0
4.60962665592 58 4.59831171382 0.0113149421028 0.008 0.001 0.00231494210281
4.61917208711 59 4.61017208711 0.009 0.008 0.001 0.0
4.65808322006 60 4.64908322006 0.009 0.008 0.001 0.0
4.73220842494 61 4.72320842494 0.009 0.008 0.001 0.0
4.84075901677 62 4.83175901677 0.009 0.008 0.001 0.0
4.93845591498 63 4.92945591498 0.009 0.008 0.001 0.0
4.9933260191 64 4.9843260191 0.009 0.008 0.001 0.0
5.08695557561 65 5.07795557561 0.009 0.008 0.001 0.0
5.11271331908 66 5.10371331908 0.009 0.008 0.001 0.0
5.14666220861 67 5.13766220861 0.009 0.008 0.001 0.0
5.40214715583 68 5.39314715583 0.009 0.008 0.001 0.0
5.4300413116 69 5.4210413116 0.009 0.008 0.001 0.0
5.5302724338 70 5.5212724338 0.009 0.008 0.001 0.0
5.56855500973 71 5.55955500973 0.009 0.008 0.001 0.0
5.63443264144 72 5.62543264144 0.009 0.008 0.001 0.0
5.96632602566 73 5.95732602566 0.009 0.008 0.001 0.0
6.00975158867 74 6.00075158867 0.009 0.008 0.001 0.0
6.05319151034 75 6.04419151034 0.009 0.008 0.001 0.0
6.06119151034 76 6.05115074428 0.0100407660556 0.008 0.001 0.00104076605563
6.18754328254 77 6.17854328254 0.009 0.008 0.001 0.0
6.19554328254 78 6.18484183254 0.0107014499958 0.008 0.001 0.00170144999583
6.21070876118 79 6.20170876118 0.009 0.008 0.001 0.0
6.25275971442 80 6.24375971442 0.009 0.008 0.001 0.0
6.2716060059 81 6.2626060059 0.009 0.008 0.001 0.0
6.30424809101 82 6.29524809101 0.009 0.008 0.001 0.0
6.42663072733 83 6.41763072733 0.009 0.008 0.001 0.0
6.61633120436 84 6.60733120436 0.009 0.008 0.001 0.0
6.63052371884 85 6.62152371884 0.009 0.008 0.001 0.0
6.66929811878 86 6.66029811878 0.009 0.008 0.001 0.0
6.8753798714 87 6.8663798714 0.009 0.008 0.001 0.0
6.96369821662 88 6.95469821662 0.009 0.008 0.001 0.0
6.97608168708 89 6.96708168708 0.009 0.008 0.001 0.0
6.99501238063 90 6.98601238063 0.009 0.008 0.001 0.0
7.11669061662 91 7.10769061662 0.009 0.008 0.001 0.0
7.16763865168 92 7.15863865168 0.009 0.008 0.001 0.0
7.20822152698 93 7.19922152698 0.009 0.008 0.001 0.0
7.28886633159 94 7.27986633159 0.009 0.008 0.001 0.0
7.36503481545 95 7.35603481545 0.009 0.008 0.001 0.0
7.41287765313 96 7.40387765313 0.009 0.008 0.001 0.0
7.42629233027 97 7.41729233027 0.009 0.008 0.001 0.0
7.52157725294 98 7.51257725294 0.009 0.008 0.001 0.0
7.56508727495 99 7.55608727495 0.009 0.008 0.001 0.0
7.63074875722 100 7.62174875722 0.009 0.008 0.001 0.0
7.69573840739 101 7.68673840739 0.009 0.008 0.001 0.0
7.7527987493 102 7.7437987493 0.009 0.008 0.001 0.0
7.81657939325 103 7.80757939325 0.009 0.008 0.001 0.0
7.83930418795 104 7.83030418795 0.009 0.008 0.001 0.0
7.84730418795 105 7.83669353046 0.0106106574855 0.008 0.001 0.00161065748546
7.8854406092 106 7.8764406092 0.009 0.008 0.001 0.0
8.03883777744 107 8.02983777744 0.009 0.008 0.001 0.0
8.09451851165 108 8.08551851165 0.009 0.008 0.001 0.0
8.10695377223 109 8.09795377223 0.009 0.008 0.001 0.0
8.23255864392 110 8.22355864392 0.009 0.008 0.001 0.0
8.25505057745 111 8.24605057745 0.009 0.008 0.001 0.0
8.4943968834 112 8.4853968834 0.009 0.008 0.001 0.0
8.70256106197 113 8.69356106197 0.009 0.008 0.001 0.0
8.78166977595 114 8.77266977595 0.009 0.008 0.001 0.0
8.78966977595 115 8.77933702314 0.0103327528056 0.008 0.001 0.00133275280561
8.8998439185 116 8.8908439185 0.009 0.008 0.001 0.0
8.91627308944 117 8.90727308944 0.009 0.008 0.001 0.0
9.00562365801 118 8.99662365801 0.009 0.008 0.001 0.0
9.19875849306 119 9.18975849306 0.009 0.008 0.001 0.0
9.20675849306 120 9.1965299162 0.0102285768565 0.008 0.001 0.00122857685647
9.40202206038 121 9.39302206038 0.009 0.008 0.001 0.0
9.49598620144 122 9.48698620144 0.009 0.008 0.001 0.0
9.57634652509 123 9.56734652509 0.009 0.008 0.001 0.0
9.5994660785 124 9.5904660785 0.009 0.008 0.001 0.0
9.70300055367 125 9.69400055367 0.009 0.008 0.001 0.0
9.75334948156 126 9.74434948156 0.009 0.008 0.001 0.0
9.97314732423 127 9.96414732423 0.009 0.008 0.001 0.0
