0.009 2 0 0.009 0.008 0.001 0
0.0197257461863 3 0.0107257461863 0.009 0.008 0.001 0.0
0.0988094702747 4 0.0898094702747 0.009 0.008 0.001 0.0
0.133857766247 5 0.124857766247 0.009 0.008 0.001 0.0
0.18825546968 6 0.17925546968 0.009 0.008 0.001 0.0
0.227002094894 7 0.218002094894 0.009 0.008 0.001 0.0
0.247690009912 8 0.238690009912 0.009 0.008 0.001 0.0
0.288659828377 9 0.279659828377 0.009 0.008 0.001 0.0
0.296659828377 10 0.280214456142 0.0164453722347 0.008 0.001 0.0074453722347
0.360046771661 11 0.351046771661 0.009 0.008 0.001 0.0
0.378413812967 12 0.369413812967 0.009 0.008 0.001 0.0
0.41845993689 13 0.40945993689 0.009 0.008 0.001 0.0
0.475957289441 14 0.466957289441 0.009 0.008 0.001 0.0
0.520242097137 15 0.511242097137 0.009 0.008 0.001 0.0
0.555593329843 16 0.546593329843 0.009 0.008 0.001 0.0
0.566674716186 17 0.557674716186 0.009 0.008 0.001 0.0
0.643181036152 18 0.634181036152 0.009 0.008 0.001 0.0
0.667004088632 19 0.658004088632 0.009 0.008 0.001 0.0
0.682680328135 20 0.673680328135 0.009 0.008 0.001 0.0
0.694971943295 21 0.685971943295 0.009 0.008 0.001 0.0
0.718134791725 22 0.709134791725 0.009 0.008 0.001 0.0
0.743880321636 23 0.734880321636 0.009 0.008 0.001 0.0
0.790412931193 24 0.781412931193 0.009 0.008 0.001 0.0
0.798412931193 25 0.784760534395 0.0136523967979 0.008 0.001 0.00465239679789
0.806412931193 26 0.789577576916 0.0168353542766 0.008 0.001 0.00783535427661
0.831406893564 27 0.822406893564 0.009 0.008 0.001 0.0
0.854622810511 28 0.845622810511 0.009 0.008 0.001 0.0
1.03818140463 29 1.02918140463 0.009 0.008 0.001 0.0
1.06621567988 30 1.05721567988 0.009 0.008 0.001 0.0
1.10330117877 31 1.09430117877 0.009 0.008 0.001 0.0
1.13678053389 32 1.12778053389 0.009 0.008 0.001 0.0
1.1451318934 33 1.1361318934 0.009 0.008 0.001 0.0
1.15584072347 34 1.14684072347 0.009 0.008 0.001 0.0
1.24069298587 35 1.23169298587 0.009 0.008 0.001 0.0
1.28497050627 36 1.27597050627 0.009 0.008 0.001 0.0
1.3004124019 37 1.2914124019 0.009 0.008 0.001 0.0
1.3481471294 38 1.3391471294 0.009 0.008 0.001 0.0
1.39399876589 39 1.38499876589 0.009 0.008 0.001 0.0
1.47662942998 40 1.46762942998 0.009 0.008 0.001 0.0
1.56813322129 41 1.55913322129 0.009 0.008 0.001 0.0
1.57613322129 42 1.56140719256 0.0147260287366 0.008 0.001 0.00572602873658
1.58413322129 43 1.56572935829 0.0184038630056 0.008 0.001 0.00940386300559
1.59701263418 44 1.58801263418 0.009 0.008 0.001 0.0
1.64351544266 45 1.63451544266 0.009 0.008 0.001 0.0
1.68473133706 46 1.67573133706 0.009 0.008 0.001 0.0
1.90425872014 47 1.89525872014 0.009 0.008 0.001 0.0
2.00346885737 48 1.99446885737 0.009 0.008 0.001 0.0
2.01146885737 49 1.99979684405 0.0116720133123 0.008 0.001 0.00267201331231
2.23657718704 50 2.22757718704 0.009 0.008 0.001 0.0
2.24457718704 51 2.22941809877 0.0151590882701 0.008 0.001 0.00615908827015
2.27581960322 52 2.26681960322 0.009 0.008 0.001 0.0
2.29921609704 53 2.29021609704 0.009 0.008 0.001 0.0
2.31380354269 54 2.30480354269 0.009 0.008 0.001 0.0
2.32180354269 55 2.30645448216 0.0153490605234 0.008 0.001 0.00634906052335
2.32980354269 56 2.3086434648 0.0211600778834 0.008 0.001 0.0121600778834
2.33780354269 57 2.321119726 0.0166838166898 0.008 0.001 0.00768381668977
2.34580354269 58 2.32244060594 0.0233629367427 0.008 0.001 0.0143629367427
2.35380354269 59 2.33766402168 0.0161395210066 0.008 0.001 0.00713952100661
2.36450694574 60 2.35550694574 0.009 0.008 0.001 0.0
2.37250694574 61 2.36181817506 0.0106887706777 0.008 0.001 0.00168877067768
2.39330374629 62 2.38430374629 0.009 0.008 0.001 0.0
2.40130374629 63 2.39100895135 0.0102947949429 0.008 0.001 0.00129479494294
2.40930374629 64 2.39789389187 0.0114098544233 0.008 0.001 0.00240985442334
2.41999759448 65 2.41099759448 0.009 0.008 0.001 0.0
2.42799759448 66 2.41857896123 0.00941863325096 0.008 0.001 0.000418633250962
2.5204938311 67 2.5114938311 0.009 0.008 0.001 0.0
2.61977641558 68 2.61077641558 0.009 0.008 0.001 0.0
2.63500691632 69 2.62600691632 0.009 0.008 0.001 0.0
2.65299393099 70 2.64399393099 0.009 0.008 0.001 0.0
2.78337015473 71 2.77437015473 0.009 0.008 0.001 0.0
2.80165364017 72 2.79265364017 0.009 0.008 0.001 0.0
2.80965364017 73 2.79479783823 0.0148558019366 0.008 0.001 0.00585580193657
2.81765364017 74 2.80283615775 0.0148174824214 0.008 0.001 0.0058174824214
2.85953482501 75 2.85053482501 0.009 0.008 0.001 0.0
2.87411447477 76 2.86511447477 0.009 0.008 0.001 0.0
2.9020228604 77 2.8930228604 0.009 0.008 0.001 0.0
2.92100482137 78 2.91200482137 0.009 0.008 0.001 0.0
3.08363230483 79 3.07463230483 0.009 0.008 0.001 0.0
3.09433753782 80 3.08533753782 0.009 0.008 0.001 0.0
3.14103300587 81 3.13203300587 0.009 0.008 0.001 0.0
3.18232865431 82 3.17332865431 0.009 0.008 0.001 0.0
3.192203243 83 3.183203243 0.009 0.008 0.001 0.0
3.26530260337 84 3.25630260337 0.009 0.008 0.001 0.0
3.27591639923 85 3.26691639923 0.009 0.008 0.001 0.0
3.30427987117 86 3.29527987117 0.009 0.008 0.001 0.0
3.38925561297 87 3.38025561297 0.009 0.008 0.001 0.0
3.39725561297 88 3.38136116634 0.0158944466274 0.008 0.001 0.00689444662741
3.40525561297 89 3.39536935896 0.00988625401147 0.008 0.001 0.000886254011473
3.43861349927 90 3.42961349927 0.009 0.008 0.001 0.0
3.52165048517 91 3.51265048517 0.009 0.008 0.001 0.0
3.68455576498 92 3.67555576498 0.009 0.008 0.001 0.0
3.92124329955 93 3.91224329955 0.009 0.008 0.001 0.0
3.98813880031 94 3.97913880031 0.009 0.008 0.001 0.0
3.99613880031 95 3.98228192775 0.0138568725643 0.008 0.001 0.00485687256431
4.12616236014 96 4.11716236014 0.009 0.008 0.001 0.0
4.17300137124 97 4.16400137124 0.009 0.008 0.001 0.0
4.18100137124 98 4.16622532098 0.0147760502672 0.008 0.001 0.00577605026715
4.18900137124 99 4.17377579806 0.0152255731796 0.008 0.001 0.00622557317957
4.19700137124 100 4.17768886765 0.0193125035915 0.008 0.001 0.0103125035915
4.25292402298 101 4.24392402298 0.009 0.008 0.001 0.0
4.36497652241 102 4.35597652241 0.009 0.008 0.001 0.0
4.41862380739 103 4.40962380739 0.009 0.008 0.001 0.0
4.45491149885 104 4.44591149885 0.009 0.008 0.001 0.0
4.46291149885 105 4.45139161806 0.0115198807949 0.008 0.001 0.00251988079494
4.48147978073 106 4.47247978073 0.009 0.008 0.001 0.0
4.48947978073 107 4.47889994482 0.0105798359072 0.008 0.001 0.00157983590724
4.53335526964 108 4.52435526964 0.009 0.008 0.001 0.0
4.54707392065 109 4.53807392065 0.009 0.008 0.001 0.0
4.5828084515 110 4.5738084515 0.009 0.008 0.001 0.0
4.62691710924 111 4.61791710924 0.009 0.008 0.001 0.0
4.64609272365 112 4.63709272365 0.009 0.008 0.001 0.0
4.65409272365 113 4.63873434663 0.0153583770181 0.008 0.001 0.00635837701808
4.66209272365 114 4.64175782157 0.0203349020777 0.008 0.001 0.0113349020777
4.67009272365 115 4.64337102886 0.0267216947908 0.008 0.001 0.0177216947908
4.68216899647 116 4.67316899647 0.009 0.008 0.001 0.0
4.69515412808 117 4.68615412808 0.009 0.008 0.001 0.0
4.77987395843 118 4.77087395843 0.009 0.008 0.001 0.0
4.79977710042 119 4.79077710042 0.009 0.008 0.001 0.0
4.86701961644 120 4.85801961644 0.009 0.008 0.001 0.0
4.87967106611 121 4.87067106611 0.009 0.008 0.001 0.0
4.91642653159 122 4.90742653159 0.009 0.008 0.001 0.0
4.93729097637 123 4.92829097637 0.009 0.008 0.001 0.0
4.98231118102 124 4.97331118102 0.009 0.008 0.001 0.0
5.02042157634 125 5.01142157634 0.009 0.008 0.001 0.0
5.06342118121 126 5.05442118121 0.009 0.008 0.001 0.0
5.09475905817 127 5.08575905817 0.009 0.008 0.001 0.0
5.13131868841 128 5.12231868841 0.009 0.008 0.001 0.0
5.30010511801 129 5.29110511801 0.009 0.008 0.001 0.0
5.30810511801 130 5.29684800477 0.0112571132401 0.008 0.001 0.00225711324011
5.31610511801 131 5.3001234792 0.0159816388121 0.008 0.001 0.00698163881205
5.32835523112 132 5.31935523112 0.009 0.008 0.001 0.0
5.37440502887 133 5.36540502887 0.009 0.008 0.001 0.0
5.44480021586 134 5.43580021586 0.009 0.008 0.001 0.0
5.46207303384 135 5.45307303384 0.009 0.008 0.001 0.0
5.48083371952 136 5.47183371952 0.009 0.008 0.001 0.0
5.69728219351 137 5.68828219351 0.009 0.008 0.001 0.0
5.75328102109 138 5.74428102109 0.009 0.008 0.001 0.0
5.76302798177 139 5.75402798177 0.009 0.008 0.001 0.0
5.79729985643 140 5.78829985643 0.009 0.008 0.001 0.0
5.80699471807 141 5.79799471807 0.009 0.008 0.001 0.0
5.81499471807 142 5.80066782328 0.014326894792 0.008 0.001 0.00532689479205
5.84823114568 143 5.83923114568 0.009 0.008 0.001 0.0
5.93047795002 144 5.92147795002 0.009 0.008 0.001 0.0
6.05019340041 145 6.04119340041 0.009 0.008 0.001 0.0
6.05819340041 146 6.0421670311 0.0160263693055 0.008 0.001 0.00702636930545
6.06619340041 147 6.045175788 0.0210176124128 0.008 0.001 0.0120176124128
6.07419340041 148 6.050768722 0.0234246784053 0.008 0.001 0.0144246784053
6.08219340041 149 6.06793024516 0.0142631552446 0.008 0.001 0.00526315524464
6.09019340041 150 6.07608325519 0.0141101452148 0.008 0.001 0.00511014521477
6.20211725978 151 6.19311725978 0.009 0.008 0.001 0.0
6.24014856994 152 6.23114856994 0.009 0.008 0.001 0.0
6.25609464679 153 6.24709464679 0.009 0.008 0.001 0.0
6.26954095193 154 6.26054095193 0.009 0.008 0.001 0.0
6.28901653475 155 6.28001653475 0.009 0.008 0.001 0.0
6.31073624676 156 6.30173624676 0.009 0.008 0.001 0.0
6.35131525572 157 6.34231525572 0.009 0.008 0.001 0.0
6.35931525572 158 6.34809536088 0.0112198948426 0.008 0.001 0.00221989484264
6.37011292288 159 6.36111292288 0.009 0.008 0.001 0.0
6.37811292288 160 6.36437338027 0.0137395426033 0.008 0.001 0.00473954260333
6.45467138941 161 6.44567138941 0.009 0.008 0.001 0.0
6.58485977222 162 6.57585977222 0.009 0.008 0.001 0.0
6.59989640767 163 6.59089640767 0.009 0.008 0.001 0.0
6.63092469619 164 6.62192469619 0.009 0.008 0.001 0.0
6.66042469988 165 6.65142469988 0.009 0.008 0.001 0.0
6.68097508784 166 6.67197508784 0.009 0.008 0.001 0.0
6.70219717578 167 6.69319717578 0.009 0.008 0.001 0.0
6.78030278064 168 6.77130278064 0.009 0.008 0.001 0.0
6.79889498303 169 6.78989498303 0.009 0.008 0.001 0.0
6.80689498303 170 6.79623671438 0.0106582686474 0.008 0.001 0.00165826864742
6.93723893256 171 6.92823893256 0.009 0.008 0.001 0.0
7.03804405591 172 7.02904405591 0.009 0.008 0.001 0.0
7.04604405591 173 7.03130352136 0.014740534545 0.008 0.001 0.00574053454504
7.21084759508 174 7.20184759508 0.009 0.008 0.001 0.0
7.37109210223 175 7.36209210223 0.009 0.008 0.001 0.0
7.39693922646 176 7.38793922646 0.009 0.008 0.001 0.0
7.41602347395 177 7.40702347395 0.009 0.008 0.001 0.0
7.42402347395 178 7.40875104201 0.0152724319354 0.008 0.001 0.00627243193544
7.44405654994 179 7.43505654994 0.009 0.008 0.001 0.0
7.47639028756 180 7.46739028756 0.009 0.008 0.001 0.0
7.49963655438 181 7.49063655438 0.009 0.008 0.001 0.0
7.53421492224 182 7.52521492224 0.009 0.008 0.001 0.0
7.54692480388 183 7.53792480388 0.009 0.008 0.001 0.0
7.57764868965 184 7.56864868965 0.009 0.008 0.001 0.0
7.60453072429 185 7.59553072429 0.009 0.008 0.001 0.0
7.62173692537 186 7.61273692537 0.009 0.008 0.001 0.0
7.64250383864 187 7.63350383864 0.009 0.008 0.001 0.0
7.65838739539 188 7.64938739539 0.009 0.008 0.001 0.0
7.68650327518 189 7.67750327518 0.009 0.008 0.001 0.0
7.69450327518 190 7.67818636263 0.0163169125505 0.008 0.001 0.00731691255045
7.74279719368 191 7.73379719368 0.009 0.008 0.001 0.0
7.8665971742 192 7.8575971742 0.009 0.008 0.001 0.0
7.90860027176 193 7.89960027176 0.009 0.008 0.001 0.0
8.04513732948 194 8.03613732948 0.009 0.008 0.001 0.0
8.12262999956 195 8.11362999956 0.009 0.008 0.001 0.0
8.30009917403 196 8.29109917403 0.009 0.008 0.001 0.0
8.37933886671 197 8.37033886671 0.009 0.008 0.001 0.0
8.44034099015 198 8.43134099015 0.009 0.008 0.001 0.0
8.44834099015 199 8.43899376342 0.00934722673082 0.008 0.001 0.000347226730815
8.45634099015 200 8.4429981337 0.0133428564521 0.008 0.001 0.00434285645208
8.51504031354 201 8.50604031354 0.009 0.008 0.001 0.0
8.52304031354 202 8.50792746373 0.0151128498038 0.008 0.001 0.00611284980383
8.60008989764 203 8.59108989764 0.009 0.008 0.001 0.0
8.64384811209 204 8.63484811209 0.009 0.008 0.001 0.0
8.65184811209 205 8.63856995586 0.0132781562269 0.008 0.001 0.00427815622693
8.65984811209 206 8.64285021694 0.0169978951482 0.008 0.001 0.00799789514823
8.66784811209 207 8.64543390299 0.0224142090924 0.008 0.001 0.0134142090924
8.67632952598 208 8.66732952598 0.009 0.008 0.001 0.0
8.77800817104 209 8.76900817104 0.009 0.008 0.001 0.0
8.78600817104 210 8.77289515179 0.0131130192544 0.008 0.001 0.00411301925437
8.79825550029 211 8.78925550029 0.009 0.008 0.001 0.0
8.8088567431 212 8.7998567431 0.009 0.008 0.001 0.0
8.88329427285 213 8.87429427285 0.009 0.008 0.001 0.0
8.94285461391 214 8.93385461391 0.009 0.008 0.001 0.0
8.95368475492 215 8.94468475492 0.009 0.008 0.001 0.0
8.99462797929 216 8.98562797929 0.009 0.008 0.001 0.0
9.07179598165 217 9.06279598165 0.009 0.008 0.001 0.0
9.14033332629 218 9.13133332629 0.009 0.008 0.001 0.0
9.14833332629 219 9.13683258392 0.0115007423704 0.008 0.001 0.0025007423704
9.20280184229 220 9.19380184229 0.009 0.008 0.001 0.0
9.28482075444 221 9.27582075444 0.009 0.008 0.001 0.0
9.34724453014 222 9.33824453014 0.009 0.008 0.001 0.0
9.38821662421 223 9.37921662421 0.009 0.008 0.001 0.0
9.42072637944 224 9.41172637944 0.009 0.008 0.001 0.0
9.44613383936 225 9.43713383936 0.009 0.008 0.001 0.0
9.50941783099 226 9.50041783099 0.009 0.008 0.001 0.0
9.59106833129 227 9.58206833129 0.009 0.008 0.001 0.0
9.60536361629 228 9.59636361629 0.009 0.008 0.001 0.0
9.66044176606 229 9.65144176606 0.009 0.008 0.001 0.0
9.67201007389 230 9.66301007389 0.009 0.008 0.001 0.0
9.68001007389 231 9.66969576944 0.0103143044562 0.008 0.001 0.00131430445616
9.68801007389 232 9.67444691421 0.0135631596851 0.008 0.001 0.00456315968514
9.71187608147 233 9.70287608147 0.009 0.008 0.001 0.0
9.75281999042 234 9.74381999042 0.009 0.008 0.001 0.0
9.76997831466 235 9.76097831466 0.009 0.008 0.001 0.0
9.79661565933 236 9.78761565933 0.009 0.008 0.001 0.0
9.80916546338 237 9.80016546338 0.009 0.008 0.001 0.0
9.8253026109 238 9.8163026109 0.009 0.008 0.001 0.0
9.84830767411 239 9.83930767411 0.009 0.008 0.001 0.0
9.86725875656 240 9.85825875656 0.009 0.008 0.001 0.0
9.92121583221 241 9.91221583221 0.009 0.008 0.001 0.0
9.92921583221 242 9.91783323627 0.0113825959406 0.008 0.001 0.00238259594056
9.94618937371 243 9.93718937371 0.009 0.008 0.001 0.0
