0.009 2 0 0.009 0.008 0.001 0
0.0259035621889 3 0.0169035621889 0.009 0.008 0.001 0.0
0.0367423148045 4 0.0277423148045 0.009 0.008 0.001 0.0
0.0447423148045 5 0.0332269739688 0.0115153408357 0.008 0.001 0.0025153408357
0.0527423148045 6 0.0427175780841 0.0100247367204 0.008 0.001 0.00102473672042
0.0607423148045 7 0.0449237288775 0.015818585927 0.008 0.001 0.00681858592699
0.0687423148045 8 0.0513981408134 0.0173441739911 0.008 0.001 0.00834417399106
0.0767423148045 9 0.0566981982122 0.0200441165923 0.008 0.001 0.0110441165923
0.0847423148045 10 0.0575333229096 0.0272089918949 0.008 0.001 0.0182089918949
0.118689271935 11 0.109689271935 0.009 0.008 0.001 0.0
0.14238921524 12 0.13338921524 0.009 0.008 0.001 0.0
0.169710939641 13 0.160710939641 0.009 0.008 0.001 0.0
0.199295779869 14 0.190295779869 0.009 0.008 0.001 0.0
0.214519758875 15 0.205519758875 0.009 0.008 0.001 0.0
0.222519758875 16 0.207180885993 0.0153388728812 0.008 0.001 0.00633887288125
0.230519758875 17 0.21840900959 0.012110749285 0.008 0.001 0.00311074928497
0.240701792692 18 0.231701792692 0.009 0.008 0.001 0.0
0.265200491286 19 0.256200491286 0.009 0.008 0.001 0.0
0.273200491286 20 0.261744028099 0.011456463187 0.008 0.001 0.00245646318702
0.321742793974 21 0.312742793974 0.009 0.008 0.001 0.0
0.363362885251 22 0.354362885251 0.009 0.008 0.001 0.0
0.410861612282 23 0.401861612282 0.009 0.008 0.001 0.0
0.418861612282 24 0.407208318008 0.0116532942731 0.008 0.001 0.00265329427315
0.451339276686 25 0.442339276686 0.009 0.008 0.001 0.0
0.467938455798 26 0.458938455798 0.009 0.008 0.001 0.0
0.510690401602 27 0.501690401602 0.009 0.008 0.001 0.0
0.552399432236 28 0.543399432236 0.009 0.008 0.001 0.0
0.571004812139 29 0.562004812139 0.009 0.008 0.001 0.0
0.618821982054 30 0.609821982054 0.009 0.008 0.001 0.0
0.655020765456 31 0.646020765456 0.009 0.008 0.001 0.0
0.710039162078 32 0.701039162078 0.009 0.008 0.001 0.0
0.744204841821 33 0.735204841821 0.009 0.008 0.001 0.0
0.752204841821 34 0.741504273491 0.0107005683308 0.008 0.001 0.00170056833075
0.763029943894 35 0.754029943894 0.009 0.008 0.001 0.0
0.771029943894 36 0.758348238222 0.012681705672 0.008 0.001 0.00368170567196
0.779029943894 37 0.766364491156 0.0126654527379 0.008 0.001 0.00366545273793
0.837664165959 38 0.828664165959 0.009 0.008 0.001 0.0
0.847093945418 39 0.838093945418 0.009 0.008 0.001 0.0
0.855093945418 40 0.840306929947 0.0147870154712 0.008 0.001 0.0057870154712
0.893426877032 41 0.884426877032 0.009 0.008 0.001 0.0
0.928517786725 42 0.919517786725 0.009 0.008 0.001 0.0
0.936517786725 43 0.919586867633 0.0169309190928 0.008 0.001 0.00793091909279
0.946605120356 44 0.937605120356 0.009 0.008 0.001 0.0
0.954605120356 45 0.941871698516 0.0127334218404 0.008 0.001 0.00373342184041
0.962605120356 46 0.952870843395 0.00973427696088 0.008 0.001 0.000734276960882
1.00280694675 47 0.993806946751 0.009 0.008 0.001 0.0
1.01080694675 48 0.999688597394 0.0111183493573 0.008 0.001 0.00211834935729
1.06147855007 49 1.05247855007 0.009 0.008 0.001 0.0
1.06947855007 50 1.05518412719 0.0142944228755 0.008 0.001 0.00529442287546
1.07747855007 51 1.05542533581 0.0220532142617 0.008 0.001 0.0130532142617
1.09289361651 52 1.08389361651 0.009 0.008 0.001 0.0
1.12801457963 53 1.11901457963 0.009 0.008 0.001 0.0
1.15663977921 54 1.14763977921 0.009 0.008 0.001 0.0
1.16923197148 55 1.16023197148 0.009 0.008 0.001 0.0
1.19507618971 56 1.18607618971 0.009 0.008 0.001 0.0
1.22079853573 57 1.21179853573 0.009 0.008 0.001 0.0
1.28478843564 58 1.27578843564 0.009 0.008 0.001 0.0
1.30730992602 59 1.29830992602 0.009 0.008 0.001 0.0
1.32087754628 60 1.31187754628 0.009 0.008 0.001 0.0
1.331374104 61 1.322374104 0.009 0.008 0.001 0.0
1.38383137852 62 1.37483137852 0.009 0.008 0.001 0.0
1.39639752509 63 1.38739752509 0.009 0.008 0.001 0.0
1.4516473517 64 1.4426473517 0.009 0.008 0.001 0.0
1.51268016074 65 1.50368016074 0.009 0.008 0.001 0.0
1.52592513585 66 1.51692513585 0.009 0.008 0.001 0.0
1.53392513585 67 1.51814749199 0.0157776438605 0.008 0.001 0.00677764386049
1.56364436868 68 1.55464436868 0.009 0.008 0.001 0.0
1.59431797152 69 1.58531797152 0.009 0.008 0.001 0.0
1.62599254223 70 1.61699254223 0.009 0.008 0.001 0.0
1.6389365574 71 1.6299365574 0.009 0.008 0.001 0.0
1.6469365574 72 1.63669830176 0.0102382556441 0.008 0.001 0.00123825564413
1.6549365574 73 1.63790164804 0.0170349093606 0.008 0.001 0.00803490936062
1.6629365574 74 1.63851285701 0.024423700391 0.008 0.001 0.015423700391
1.69265602951 75 1.68365602951 0.009 0.008 0.001 0.0
1.74845741044 76 1.73945741044 0.009 0.008 0.001 0.0
1.76625894494 77 1.75725894494 0.009 0.008 0.001 0.0
1.81261378523 78 1.80361378523 0.009 0.008 0.001 0.0
1.95531361253 79 1.94631361253 0.009 0.008 0.001 0.0
1.96331361253 80 1.94696000267 0.0163536098696 0.008 0.001 0.0073536098696
1.97131361253 81 1.9538320846 0.0174815279326 0.008 0.001 0.00848152793256
1.97931361253 82 1.96048158333 0.0188320292079 0.008 0.001 0.00983202920787
2.02095400741 83 2.01195400741 0.009 0.008 0.001 0.0
2.02895400741 84 2.01779846051 0.0111555469072 0.008 0.001 0.00215554690718
2.05097431801 85 2.04197431801 0.009 0.008 0.001 0.0
2.10551561599 86 2.09651561599 0.009 0.008 0.001 0.0
2.11351561599 87 2.09795672433 0.0155588916652 0.008 0.001 0.00655889166517
2.13648283728 88 2.12748283728 0.009 0.008 0.001 0.0
2.16108285634 89 2.15208285634 0.009 0.008 0.001 0.0
2.17078702884 90 2.16178702884 0.009 0.008 0.001 0.0
2.19158629296 91 2.18258629296 0.009 0.008 0.001 0.0
2.21057487905 92 2.20157487905 0.009 0.008 0.001 0.0
2.22697002963 93 2.21797002963 0.009 0.008 0.001 0.0
2.2934483438 94 2.2844483438 0.009 0.008 0.001 0.0
2.31030290099 95 2.30130290099 0.009 0.008 0.001 0.0
2.3844426699 96 2.3754426699 0.009 0.008 0.001 0.0
2.3924426699 97 2.3773024249 0.0151402449987 0.008 0.001 0.00614024499869
2.4004426699 98 2.37785599617 0.0225866737324 0.008 0.001 0.0135866737324
2.41213642634 99 2.40313642634 0.009 0.008 0.001 0.0
2.43434263734 100 2.42534263734 0.009 0.008 0.001 0.0
2.44577115737 101 2.43677115737 0.009 0.008 0.001 0.0
2.51304124511 102 2.50404124511 0.009 0.008 0.001 0.0
2.5299733531 103 2.5209733531 0.009 0.008 0.001 0.0
2.56382251721 104 2.55482251721 0.009 0.008 0.001 0.0
2.57247525209 105 2.56347525209 0.009 0.008 0.001 0.0
2.60761813994 106 2.59861813994 0.009 0.008 0.001 0.0
2.63271091052 107 2.62371091052 0.009 0.008 0.001 0.0
2.68351425828 108 2.67451425828 0.009 0.008 0.001 0.0
2.71932527633 109 2.71032527633 0.009 0.008 0.001 0.0
2.7452417344 110 2.7362417344 0.009 0.008 0.001 0.0
2.7532417344 111 2.74362937687 0.00961235753784 0.008 0.001 0.000612357537835
2.76194415962 112 2.75294415962 0.009 0.008 0.001 0.0
2.76994415962 113 2.75355165568 0.0163925039389 0.008 0.001 0.00739250393891
2.78385909606 114 2.77485909606 0.009 0.008 0.001 0.0
2.80157854465 115 2.79257854465 0.009 0.008 0.001 0.0
2.90150379625 116 2.89250379625 0.009 0.008 0.001 0.0
2.92371137386 117 2.91471137386 0.009 0.008 0.001 0.0
2.93171137386 118 2.91676357543 0.0149477984328 0.008 0.001 0.00594779843282
2.97029697856 119 2.96129697856 0.009 0.008 0.001 0.0
3.02676178636 120 3.01776178636 0.009 0.008 0.001 0.0
3.06258506915 121 3.05358506915 0.009 0.008 0.001 0.0
3.07058506915 122 3.05451201404 0.0160730551015 0.008 0.001 0.00707305510146
3.07858506915 123 3.06344505715 0.0151400119941 0.008 0.001 0.00614001199411
3.08658506915 124 3.0647025129 0.0218825562451 0.008 0.001 0.0128825562451
3.10710524603 125 3.09810524603 0.009 0.008 0.001 0.0
3.14792354536 126 3.13892354536 0.009 0.008 0.001 0.0
3.16652935885 127 3.15752935885 0.009 0.008 0.001 0.0
3.17452935885 128 3.16371337506 0.0108159837916 0.008 0.001 0.00181598379164
3.18354824169 129 3.17454824169 0.009 0.008 0.001 0.0
3.19154824169 130 3.1766034761 0.0149447655921 0.008 0.001 0.00594476559207
3.19954824169 131 3.18533552211 0.0142127195837 0.008 0.001 0.00521271958366
3.21588377503 132 3.20688377503 0.009 0.008 0.001 0.0
3.23883410652 133 3.22983410652 0.009 0.008 0.001 0.0
3.24683410652 134 3.23626974565 0.0105643608726 0.008 0.001 0.00156436087261
3.26603216824 135 3.25703216824 0.009 0.008 0.001 0.0
3.3351672985 136 3.3261672985 0.009 0.008 0.001 0.0
3.34834053489 137 3.33934053489 0.009 0.008 0.001 0.0
3.35634053489 138 3.34335899469 0.0129815402021 0.008 0.001 0.00398154020205
3.37685679438 139 3.36785679438 0.009 0.008 0.001 0.0
3.38485679438 140 3.37363689899 0.0112198953919 0.008 0.001 0.00221989539187
3.39285679438 141 3.38308315485 0.0097736395285 0.008 0.001 0.000773639528501
3.40085679438 142 3.38409351331 0.0167632810722 0.008 0.001 0.0077632810722
3.40885679438 143 3.3981075168 0.0107492775792 0.008 0.001 0.00174927757922
3.4234818833 144 3.4144818833 0.009 0.008 0.001 0.0
3.4314818833 145 3.41785806535 0.013623817945 0.008 0.001 0.004623817945
3.44633839636 146 3.43733839636 0.009 0.008 0.001 0.0
3.48765526154 147 3.47865526154 0.009 0.008 0.001 0.0
3.49671009374 148 3.48771009374 0.009 0.008 0.001 0.0
3.60270355977 149 3.59370355977 0.009 0.008 0.001 0.0
3.61336675623 150 3.60436675623 0.009 0.008 0.001 0.0
3.62136675623 151 3.61126234682 0.0101044094101 0.008 0.001 0.00110440941011
3.63205147002 152 3.62305147002 0.009 0.008 0.001 0.0
3.68931868509 153 3.68031868509 0.009 0.008 0.001 0.0
3.69731868509 154 3.6842327171 0.0130859679924 0.008 0.001 0.00408596799239
3.70531868509 155 3.69079517868 0.0145235064128 0.008 0.001 0.00552350641278
3.75505607786 156 3.74605607786 0.009 0.008 0.001 0.0
3.76305607786 157 3.74653263988 0.0165234379793 0.008 0.001 0.00752343797926
3.79255731699 158 3.78355731699 0.009 0.008 0.001 0.0
3.82749729493 159 3.81849729493 0.009 0.008 0.001 0.0
3.83549729493 160 3.82282080996 0.0126764849684 0.008 0.001 0.00367648496843
3.84963869411 161 3.84063869411 0.009 0.008 0.001 0.0
3.8689864035 162 3.8599864035 0.009 0.008 0.001 0.0
3.89558811214 163 3.88658811214 0.009 0.008 0.001 0.0
3.90358811214 164 3.89455833253 0.00902977960643 0.008 0.001 2.97796064341e-05
3.91158811214 165 3.89719039709 0.0143977150517 0.008 0.001 0.00539771505171
3.91958811214 166 3.90577226311 0.0138158490243 0.008 0.001 0.00481584902427
3.92758811214 167 3.91740909602 0.0101790161179 0.008 0.001 0.00117901611786
3.93558811214 168 3.91764247858 0.017945633559 0.008 0.001 0.00894563355897
3.94358811214 169 3.93253975299 0.0110483591528 0.008 0.001 0.00204835915278
3.98039848837 170 3.97139848837 0.009 0.008 0.001 0.0
4.00949693621 171 4.00049693621 0.009 0.008 0.001 0.0
4.03164629644 172 4.02264629644 0.009 0.008 0.001 0.0
4.03964629644 173 4.02547181991 0.014174476529 0.008 0.001 0.00517447652901
4.07152429833 174 4.06252429833 0.009 0.008 0.001 0.0
4.08117433069 175 4.07217433069 0.009 0.008 0.001 0.0
4.1353801857 176 4.1263801857 0.009 0.008 0.001 0.0
4.14621423058 177 4.13721423058 0.009 0.008 0.001 0.0
4.15421423058 178 4.13790241451 0.0163118160734 0.008 0.001 0.00731181607343
4.16221423058 179 4.14125531718 0.0209589134002 0.008 0.001 0.0119589134002
4.17021423058 180 4.14959866127 0.0206155693172 0.008 0.001 0.0116155693172
4.26714437385 181 4.25814437385 0.009 0.008 0.001 0.0
4.31470382636 182 4.30570382636 0.009 0.008 0.001 0.0
4.37979210096 183 4.37079210096 0.009 0.008 0.001 0.0
4.38779210096 184 4.37454263267 0.0132494682962 0.008 0.001 0.00424946829623
4.42883730119 185 4.41983730119 0.009 0.008 0.001 0.0
4.44250283792 186 4.43350283792 0.009 0.008 0.001 0.0
4.45050283792 187 4.43780774431 0.0126950936059 0.008 0.001 0.00369509360585
4.45850283792 188 4.44600881335 0.0124940245681 0.008 0.001 0.00349402456807
4.46650283792 189 4.44604670393 0.0204561339828 0.008 0.001 0.0114561339828
4.47450283792 190 4.44797711004 0.026525727881 0.008 0.001 0.017525727881
4.48404141384 191 4.47504141384 0.009 0.008 0.001 0.0
4.58282227985 192 4.57382227985 0.009 0.008 0.001 0.0
4.59778620418 193 4.58878620418 0.009 0.008 0.001 0.0
4.62684264336 194 4.61784264336 0.009 0.008 0.001 0.0
4.68598816845 195 4.67698816845 0.009 0.008 0.001 0.0
4.69398816845 196 4.6779550487 0.0160331197449 0.008 0.001 0.00703311974488
4.70666288464 197 4.69766288464 0.009 0.008 0.001 0.0
4.8720836869 198 4.8630836869 0.009 0.008 0.001 0.0
4.8800836869 199 4.86620446637 0.0138792205309 0.008 0.001 0.00487922053087
4.8880836869 200 4.8667548985 0.0213287884066 0.008 0.001 0.0123287884066
4.8960836869 201 4.88488656954 0.0111971173615 0.008 0.001 0.00219711736145
4.91849765097 202 4.90949765097 0.009 0.008 0.001 0.0
4.99601094303 203 4.98701094303 0.009 0.008 0.001 0.0
5.02108533413 204 5.01208533413 0.009 0.008 0.001 0.0
5.08253832164 205 5.07353832164 0.009 0.008 0.001 0.0
5.09506535146 206 5.08606535146 0.009 0.008 0.001 0.0
5.11175172292 207 5.10275172292 0.009 0.008 0.001 0.0
5.12927258587 208 5.12027258587 0.009 0.008 0.001 0.0
5.17698099329 209 5.16798099329 0.009 0.008 0.001 0.0
5.20533892837 210 5.19633892837 0.009 0.008 0.001 0.0
5.21333892837 211 5.19945651399 0.0138824143815 0.008 0.001 0.00488241438148
5.25173116075 212 5.24273116075 0.009 0.008 0.001 0.0
5.34587325463 213 5.33687325463 0.009 0.008 0.001 0.0
5.37406196571 214 5.36506196571 0.009 0.008 0.001 0.0
5.38206196571 215 5.37084746467 0.0112145010422 0.008 0.001 0.00221450104221
5.40037924771 216 5.39137924771 0.009 0.008 0.001 0.0
5.40837924771 217 5.39458828275 0.0137909649539 0.008 0.001 0.00479096495393
5.42914702357 218 5.42014702357 0.009 0.008 0.001 0.0
5.44882492134 219 5.43982492134 0.009 0.008 0.001 0.0
5.46223887336 220 5.45323887336 0.009 0.008 0.001 0.0
5.47023887336 221 5.45542862559 0.014810247766 0.008 0.001 0.00581024776599
5.47823887336 222 5.46769963229 0.01053924107 0.008 0.001 0.00153924107
5.49910093818 223 5.49010093818 0.009 0.008 0.001 0.0
5.50710093818 224 5.49719848731 0.0099024508702 0.008 0.001 0.0009024508702
5.51510093818 225 5.50233056574 0.012770372437 0.008 0.001 0.00377037243703
5.52549367816 226 5.51649367816 0.009 0.008 0.001 0.0
5.5581056046 227 5.5491056046 0.009 0.008 0.001 0.0
5.59661772296 228 5.58761772296 0.009 0.008 0.001 0.0
5.60461772296 229 5.59059033539 0.0140273875771 0.008 0.001 0.00502738757705
5.6146952048 230 5.6056952048 0.009 0.008 0.001 0.0
5.65152670339 231 5.64252670339 0.009 0.008 0.001 0.0
5.7844308382 232 5.7754308382 0.009 0.008 0.001 0.0
5.87001940689 233 5.86101940689 0.009 0.008 0.001 0.0
5.87801940689 234 5.86579526317 0.0122241437118 0.008 0.001 0.00322414371181
5.88601940689 235 5.87487762383 0.0111417830531 0.008 0.001 0.00214178305314
5.92640232529 236 5.91740232529 0.009 0.008 0.001 0.0
5.93440232529 237 5.92016453848 0.0142377868086 0.008 0.001 0.0052377868086
5.94969579388 238 5.94069579388 0.009 0.008 0.001 0.0
5.95769579388 239 5.94605655697 0.0116392369048 0.008 0.001 0.0026392369048
5.97100737449 240 5.96200737449 0.009 0.008 0.001 0.0
5.98044030184 241 5.97144030184 0.009 0.008 0.001 0.0
6.01853849074 242 6.00953849074 0.009 0.008 0.001 0.0
6.072351215 243 6.063351215 0.009 0.008 0.001 0.0
6.1120554562 244 6.1030554562 0.009 0.008 0.001 0.0
6.20866566447 245 6.19966566447 0.009 0.008 0.001 0.0
6.24690507799 246 6.23790507799 0.009 0.008 0.001 0.0
6.27794031349 247 6.26894031349 0.009 0.008 0.001 0.0
6.29730080389 248 6.28830080389 0.009 0.008 0.001 0.0
6.32971605569 249 6.32071605569 0.009 0.008 0.001 0.0
6.33771605569 250 6.32779581054 0.00992024514741 0.008 0.001 0.000920245147413
6.35704652687 251 6.34804652687 0.009 0.008 0.001 0.0
6.38264926049 252 6.37364926049 0.009 0.008 0.001 0.0
6.44603218542 253 6.43703218542 0.009 0.008 0.001 0.0
6.48143071707 254 6.47243071707 0.009 0.008 0.001 0.0
6.50012706063 255 6.49112706063 0.009 0.008 0.001 0.0
6.51077084717 256 6.50177084717 0.009 0.008 0.001 0.0
6.63905086269 257 6.63005086269 0.009 0.008 0.001 0.0
6.66121590878 258 6.65221590878 0.009 0.008 0.001 0.0
6.67475826101 259 6.66575826101 0.009 0.008 0.001 0.0
6.73687246324 260 6.72787246324 0.009 0.008 0.001 0.0
6.74487246324 261 6.73421654093 0.0106559223151 0.008 0.001 0.0016559223151
6.7573376217 262 6.7483376217 0.009 0.008 0.001 0.0
6.7653376217 263 6.75185810966 0.0134795120358 0.008 0.001 0.00447951203577
6.7733376217 264 6.75225545194 0.0210821697537 0.008 0.001 0.0120821697537
6.7813376217 265 6.75740393937 0.0239336823201 0.008 0.001 0.0149336823201
6.7893376217 266 6.77099521172 0.0183424099742 0.008 0.001 0.00934240997423
6.85855861689 267 6.84955861689 0.009 0.008 0.001 0.0
6.86655861689 268 6.85153635359 0.0150222632975 0.008 0.001 0.00602226329746
6.89192530493 269 6.88292530493 0.009 0.008 0.001 0.0
6.97455790162 270 6.96555790162 0.009 0.008 0.001 0.0
6.98255790162 271 6.97039207049 0.0121658311264 0.008 0.001 0.0031658311264
7.08919806861 272 7.08019806861 0.009 0.008 0.001 0.0
7.17105576636 273 7.16205576636 0.009 0.008 0.001 0.0
7.17905576636 274 7.16319914997 0.0158566163911 0.008 0.001 0.00685661639106
7.18705576636 275 7.16781378477 0.0192419815905 0.008 0.001 0.0102419815905
7.221348408 276 7.212348408 0.009 0.008 0.001 0.0
7.2329220076 277 7.2239220076 0.009 0.008 0.001 0.0
7.2409220076 278 7.22426579929 0.0166562083022 0.008 0.001 0.00765620830218
7.30363860926 279 7.29463860926 0.009 0.008 0.001 0.0
7.31511801705 280 7.30611801705 0.009 0.008 0.001 0.0
7.34185179789 281 7.33285179789 0.009 0.008 0.001 0.0
7.36883682231 282 7.35983682231 0.009 0.008 0.001 0.0
7.37683682231 283 7.36729614757 0.00954067474167 0.008 0.001 0.000540674741666
7.38483682231 284 7.36999658618 0.0148402361325 0.008 0.001 0.00584023613251
7.49187414555 285 7.48287414555 0.009 0.008 0.001 0.0
7.52074142573 286 7.51174142573 0.009 0.008 0.001 0.0
7.56906781068 287 7.56006781068 0.009 0.008 0.001 0.0
7.62917873336 288 7.62017873336 0.009 0.008 0.001 0.0
7.68634787945 289 7.67734787945 0.009 0.008 0.001 0.0
7.73671622586 290 7.72771622586 0.009 0.008 0.001 0.0
7.75705013743 291 7.74805013743 0.009 0.008 0.001 0.0
7.76505013743 292 7.74816565211 0.016884485315 0.008 0.001 0.00788448531496
7.77305013743 293 7.760519859 0.0125302784315 0.008 0.001 0.00353027843155
7.78105013743 294 7.76061088036 0.0204392570689 0.008 0.001 0.0114392570689
7.78905013743 295 7.76930607689 0.0197440605379 0.008 0.001 0.0107440605379
7.79705013743 296 7.7748593362 0.0221908012279 0.008 0.001 0.0131908012279
7.80505013743 297 7.77542013725 0.0296300001831 0.008 0.001 0.0206300001831
7.81305013743 298 7.77822294164 0.0348271957921 0.008 0.001 0.0258271957921
7.82105013743 299 7.8023129655 0.0187371719309 0.008 0.001 0.00973717193089
7.84715212626 300 7.83815212626 0.009 0.008 0.001 0.0
7.86776010419 301 7.85876010419 0.009 0.008 0.001 0.0
7.87576010419 302 7.85943564853 0.0163244556597 0.008 0.001 0.00732445565969
7.89510821015 303 7.88610821015 0.009 0.008 0.001 0.0
7.9408831489 304 7.9318831489 0.009 0.008 0.001 0.0
7.9488831489 305 7.93568363535 0.0131995135534 0.008 0.001 0.00419951355337
7.9568831489 306 7.93865344778 0.0182297011166 0.008 0.001 0.00922970111661
7.9648831489 307 7.95047996343 0.0144031854725 0.008 0.001 0.0054031854725
7.98644160143 308 7.97744160143 0.009 0.008 0.001 0.0
8.0200800432 309 8.0110800432 0.009 0.008 0.001 0.0
8.0280800432 310 8.01469752587 0.0133825173324 0.008 0.001 0.00438251733236
8.0360800432 311 8.01719292604 0.0188871171605 0.008 0.001 0.00988711716049
8.11041923167 312 8.10141923167 0.009 0.008 0.001 0.0
8.12937393382 313 8.12037393382 0.009 0.008 0.001 0.0
8.13737393382 314 8.12281260171 0.0145613321063 0.008 0.001 0.00556133210627
8.15421825582 315 8.14521825582 0.009 0.008 0.001 0.0
8.16418512833 316 8.15518512833 0.009 0.008 0.001 0.0
8.17218512833 317 8.15664410513 0.0155410231963 0.008 0.001 0.00654102319633
8.18018512833 318 8.16504641961 0.015138708712 0.008 0.001 0.00613870871203
8.22545493012 319 8.21645493012 0.009 0.008 0.001 0.0
8.23791776809 320 8.22891776809 0.009 0.008 0.001 0.0
8.2871792827 321 8.2781792827 0.009 0.008 0.001 0.0
8.2951792827 322 8.28406124663 0.0111180360685 0.008 0.001 0.00211803606846
8.32501478685 323 8.31601478685 0.009 0.008 0.001 0.0
8.41198831096 324 8.40298831096 0.009 0.008 0.001 0.0
8.45168210672 325 8.44268210672 0.009 0.008 0.001 0.0
8.48517550692 326 8.47617550692 0.009 0.008 0.001 0.0
8.49822218062 327 8.48922218062 0.009 0.008 0.001 0.0
8.50622218062 328 8.49218692004 0.0140352605818 0.008 0.001 0.00503526058185
8.51662360499 329 8.50762360499 0.009 0.008 0.001 0.0
8.52485360252 330 8.51585360252 0.009 0.008 0.001 0.0
8.55115675914 331 8.54215675914 0.009 0.008 0.001 0.0
8.61656094634 332 8.60756094634 0.009 0.008 0.001 0.0
8.64397808949 333 8.63497808949 0.009 0.008 0.001 0.0
8.71377089755 334 8.70477089755 0.009 0.008 0.001 0.0
8.73130006854 335 8.72230006854 0.009 0.008 0.001 0.0
8.73930006854 336 8.72384340634 0.0154566622007 0.008 0.001 0.00645666220066
8.74802704683 337 8.73902704683 0.009 0.008 0.001 0.0
8.7698309636 338 8.7608309636 0.009 0.008 0.001 0.0
8.78092578496 339 8.77192578496 0.009 0.008 0.001 0.0
8.79677498665 340 8.78777498665 0.009 0.008 0.001 0.0
8.8254588549 341 8.8164588549 0.009 0.008 0.001 0.0
8.89082187292 342 8.88182187292 0.009 0.008 0.001 0.0
8.90216909406 343 8.89316909406 0.009 0.008 0.001 0.0
8.94358728402 344 8.93458728402 0.009 0.008 0.001 0.0
8.96037183138 345 8.95137183138 0.009 0.008 0.001 0.0
8.98662606576 346 8.97762606576 0.009 0.008 0.001 0.0
9.00996581837 347 9.00096581837 0.009 0.008 0.001 0.0
9.02321210256 348 9.01421210256 0.009 0.008 0.001 0.0
9.03121210256 349 9.01781261896 0.0133994836059 0.008 0.001 0.00439948360587
9.0542941748 350 9.0452941748 0.009 0.008 0.001 0.0
9.07354554906 351 9.06454554906 0.009 0.008 0.001 0.0
9.09533789647 352 9.08633789647 0.009 0.008 0.001 0.0
9.10333789647 353 9.09028069753 0.0130571989404 0.008 0.001 0.00405719894045
9.11516990013 354 9.10616990013 0.009 0.008 0.001 0.0
9.15796178142 355 9.14896178142 0.009 0.008 0.001 0.0
9.22495205288 356 9.21595205288 0.009 0.008 0.001 0.0
9.24432009355 357 9.23532009355 0.009 0.008 0.001 0.0
9.32393879557 358 9.31493879557 0.009 0.008 0.001 0.0
9.38595028355 359 9.37695028355 0.009 0.008 0.001 0.0
9.39395028355 360 9.38481656411 0.00913371944135 0.008 0.001 0.000133719441354
9.40195028355 361 9.38567122455 0.0162790589967 0.008 0.001 0.00727905899666
9.41312282602 362 9.40412282602 0.009 0.008 0.001 0.0
9.48364631404 363 9.47464631404 0.009 0.008 0.001 0.0
9.49164631404 364 9.47572129737 0.0159250166702 0.008 0.001 0.00692501667023
9.50964482696 365 9.50064482696 0.009 0.008 0.001 0.0
9.51764482696 366 9.50750689911 0.0101379278515 0.008 0.001 0.00113792785149
9.55515011778 367 9.54615011778 0.009 0.008 0.001 0.0
9.56315011778 368 9.55332783566 0.00982228212355 0.008 0.001 0.000822282123554
9.5931899 369 9.5841899 0.009 0.008 0.001 0.0
9.63999037814 370 9.63099037814 0.009 0.008 0.001 0.0
9.67763954279 371 9.66863954279 0.009 0.008 0.001 0.0
9.78752767505 372 9.77852767505 0.009 0.008 0.001 0.0
9.84935178212 373 9.84035178212 0.009 0.008 0.001 0.0
9.86558041401 374 9.85658041401 0.009 0.008 0.001 0.0
9.92151708858 375 9.91251708858 0.009 0.008 0.001 0.0
9.99394268175 376 9.98494268175 0.009 0.008 0.001 0.0
