0.009 2 0 0.009 0.008 0.001 0
0.017 3 0.000100521632858 0.0168994783671 0.008 0.001 0.00789947836714
0.025 4 0.0054125637723 0.0195874362277 0.008 0.001 0.0105874362277
0.033 5 0.0151386217354 0.0178613782646 0.008 0.001 0.0088613782646
0.041 6 0.0178547946736 0.0231452053264 0.008 0.001 0.0141452053264
0.049 7 0.0246004556323 0.0243995443677 0.008 0.001 0.0153995443677
0.057 8 0.0313600171883 0.0256399828117 0.008 0.001 0.0166399828117
0.065 9 0.0354132772951 0.0295867227049 0.008 0.001 0.0205867227049
0.0817108945306 10 0.0727108945306 0.009 0.008 0.001 0.0
0.0897108945306 11 0.0748577998261 0.0148530947046 0.008 0.001 0.00585309470456
0.193942635713 12 0.184942635713 0.009 0.008 0.001 0.0
0.255559635621 13 0.246559635621 0.009 0.008 0.001 0.0
0.272652759849 14 0.263652759849 0.009 0.008 0.001 0.0
0.280652759849 15 0.271534554669 0.00911820518046 0.008 0.001 0.000118205180459
0.300462606235 16 0.291462606235 0.009 0.008 0.001 0.0
0.308462606235 17 0.293753614578 0.0147089916571 0.008 0.001 0.00570899165707
0.327558474102 18 0.318558474102 0.009 0.008 0.001 0.0
0.362062314972 19 0.353062314972 0.009 0.008 0.001 0.0
0.370062314972 20 0.359356622767 0.0107056922058 0.008 0.001 0.00170569220583
0.420079467305 21 0.411079467305 0.009 0.008 0.001 0.0
0.428079467305 22 0.417174913721 0.0109045535841 0.008 0.001 0.00190455358407
0.463112559149 23 0.454112559149 0.009 0.008 0.001 0.0
0.491569337134 24 0.482569337134 0.009 0.008 0.001 0.0
0.517522199099 25 0.508522199099 0.009 0.008 0.001 0.0
0.545977580932 26 0.536977580932 0.009 0.008 0.001 0.0
0.569444271921 27 0.560444271921 0.009 0.008 0.001 0.0
0.612668519647 28 0.603668519647 0.009 0.008 0.001 0.0
0.620668519647 29 0.607258534531 0.0134099851156 0.008 0.001 0.00440998511556
0.634858696192 30 0.625858696192 0.009 0.008 0.001 0.0
0.650450999315 31 0.641450999315 0.009 0.008 0.001 0.0
0.658450999315 32 0.643538173674 0.0149128256414 0.008 0.001 0.00591282564137
0.666450999315 33 0.650084654457 0.0163663448583 0.008 0.001 0.0073663448583
0.674450999315 34 0.665110424458 0.00934057485703 0.008 0.001 0.00034057485703
0.687155905258 35 0.678155905258 0.009 0.008 0.001 0.0
0.700872554259 36 0.691872554259 0.009 0.008 0.001 0.0
0.725032877194 37 0.716032877194 0.009 0.008 0.001 0.0
0.733032877194 38 0.719456142934 0.0135767342608 0.008 0.001 0.00457673426078
0.758433804761 39 0.749433804761 0.009 0.008 0.001 0.0
0.781220337304 40 0.772220337304 0.009 0.008 0.001 0.0
0.789220337304 41 0.778098420258 0.0111219170461 0.008 0.001 0.00212191704609
0.798980382677 42 0.789980382677 0.009 0.008 0.001 0.0
0.849124842985 43 0.840124842985 0.009 0.008 0.001 0.0
0.857124842985 44 0.841262894658 0.0158619483272 0.008 0.001 0.00686194832723
0.893680188663 45 0.884680188663 0.009 0.008 0.001 0.0
0.925532351548 46 0.916532351548 0.009 0.008 0.001 0.0
0.956878441688 47 0.947878441688 0.009 0.008 0.001 0.0
0.977430129682 48 0.968430129682 0.009 0.008 0.001 0.0
1.01100508516 49 1.00200508516 0.009 0.008 0.001 0.0
1.01979577272 50 1.01079577272 0.009 0.008 0.001 0.0
1.03897056813 51 1.02997056813 0.009 0.008 0.001 0.0
1.06878320188 52 1.05978320188 0.009 0.008 0.001 0.0
1.08382840601 53 1.07482840601 0.009 0.008 0.001 0.0
1.10997620739 54 1.10097620739 0.009 0.008 0.001 0.0
1.11797620739 55 1.10369499337 0.0142812140233 0.008 0.001 0.0052812140233
1.12618755475 56 1.11718755475 0.009 0.008 0.001 0.0
1.15195601694 57 1.14295601694 0.009 0.008 0.001 0.0
1.15995601694 58 1.14970819914 0.010247817796 0.008 0.001 0.00124781779598
1.16795601694 59 1.1522398463 0.0157161706362 0.008 0.001 0.00671617063624
1.22502484138 60 1.21602484138 0.009 0.008 0.001 0.0
1.30498331161 61 1.29598331161 0.009 0.008 0.001 0.0
1.34483899909 62 1.33583899909 0.009 0.008 0.001 0.0
1.35383059899 63 1.34483059899 0.009 0.008 0.001 0.0
1.37883048143 64 1.36983048143 0.009 0.008 0.001 0.0
1.38683048143 65 1.37329339255 0.0135370888802 0.008 0.001 0.00453708888025
1.39483048143 66 1.37867405377 0.0161564276583 0.008 0.001 0.00715642765828
1.41396400368 67 1.40496400368 0.009 0.008 0.001 0.0
1.43027748395 68 1.42127748395 0.009 0.008 0.001 0.0
1.43828084988 69 1.42928084988 0.009 0.008 0.001 0.0
1.45402987359 70 1.44502987359 0.009 0.008 0.001 0.0
1.49629529698 71 1.48729529698 0.009 0.008 0.001 0.0
1.50429529698 72 1.48754428049 0.0167510164889 0.008 0.001 0.00775101648886
1.51229529698 73 1.49841699588 0.0138783010922 0.008 0.001 0.00487830109217
1.55992837377 74 1.55092837377 0.009 0.008 0.001 0.0
1.56792837377 75 1.55356195677 0.0143664169969 0.008 0.001 0.00536641699687
1.59511141418 76 1.58611141418 0.009 0.008 0.001 0.0
1.60311141418 77 1.58724295116 0.015868463028 0.008 0.001 0.006868463028
1.61111141418 78 1.591303679 0.0198077351849 0.008 0.001 0.0108077351849
1.61911141418 79 1.59489809984 0.0242133143464 0.008 0.001 0.0152133143464
1.62711141418 80 1.60380771155 0.0233037026313 0.008 0.001 0.0143037026313
1.63511141418 81 1.61947081166 0.0156406025258 0.008 0.001 0.00664060252584
1.64311141418 82 1.62077644805 0.0223349661378 0.008 0.001 0.0133349661378
1.66112169874 83 1.65212169874 0.009 0.008 0.001 0.0
1.66912169874 84 1.65546228623 0.0136594125101 0.008 0.001 0.00465941251007
1.67712169874 85 1.66384574478 0.0132759539594 0.008 0.001 0.0042759539594
1.68512169874 86 1.66512928779 0.0199924109462 0.008 0.001 0.0109924109462
1.7160495736 87 1.7070495736 0.009 0.008 0.001 0.0
1.77608160662 88 1.76708160662 0.009 0.008 0.001 0.0
1.84984614933 89 1.84084614933 0.009 0.008 0.001 0.0
1.87565844712 90 1.86665844712 0.009 0.008 0.001 0.0
1.90585065115 91 1.89685065115 0.009 0.008 0.001 0.0
1.91385065115 92 1.8981234854 0.0157271657531 0.008 0.001 0.00672716575311
1.9283671159 93 1.9193671159 0.009 0.008 0.001 0.0
1.94400577968 94 1.93500577968 0.009 0.008 0.001 0.0
1.95200577968 95 1.94168836754 0.0103174121394 0.008 0.001 0.00131741213935
1.96000577968 96 1.94193329882 0.0180724808621 0.008 0.001 0.00907248086208
1.96800577968 97 1.95859081327 0.00941496640327 0.008 0.001 0.000414966403273
1.98260124042 98 1.97360124042 0.009 0.008 0.001 0.0
1.99918555312 99 1.99018555312 0.009 0.008 0.001 0.0
2.00718555312 100 1.99144269836 0.0157428547586 0.008 0.001 0.00674285475861
2.01518555312 101 1.99349505141 0.0216905017122 0.008 0.001 0.0126905017122
2.02318555312 102 2.00192341099 0.0212621421271 0.008 0.001 0.0122621421271
2.03118555312 103 2.00944701867 0.0217385344469 0.008 0.001 0.0127385344469
2.03918555312 104 2.01192547085 0.0272600822642 0.008 0.001 0.0182600822642
2.05137765759 105 2.04237765759 0.009 0.008 0.001 0.0
2.05937765759 106 2.04287318255 0.0165044750371 0.008 0.001 0.00750447503709
2.09208459133 107 2.08308459133 0.009 0.008 0.001 0.0
2.12738778974 108 2.11838778974 0.009 0.008 0.001 0.0
2.13538778974 109 2.1213144695 0.01407332024 0.008 0.001 0.00507332023996
2.14436771123 110 2.13536771123 0.009 0.008 0.001 0.0
2.16560226377 111 2.15660226377 0.009 0.008 0.001 0.0
2.23852785914 112 2.22952785914 0.009 0.008 0.001 0.0
2.24652785914 113 2.23010762247 0.0164202366728 0.008 0.001 0.00742023667276
2.27296351566 114 2.26396351566 0.009 0.008 0.001 0.0
2.28178712809 115 2.27278712809 0.009 0.008 0.001 0.0
2.30896839227 116 2.29996839227 0.009 0.008 0.001 0.0
2.32401933163 117 2.31501933163 0.009 0.008 0.001 0.0
2.35808256344 118 2.34908256344 0.009 0.008 0.001 0.0
2.36608256344 119 2.35704645711 0.00903610632913 0.008 0.001 3.61063291323e-05
2.39975664628 120 2.39075664628 0.009 0.008 0.001 0.0
2.41368069178 121 2.40468069178 0.009 0.008 0.001 0.0
2.44786314563 122 2.43886314563 0.009 0.008 0.001 0.0
2.45586314563 123 2.43964284707 0.0162202985613 0.008 0.001 0.00722029856132
2.46386314563 124 2.45012135663 0.0137417890091 0.008 0.001 0.00474178900908
2.47186314563 125 2.4520293065 0.0198338391304 0.008 0.001 0.0108338391304
2.50849489211 126 2.49949489211 0.009 0.008 0.001 0.0
2.51649489211 127 2.50039115007 0.0161037420362 0.008 0.001 0.00710374203625
2.52449489211 128 2.50404018565 0.0204547064568 0.008 0.001 0.0114547064568
2.55205797987 129 2.54305797987 0.009 0.008 0.001 0.0
2.56005797987 130 2.54844583517 0.0116121447 0.008 0.001 0.0026121447
2.56805797987 131 2.55049340391 0.0175645759647 0.008 0.001 0.00856457596472
2.58363607437 132 2.57463607437 0.009 0.008 0.001 0.0
2.59163607437 133 2.57780993688 0.0138261374884 0.008 0.001 0.00482613748844
2.59963607437 134 2.5816353571 0.0180007172618 0.008 0.001 0.00900071726184
2.60763607437 135 2.58248314817 0.0251529261971 0.008 0.001 0.0161529261971
2.61563607437 136 2.59435385099 0.0212822233779 0.008 0.001 0.0122822233779
2.62363607437 137 2.60135138116 0.022284693209 0.008 0.001 0.013284693209
2.67268362463 138 2.66368362463 0.009 0.008 0.001 0.0
2.69597396234 139 2.68697396234 0.009 0.008 0.001 0.0
2.70917524457 140 2.70017524457 0.009 0.008 0.001 0.0
2.7709530885 141 2.7619530885 0.009 0.008 0.001 0.0
2.79016205978 142 2.78116205978 0.009 0.008 0.001 0.0
2.82909592732 143 2.82009592732 0.009 0.008 0.001 0.0
2.83709592732 144 2.82226791155 0.0148280157695 0.008 0.001 0.00582801576949
2.8541539513 145 2.8451539513 0.009 0.008 0.001 0.0
2.86639287265 146 2.85739287265 0.009 0.008 0.001 0.0
2.88187589045 147 2.87287589045 0.009 0.008 0.001 0.0
2.897875932 148 2.888875932 0.009 0.008 0.001 0.0
2.91099563822 149 2.90199563822 0.009 0.008 0.001 0.0
2.91899563822 150 2.90279870495 0.0161969332695 0.008 0.001 0.00719693326946
2.92699563822 151 2.90430953825 0.0226860999686 0.008 0.001 0.0136860999686
2.95389181079 152 2.94489181079 0.009 0.008 0.001 0.0
3.00561142768 153 2.99661142768 0.009 0.008 0.001 0.0
3.01844999302 154 3.00944999302 0.009 0.008 0.001 0.0
3.03502056499 155 3.02602056499 0.009 0.008 0.001 0.0
3.04302056499 156 3.0287917427 0.0142288222961 0.008 0.001 0.00522882229609
3.10474648967 157 3.09574648967 0.009 0.008 0.001 0.0
3.11274648967 158 3.09660375058 0.0161427390901 0.008 0.001 0.00714273909009
3.13504437053 159 3.12604437053 0.009 0.008 0.001 0.0
3.14304437053 160 3.12952330591 0.0135210646145 0.008 0.001 0.00452106461451
3.15104437053 161 3.14075642167 0.0102879488585 0.008 0.001 0.00128794885848
3.15904437053 162 3.14695642294 0.0120879475891 0.008 0.001 0.0030879475891
3.16864245296 163 3.15964245296 0.009 0.008 0.001 0.0
3.18682737637 164 3.17782737637 0.009 0.008 0.001 0.0
3.19950038975 165 3.19050038975 0.009 0.008 0.001 0.0
3.20886762407 166 3.19986762407 0.009 0.008 0.001 0.0
3.23145766679 167 3.22245766679 0.009 0.008 0.001 0.0
3.23945766679 168 3.22655195595 0.012905710841 0.008 0.001 0.00390571084099
3.24745766679 169 3.23008300322 0.0173746635708 0.008 0.001 0.00837466357081
3.25545766679 170 3.23355509341 0.021902573383 0.008 0.001 0.012902573383
3.2974309679 171 3.2884309679 0.009 0.008 0.001 0.0
3.3054309679 172 3.2946524791 0.0107784888008 0.008 0.001 0.00177848880079
3.3134309679 173 3.29900671538 0.0144242525195 0.008 0.001 0.00542425251953
3.36512096715 174 3.35612096715 0.009 0.008 0.001 0.0
3.37507268866 175 3.36607268866 0.009 0.008 0.001 0.0
3.38307268866 176 3.3685839121 0.0144887765584 0.008 0.001 0.00548877655836
3.39107268866 177 3.37344779614 0.0176248925184 0.008 0.001 0.00862489251841
3.41091620483 178 3.40191620483 0.009 0.008 0.001 0.0
3.44608176436 179 3.43708176436 0.009 0.008 0.001 0.0
3.52518450963 180 3.51618450963 0.009 0.008 0.001 0.0
3.53504157817 181 3.52604157817 0.009 0.008 0.001 0.0
3.54792483931 182 3.53892483931 0.009 0.008 0.001 0.0
3.55603366412 183 3.54703366412 0.009 0.008 0.001 0.0
3.59013403941 184 3.58113403941 0.009 0.008 0.001 0.0
3.60253177506 185 3.59353177506 0.009 0.008 0.001 0.0
3.64706223145 186 3.63806223145 0.009 0.008 0.001 0.0
3.65851248883 187 3.64951248883 0.009 0.008 0.001 0.0
3.68999309246 188 3.68099309246 0.009 0.008 0.001 0.0
3.71685441198 189 3.70785441198 0.009 0.008 0.001 0.0
3.79350484017 190 3.78450484017 0.009 0.008 0.001 0.0
3.80150484017 191 3.79245532997 0.00904951019762 0.008 0.001 4.95101976217e-05
3.81188100111 192 3.80288100111 0.009 0.008 0.001 0.0
3.84713305415 193 3.83813305415 0.009 0.008 0.001 0.0
3.85513305415 194 3.83824906281 0.0168839913405 0.008 0.001 0.00788399134047
3.86313305415 195 3.85124011588 0.0118929382752 0.008 0.001 0.0028929382752
3.87113305415 196 3.85534829754 0.0157847566112 0.008 0.001 0.00678475661122
3.91090395319 197 3.90190395319 0.009 0.008 0.001 0.0
3.92415876087 198 3.91515876087 0.009 0.008 0.001 0.0
3.93215876087 199 3.91540678119 0.0167519796786 0.008 0.001 0.00775197967862
3.96736784834 200 3.95836784834 0.009 0.008 0.001 0.0
3.97607812173 201 3.96707812173 0.009 0.008 0.001 0.0
3.99364824221 202 3.98464824221 0.009 0.008 0.001 0.0
4.01268419854 203 4.00368419854 0.009 0.008 0.001 0.0
4.02223037653 204 4.01323037653 0.009 0.008 0.001 0.0
4.03023037653 205 4.01411353927 0.0161168372591 0.008 0.001 0.00711683725915
4.03823037653 206 4.02759203695 0.0106383395819 0.008 0.001 0.00163833958189
4.04623037653 207 4.03465830624 0.0115720702913 0.008 0.001 0.00257207029131
4.05423037653 208 4.03605148861 0.0181788879201 0.008 0.001 0.0091788879201
4.06223037653 209 4.04904481777 0.0131855587646 0.008 0.001 0.0041855587646
4.08896296398 210 4.07996296398 0.009 0.008 0.001 0.0
4.09950354854 211 4.09050354854 0.009 0.008 0.001 0.0
4.10750354854 212 4.09201009064 0.0154934578922 0.008 0.001 0.00649345789221
4.13785219151 213 4.12885219151 0.009 0.008 0.001 0.0
4.14585219151 214 4.12933029365 0.0165218978604 0.008 0.001 0.00752189786039
4.16198393563 215 4.15298393563 0.009 0.008 0.001 0.0
4.18723585492 216 4.17823585492 0.009 0.008 0.001 0.0
4.19523585492 217 4.1827357211 0.0125001338196 0.008 0.001 0.00350013381956
4.20323585492 218 4.18649525023 0.0167406046878 0.008 0.001 0.00774060468782
4.22251411709 219 4.21351411709 0.009 0.008 0.001 0.0
4.24990980941 220 4.24090980941 0.009 0.008 0.001 0.0
4.31035949449 221 4.30135949449 0.009 0.008 0.001 0.0
4.33444832006 222 4.32544832006 0.009 0.008 0.001 0.0
4.36114406891 223 4.35214406891 0.009 0.008 0.001 0.0
4.36914406891 224 4.35788416968 0.0112598992319 0.008 0.001 0.00225989923191
4.39901512519 225 4.39001512519 0.009 0.008 0.001 0.0
4.42171559366 226 4.41271559366 0.009 0.008 0.001 0.0
4.42971559366 227 4.41569406847 0.0140215251856 0.008 0.001 0.00502152518557
4.5192513495 228 4.5102513495 0.009 0.008 0.001 0.0
4.53109668562 229 4.52209668562 0.009 0.008 0.001 0.0
4.54463745186 230 4.53563745186 0.009 0.008 0.001 0.0
4.55263745186 231 4.53636145135 0.0162760005052 0.008 0.001 0.00727600050515
4.56063745186 232 4.54008353435 0.0205539175092 0.008 0.001 0.0115539175092
4.56863745186 233 4.54152335903 0.0271140928321 0.008 0.001 0.0181140928321
4.57663745186 234 4.54280947804 0.0338279738193 0.008 0.001 0.0248279738193
4.58463745186 235 4.54541838598 0.0392190658808 0.008 0.001 0.0302190658808
4.59263745186 236 4.5517502846 0.0408871672641 0.008 0.001 0.0318871672641
4.60063745186 237 4.58821479293 0.0124226589306 0.008 0.001 0.00342265893057
4.6154975746 238 4.6064975746 0.009 0.008 0.001 0.0
4.6494153133 239 4.6404153133 0.009 0.008 0.001 0.0
4.6574153133 240 4.64406238425 0.0133529290492 0.008 0.001 0.00435292904919
4.6654153133 241 4.64685570162 0.0185596116799 0.008 0.001 0.00955961167994
4.70403826611 242 4.69503826611 0.009 0.008 0.001 0.0
4.71203826611 243 4.69787242084 0.0141658452679 0.008 0.001 0.00516584526787
4.72003826611 244 4.69815544131 0.0218828247991 0.008 0.001 0.0128828247991
4.77747488776 245 4.76847488776 0.009 0.008 0.001 0.0
4.78547488776 246 4.76957092307 0.015903964688 0.008 0.001 0.00690396468802
4.79347488776 247 4.77460499777 0.0188698899937 0.008 0.001 0.00986988999367
4.80147488776 248 4.79070949155 0.0107653962136 0.008 0.001 0.00176539621359
4.81760268248 249 4.80860268248 0.009 0.008 0.001 0.0
4.82560268248 250 4.80901089381 0.0165917886728 0.008 0.001 0.00759178867279
4.83591410892 251 4.82691410892 0.009 0.008 0.001 0.0
4.87979447764 252 4.87079447764 0.009 0.008 0.001 0.0
4.91574858246 253 4.90674858246 0.009 0.008 0.001 0.0
4.93660669554 254 4.92760669554 0.009 0.008 0.001 0.0
4.94857036746 255 4.93957036746 0.009 0.008 0.001 0.0
4.95657036746 256 4.94638822369 0.0101821437709 0.008 0.001 0.00118214377087
4.96457036746 257 4.95145334091 0.0131170265487 0.008 0.001 0.00411702654868
5.00115419448 258 4.99215419448 0.009 0.008 0.001 0.0
5.00915419448 259 4.99401013425 0.0151440602341 0.008 0.001 0.0061440602341
5.01715419448 260 4.99840386534 0.018750329143 0.008 0.001 0.00975032914301
5.03074329906 261 5.02174329906 0.009 0.008 0.001 0.0
5.04466793477 262 5.03566793477 0.009 0.008 0.001 0.0
5.05266793477 263 5.04024854659 0.012419388184 0.008 0.001 0.00341938818397
5.06654742786 264 5.05754742786 0.009 0.008 0.001 0.0
5.1573202964 265 5.1483202964 0.009 0.008 0.001 0.0
5.19949060343 266 5.19049060343 0.009 0.008 0.001 0.0
5.22638468034 267 5.21738468034 0.009 0.008 0.001 0.0
5.28349144168 268 5.27449144168 0.009 0.008 0.001 0.0
5.29149144168 269 5.27548697819 0.0160044634856 0.008 0.001 0.00700446348559
5.30053749052 270 5.29153749052 0.009 0.008 0.001 0.0
5.30853749052 271 5.295752606 0.0127848845187 0.008 0.001 0.00378488451873
5.32177074776 272 5.31277074776 0.009 0.008 0.001 0.0
5.34624428687 273 5.33724428687 0.009 0.008 0.001 0.0
5.35987451958 274 5.35087451958 0.009 0.008 0.001 0.0
5.41550892225 275 5.40650892225 0.009 0.008 0.001 0.0
5.42350892225 276 5.41131725192 0.0121916703297 0.008 0.001 0.00319167032969
5.45597125795 277 5.44697125795 0.009 0.008 0.001 0.0
5.47299732445 278 5.46399732445 0.009 0.008 0.001 0.0
5.48099732445 279 5.46696576102 0.0140315634237 0.008 0.001 0.00503156342372
5.48899732445 280 5.47505103952 0.0139462849315 0.008 0.001 0.00494628493149
5.49699732445 281 5.48435818649 0.0126391379608 0.008 0.001 0.00363913796077
5.50708598516 282 5.49808598516 0.009 0.008 0.001 0.0
5.52017550726 283 5.51117550726 0.009 0.008 0.001 0.0
5.53661202788 284 5.52761202788 0.009 0.008 0.001 0.0
5.54461202788 285 5.53503015208 0.00958187580502 0.008 0.001 0.000581875805019
5.56746425568 286 5.55846425568 0.009 0.008 0.001 0.0
5.57869077609 287 5.56969077609 0.009 0.008 0.001 0.0
5.58682130856 288 5.57782130856 0.009 0.008 0.001 0.0
5.60050274423 289 5.59150274423 0.009 0.008 0.001 0.0
5.60850274423 290 5.59180326198 0.0166994822546 0.008 0.001 0.00769948225457
5.61650274423 291 5.59586713222 0.020635612014 0.008 0.001 0.011635612014
5.62450274423 292 5.60912762128 0.0153751229499 0.008 0.001 0.00637512294995
5.63901845429 293 5.63001845429 0.009 0.008 0.001 0.0
5.70236354812 294 5.69336354812 0.009 0.008 0.001 0.0
5.71036354812 295 5.69856270022 0.0118008479001 0.008 0.001 0.00280084790009
5.7385021668 296 5.7295021668 0.009 0.008 0.001 0.0
5.76482854172 297 5.75582854172 0.009 0.008 0.001 0.0
5.77826760747 298 5.76926760747 0.009 0.008 0.001 0.0
5.7968022791 299 5.7878022791 0.009 0.008 0.001 0.0
5.8048022791 300 5.79395579225 0.0108464868481 0.008 0.001 0.00184648684806
5.85882338303 301 5.84982338303 0.009 0.008 0.001 0.0
5.86682338303 302 5.85288488256 0.0139385004764 0.008 0.001 0.00493850047635
5.88526295383 303 5.87626295383 0.009 0.008 0.001 0.0
5.89330491284 304 5.88430491284 0.009 0.008 0.001 0.0
5.90130491284 305 5.89072252984 0.0105823829971 0.008 0.001 0.00158238299713
5.92656906687 306 5.91756906687 0.009 0.008 0.001 0.0
5.95757132109 307 5.94857132109 0.009 0.008 0.001 0.0
5.96557132109 308 5.94862509652 0.0169462245709 0.008 0.001 0.00794622457093
5.97357132109 309 5.9488794318 0.0246918892973 0.008 0.001 0.0156918892973
5.98276341876 310 5.97376341876 0.009 0.008 0.001 0.0
5.99076341876 311 5.97653732277 0.0142260959903 0.008 0.001 0.00522609599035
6.02828549526 312 6.01928549526 0.009 0.008 0.001 0.0
6.03628549526 313 6.02539822388 0.0108872713856 0.008 0.001 0.00188727138559
6.04680795392 314 6.03780795392 0.009 0.008 0.001 0.0
6.07825759983 315 6.06925759983 0.009 0.008 0.001 0.0
6.08651013585 316 6.07751013585 0.009 0.008 0.001 0.0
6.09451013585 317 6.08145355039 0.0130565854585 0.008 0.001 0.00405658545855
6.10251013585 318 6.09158839023 0.0109217456235 0.008 0.001 0.00192174562354
6.12392384566 319 6.11492384566 0.009 0.008 0.001 0.0
6.14380127798 320 6.13480127798 0.009 0.008 0.001 0.0
6.16316126239 321 6.15416126239 0.009 0.008 0.001 0.0
6.2032348597 322 6.1942348597 0.009 0.008 0.001 0.0
6.23635003259 323 6.22735003259 0.009 0.008 0.001 0.0
6.24435003259 324 6.23130487114 0.0130451614566 0.008 0.001 0.00404516145662
6.25235003259 325 6.24044993638 0.0119000962099 0.008 0.001 0.00290009620993
6.27550992341 326 6.26650992341 0.009 0.008 0.001 0.0
6.28350992341 327 6.26855313526 0.0149567881476 0.008 0.001 0.00595678814764
6.29150992341 328 6.27378871089 0.0177212125188 0.008 0.001 0.00872121251877
6.29950992341 329 6.27622813075 0.0232817926608 0.008 0.001 0.0142817926608
6.30750992341 330 6.28519830316 0.0223116202493 0.008 0.001 0.0133116202493
6.31550992341 331 6.29327035833 0.0222395650847 0.008 0.001 0.0132395650847
6.32350992341 332 6.29823744633 0.0252724770801 0.008 0.001 0.0162724770801
6.34040669567 333 6.33140669567 0.009 0.008 0.001 0.0
6.34840669567 334 6.33304900367 0.0153576920074 0.008 0.001 0.00635769200744
6.36022144821 335 6.35122144821 0.009 0.008 0.001 0.0
6.40423231657 336 6.39523231657 0.009 0.008 0.001 0.0
6.4183955065 337 6.4093955065 0.009 0.008 0.001 0.0
6.46389723434 338 6.45489723434 0.009 0.008 0.001 0.0
6.47897809005 339 6.46997809005 0.009 0.008 0.001 0.0
6.48914080511 340 6.48014080511 0.009 0.008 0.001 0.0
6.50012855484 341 6.49112855484 0.009 0.008 0.001 0.0
6.53814400547 342 6.52914400547 0.009 0.008 0.001 0.0
6.5588898026 343 6.5498898026 0.009 0.008 0.001 0.0
6.58860746539 344 6.57960746539 0.009 0.008 0.001 0.0
6.65894019251 345 6.64994019251 0.009 0.008 0.001 0.0
6.67344041247 346 6.66444041247 0.009 0.008 0.001 0.0
6.71348682429 347 6.70448682429 0.009 0.008 0.001 0.0
6.73918715338 348 6.73018715338 0.009 0.008 0.001 0.0
6.75070044558 349 6.74170044558 0.009 0.008 0.001 0.0
6.75870044558 350 6.74782501216 0.0108754334234 0.008 0.001 0.00187543342336
6.76670044558 351 6.75112894448 0.0155715011074 0.008 0.001 0.00657150110741
6.7771137215 352 6.7681137215 0.009 0.008 0.001 0.0
6.79322196694 353 6.78422196694 0.009 0.008 0.001 0.0
6.80122196694 354 6.78916069911 0.0120612678323 0.008 0.001 0.00306126783232
6.83609603432 355 6.82709603432 0.009 0.008 0.001 0.0
6.84957619006 356 6.84057619006 0.009 0.008 0.001 0.0
6.89937077086 357 6.89037077086 0.009 0.008 0.001 0.0
6.91443376153 358 6.90543376153 0.009 0.008 0.001 0.0
6.94983980927 359 6.94083980927 0.009 0.008 0.001 0.0
6.98448779194 360 6.97548779194 0.009 0.008 0.001 0.0
6.99248779194 361 6.97682646153 0.0156613304148 0.008 0.001 0.00666133041478
7.03385067525 362 7.02485067525 0.009 0.008 0.001 0.0
7.05251857822 363 7.04351857822 0.009 0.008 0.001 0.0
7.10075045085 364 7.09175045085 0.009 0.008 0.001 0.0
7.15996542436 365 7.15096542436 0.009 0.008 0.001 0.0
7.16796542436 366 7.15423152644 0.0137338979295 0.008 0.001 0.0047338979295
7.18062457874 367 7.17162457874 0.009 0.008 0.001 0.0
7.19242743008 368 7.18342743008 0.009 0.008 0.001 0.0
7.20483075223 369 7.19583075223 0.009 0.008 0.001 0.0
7.21283075223 370 7.19721294061 0.0156178116213 0.008 0.001 0.00661781162128
7.22083075223 371 7.20982348952 0.0110072627093 0.008 0.001 0.00200726270931
7.22883075223 372 7.21481094416 0.0140198080683 0.008 0.001 0.00501980806834
7.24355955585 373 7.23455955585 0.009 0.008 0.001 0.0
7.25155955585 374 7.24023774553 0.0113218103235 0.008 0.001 0.00232181032353
7.25955955585 375 7.24642346019 0.013136095663 0.008 0.001 0.00413609566302
7.26755955585 376 7.24770190096 0.0198576548867 0.008 0.001 0.0108576548867
7.27555955585 377 7.2536424194 0.0219171364545 0.008 0.001 0.0129171364545
7.28355955585 378 7.26437255608 0.0191869997666 0.008 0.001 0.0101869997666
7.29549241218 379 7.28649241218 0.009 0.008 0.001 0.0
7.31417321616 380 7.30517321616 0.009 0.008 0.001 0.0
7.32786708199 381 7.31886708199 0.009 0.008 0.001 0.0
7.33586708199 382 7.32004573422 0.0158213477704 0.008 0.001 0.00682134777042
7.34996769027 383 7.34096769027 0.009 0.008 0.001 0.0
7.37707933637 384 7.36807933637 0.009 0.008 0.001 0.0
7.39363066316 385 7.38463066316 0.009 0.008 0.001 0.0
7.42496876308 386 7.41596876308 0.009 0.008 0.001 0.0
7.43306633752 387 7.42406633752 0.009 0.008 0.001 0.0
7.44319905288 388 7.43419905288 0.009 0.008 0.001 0.0
7.49053165262 389 7.48153165262 0.009 0.008 0.001 0.0
7.55258617116 390 7.54358617116 0.009 0.008 0.001 0.0
7.59560670101 391 7.58660670101 0.009 0.008 0.001 0.0
7.64555570307 392 7.63655570307 0.009 0.008 0.001 0.0
7.65355570307 393 7.63986696032 0.0136887427486 0.008 0.001 0.00468874274864
7.66155570307 394 7.64715905507 0.0143966480012 0.008 0.001 0.00539664800124
7.66955570307 395 7.65820404722 0.011351655855 0.008 0.001 0.00235165585499
7.67974235037 396 7.67074235037 0.009 0.008 0.001 0.0
7.74574657785 397 7.73674657785 0.009 0.008 0.001 0.0
7.76986670304 398 7.76086670304 0.009 0.008 0.001 0.0
7.77881049115 399 7.76981049115 0.009 0.008 0.001 0.0
7.78681049115 400 7.77259149047 0.0142190006776 0.008 0.001 0.0052190006776
7.82620985514 401 7.81720985514 0.009 0.008 0.001 0.0
7.850804246 402 7.841804246 0.009 0.008 0.001 0.0
7.91121695421 403 7.90221695421 0.009 0.008 0.001 0.0
7.93175271394 404 7.92275271394 0.009 0.008 0.001 0.0
7.94616082604 405 7.93716082604 0.009 0.008 0.001 0.0
7.97176840099 406 7.96276840099 0.009 0.008 0.001 0.0
8.03297747751 407 8.02397747751 0.009 0.008 0.001 0.0
8.07025406627 408 8.06125406627 0.009 0.008 0.001 0.0
8.08548827503 409 8.07648827503 0.009 0.008 0.001 0.0
8.09348827503 410 8.07722067686 0.0162675981718 0.008 0.001 0.00726759817178
8.10148827503 411 8.08679747135 0.0146908036812 0.008 0.001 0.00569080368117
8.1195283004 412 8.1105283004 0.009 0.008 0.001 0.0
8.13832792017 413 8.12932792017 0.009 0.008 0.001 0.0
8.14632792017 414 8.12986195083 0.0164659693375 0.008 0.001 0.0074659693375
8.15432792017 415 8.13876937523 0.0155585449351 0.008 0.001 0.00655854493515
8.17256770269 416 8.16356770269 0.009 0.008 0.001 0.0
8.22123255485 417 8.21223255485 0.009 0.008 0.001 0.0
8.22923255485 418 8.21854548588 0.0106870689658 0.008 0.001 0.00168706896582
8.24735461503 419 8.23835461503 0.009 0.008 0.001 0.0
8.2579943199 420 8.2489943199 0.009 0.008 0.001 0.0
8.33290651394 421 8.32390651394 0.009 0.008 0.001 0.0
8.34106925268 422 8.33206925268 0.009 0.008 0.001 0.0
8.39704899811 423 8.38804899811 0.009 0.008 0.001 0.0
8.40504899811 424 8.39473531726 0.010313680841 0.008 0.001 0.00131368084097
8.41304899811 425 8.39825455251 0.0147944455942 0.008 0.001 0.00579444559418
8.42104899811 426 8.40223338084 0.018815617266 0.008 0.001 0.00981561726602
8.43754260657 427 8.42854260657 0.009 0.008 0.001 0.0
8.44554260657 428 8.42908723942 0.016455367151 0.008 0.001 0.00745536715102
8.45354260657 429 8.43116162657 0.022380979996 0.008 0.001 0.013380979996
8.46154260657 430 8.43642537686 0.0251172297127 0.008 0.001 0.0161172297127
8.46954260657 431 8.43919474322 0.0303478633486 0.008 0.001 0.0213478633486
8.47754260657 432 8.4648058121 0.0127367944723 0.008 0.001 0.0037367944723
8.49026605811 433 8.48126605811 0.009 0.008 0.001 0.0
8.58507080539 434 8.57607080539 0.009 0.008 0.001 0.0
8.62535875458 435 8.61635875458 0.009 0.008 0.001 0.0
8.66294508053 436 8.65394508053 0.009 0.008 0.001 0.0
8.67094508053 437 8.65814977998 0.0127953005543 0.008 0.001 0.00379530055428
8.67894508053 438 8.66393616477 0.0150089157591 0.008 0.001 0.00600891575914
8.68942264684 439 8.68042264684 0.009 0.008 0.001 0.0
8.69742264684 440 8.68756953201 0.00985311483173 0.008 0.001 0.000853114831735
8.70542264684 441 8.68887354309 0.0165491037468 0.008 0.001 0.00754910374679
8.71342264684 442 8.69787856844 0.015544078396 0.008 0.001 0.00654407839599
8.72142264684 443 8.70179077591 0.0196318709256 0.008 0.001 0.0106318709256
8.72942264684 444 8.71305100435 0.0163716424831 0.008 0.001 0.00737164248312
8.75739873051 445 8.74839873051 0.009 0.008 0.001 0.0
8.7883246218 446 8.7793246218 0.009 0.008 0.001 0.0
8.7963246218 447 8.78006077803 0.016263843765 0.008 0.001 0.00726384376496
8.84492111543 448 8.83592111543 0.009 0.008 0.001 0.0
8.86797658405 449 8.85897658405 0.009 0.008 0.001 0.0
8.88462217621 450 8.87562217621 0.009 0.008 0.001 0.0
8.92151323052 451 8.91251323052 0.009 0.008 0.001 0.0
8.93369903249 452 8.92469903249 0.009 0.008 0.001 0.0
8.94169903249 453 8.92490037188 0.0167986606112 0.008 0.001 0.00779866061117
8.95564021839 454 8.94664021839 0.009 0.008 0.001 0.0
8.97258265761 455 8.96358265761 0.009 0.008 0.001 0.0
8.98441711925 456 8.97541711925 0.009 0.008 0.001 0.0
8.99912411606 457 8.99012411606 0.009 0.008 0.001 0.0
9.00712411606 458 8.99315771871 0.0139663973498 0.008 0.001 0.0049663973498
9.01512411606 459 8.99394902746 0.0211750885986 0.008 0.001 0.0121750885986
9.02312411606 460 8.99907240525 0.0240517108097 0.008 0.001 0.0150517108097
9.03112411606 461 8.99983131153 0.0312928045243 0.008 0.001 0.0222928045243
9.03912411606 462 9.00016816142 0.0389559546426 0.008 0.001 0.0299559546426
9.04712411606 463 9.02902515181 0.0180989642491 0.008 0.001 0.00909896424911
9.08769435908 464 9.07869435908 0.009 0.008 0.001 0.0
9.10200599173 465 9.09300599173 0.009 0.008 0.001 0.0
9.14385816908 466 9.13485816908 0.009 0.008 0.001 0.0
9.17556653767 467 9.16656653767 0.009 0.008 0.001 0.0
9.20539855334 468 9.19639855334 0.009 0.008 0.001 0.0
9.21447246758 469 9.20547246758 0.009 0.008 0.001 0.0
9.22247246758 470 9.21052631252 0.0119461550522 0.008 0.001 0.00294615505221
9.24938302982 471 9.24038302982 0.009 0.008 0.001 0.0
9.25922572096 472 9.25022572096 0.009 0.008 0.001 0.0
9.27187980312 473 9.26287980312 0.009 0.008 0.001 0.0
9.28151457581 474 9.27251457581 0.009 0.008 0.001 0.0
9.28951457581 475 9.27300793967 0.016506636133 0.008 0.001 0.00750663613296
9.3165239225 476 9.3075239225 0.009 0.008 0.001 0.0
9.3588478176 477 9.3498478176 0.009 0.008 0.001 0.0
9.37519514156 478 9.36619514156 0.009 0.008 0.001 0.0
9.41619405359 479 9.40719405359 0.009 0.008 0.001 0.0
9.42419405359 480 9.40898547172 0.0152085818703 0.008 0.001 0.00620858187034
9.43219405359 481 9.41336277305 0.0188312805464 0.008 0.001 0.00983128054644
9.45198359844 482 9.44298359844 0.009 0.008 0.001 0.0
9.50576387692 483 9.49676387692 0.009 0.008 0.001 0.0
9.51376387692 484 9.50042856767 0.013335309256 0.008 0.001 0.00433530925596
9.52999118478 485 9.52099118478 0.009 0.008 0.001 0.0
9.53799118478 486 9.52819491983 0.00979626494759 0.008 0.001 0.000796264947594
9.57015171848 487 9.56115171848 0.009 0.008 0.001 0.0
9.57883693596 488 9.56983693596 0.009 0.008 0.001 0.0
9.59152354773 489 9.58252354773 0.009 0.008 0.001 0.0
9.60540408756 490 9.59640408756 0.009 0.008 0.001 0.0
9.61518114293 491 9.60618114293 0.009 0.008 0.001 0.0
9.67110202348 492 9.66210202348 0.009 0.008 0.001 0.0
9.68563473656 493 9.67663473656 0.009 0.008 0.001 0.0
9.69479587457 494 9.68579587457 0.009 0.008 0.001 0.0
9.71839102637 495 9.70939102637 0.009 0.008 0.001 0.0
9.73524433734 496 9.72624433734 0.009 0.008 0.001 0.0
9.74324433734 497 9.72934891866 0.0138954186818 0.008 0.001 0.00489541868179
9.76260065396 498 9.75360065396 0.009 0.008 0.001 0.0
9.79425083472 499 9.78525083472 0.009 0.008 0.001 0.0
9.80391165668 500 9.79491165668 0.009 0.008 0.001 0.0
9.91916170716 501 9.91016170716 0.009 0.008 0.001 0.0
9.95904315426 502 9.95004315426 0.009 0.008 0.001 0.0
10.0033357405 503 9.99433574049 0.009 0.008 0.001 0.0
