0.009 2 0 0.009 0.008 0.001 0
0.017 3 0.00204877649727 0.0149512235027 0.008 0.001 0.00595122350273
0.0294744712983 4 0.0204744712983 0.009 0.008 0.001 0.0
0.0374744712983 5 0.0233750205609 0.0140994507374 0.008 0.001 0.00509945073738
0.0454744712983 6 0.0248544818611 0.0206199894372 0.008 0.001 0.0116199894372
0.0534744712983 7 0.0350448789914 0.0184295923069 0.008 0.001 0.00942959230686
0.0614744712983 8 0.036834760983 0.0246397103152 0.008 0.001 0.0156397103152
0.0694744712983 9 0.0595326951999 0.00994177609831 0.008 0.001 0.000941776098312
0.0774744712983 10 0.0625392681319 0.0149352031664 0.008 0.001 0.00593520316636
0.119119405771 11 0.110119405771 0.009 0.008 0.001 0.0
0.173119147002 12 0.164119147002 0.009 0.008 0.001 0.0
0.181119147002 13 0.167786248801 0.0133328982001 0.008 0.001 0.0043328982001
0.228699711762 14 0.219699711762 0.009 0.008 0.001 0.0
0.236699711762 15 0.22196206886 0.0147376429018 0.008 0.001 0.00573764290176
0.250391350292 16 0.241391350292 0.009 0.008 0.001 0.0
0.260234222731 17 0.251234222731 0.009 0.008 0.001 0.0
0.270038056943 18 0.261038056943 0.009 0.008 0.001 0.0
0.28224640823 19 0.27324640823 0.009 0.008 0.001 0.0
0.29024640823 20 0.27422995805 0.0160164501795 0.008 0.001 0.00701645017946
0.29824640823 21 0.280332994336 0.0179134138937 0.008 0.001 0.00891341389366
0.30624640823 22 0.284014135051 0.0222322731786 0.008 0.001 0.0132322731786
0.31424640823 23 0.294504423436 0.0197419847935 0.008 0.001 0.0107419847935
0.32224640823 24 0.307656471908 0.0145899363218 0.008 0.001 0.00558993632179
0.33024640823 25 0.308174025871 0.0220723823588 0.008 0.001 0.0130723823588
0.33824640823 26 0.312554195828 0.0256922124022 0.008 0.001 0.0166922124022
0.34624640823 27 0.337083139157 0.00916326907312 0.008 0.001 0.00016326907312
0.354259732368 28 0.345259732368 0.009 0.008 0.001 0.0
0.388854552225 29 0.379854552225 0.009 0.008 0.001 0.0
0.40273085383 30 0.39373085383 0.009 0.008 0.001 0.0
0.41073085383 31 0.394335426602 0.0163954272283 0.008 0.001 0.00739542722833
0.41873085383 32 0.395883417073 0.0228474367572 0.008 0.001 0.0138474367572
0.438942721334 33 0.429942721334 0.009 0.008 0.001 0.0
0.447073820442 34 0.438073820442 0.009 0.008 0.001 0.0
0.48332964946 35 0.47432964946 0.009 0.008 0.001 0.0
0.498448948959 36 0.489448948959 0.009 0.008 0.001 0.0
0.519617101715 37 0.510617101715 0.009 0.008 0.001 0.0
0.527617101715 38 0.512520990742 0.0150961109729 0.008 0.001 0.00609611097292
0.535617101715 39 0.520788637984 0.0148284637318 0.008 0.001 0.00582846373176
0.543617101715 40 0.529096469098 0.0145206326172 0.008 0.001 0.00552063261721
0.585515061392 41 0.576515061392 0.009 0.008 0.001 0.0
0.677865052969 42 0.668865052969 0.009 0.008 0.001 0.0
0.690059684031 43 0.681059684031 0.009 0.008 0.001 0.0
0.704944120176 44 0.695944120176 0.009 0.008 0.001 0.0
0.713513909706 45 0.704513909706 0.009 0.008 0.001 0.0
0.721622107718 46 0.712622107718 0.009 0.008 0.001 0.0
0.731316697266 47 0.722316697266 0.009 0.008 0.001 0.0
0.739316697266 48 0.724498762254 0.0148179350116 0.008 0.001 0.00581793501161
0.749165846283 49 0.740165846283 0.009 0.008 0.001 0.0
0.762400963615 50 0.753400963615 0.009 0.008 0.001 0.0
0.770400963615 51 0.756927795106 0.0134731685089 0.008 0.001 0.00447316850893
0.778400963615 52 0.768642753293 0.00975821032152 0.008 0.001 0.000758210321524
0.786400963615 53 0.769364022301 0.0170369413135 0.008 0.001 0.00803694131352
0.794400963615 54 0.774699699691 0.0197012639238 0.008 0.001 0.0107012639238
0.806180380758 55 0.797180380758 0.009 0.008 0.001 0.0
0.818874175603 56 0.809874175603 0.009 0.008 0.001 0.0
0.826874175603 57 0.816003777982 0.010870397621 0.008 0.001 0.00187039762101
0.834874175603 58 0.82200516324 0.0128690123626 0.008 0.001 0.0038690123626
0.842874175603 59 0.827771952189 0.0151022234135 0.008 0.001 0.00610222341352
0.850874175603 60 0.828358288893 0.02251588671 0.008 0.001 0.01351588671
0.858874175603 61 0.835269651127 0.0236045244753 0.008 0.001 0.0146045244753
0.866874175603 62 0.852111547619 0.0147626279834 0.008 0.001 0.00576262798338
0.874874175603 63 0.865452891544 0.0094212840591 0.008 0.001 0.000421284059098
0.882874175603 64 0.871280319095 0.011593856508 0.008 0.001 0.00259385650795
0.890874175603 65 0.874550555887 0.0163236197157 0.008 0.001 0.00732361971567
0.904486692687 66 0.895486692687 0.009 0.008 0.001 0.0
0.912889892503 67 0.903889892503 0.009 0.008 0.001 0.0
0.92367274712 68 0.91467274712 0.009 0.008 0.001 0.0
0.93167274712 69 0.915345020322 0.0163277267973 0.008 0.001 0.00732772679728
0.93967274712 70 0.929550034146 0.0101227129734 0.008 0.001 0.00112271297343
0.94767274712 71 0.933528126443 0.0141446206767 0.008 0.001 0.00514462067669
0.975541171751 72 0.966541171751 0.009 0.008 0.001 0.0
0.983541171751 73 0.968459995225 0.0150811765265 0.008 0.001 0.00608117652653
0.991541171751 74 0.979808388693 0.0117327830579 0.008 0.001 0.00273278305787
1.00127751411 75 0.992277514109 0.009 0.008 0.001 0.0
1.03148972397 76 1.02248972397 0.009 0.008 0.001 0.0
1.12291827978 77 1.11391827978 0.009 0.008 0.001 0.0
1.13091827978 78 1.12020684903 0.0107114307492 0.008 0.001 0.00171143074923
1.14013017933 79 1.13113017933 0.009 0.008 0.001 0.0
1.15009542141 80 1.14109542141 0.009 0.008 0.001 0.0
1.15809542141 81 1.143808234 0.0142871874062 0.008 0.001 0.00528718740625
1.16833716551 82 1.15933716551 0.009 0.008 0.001 0.0
1.18668845801 83 1.17768845801 0.009 0.008 0.001 0.0
1.19468845801 84 1.1827571607 0.0119312973037 0.008 0.001 0.00293129730366
1.23778090344 85 1.22878090344 0.009 0.008 0.001 0.0
1.3087963083 86 1.2997963083 0.009 0.008 0.001 0.0
1.3167963083 87 1.30505907757 0.0117372307291 0.008 0.001 0.00273723072914
1.3247963083 88 1.30922786573 0.0155684425709 0.008 0.001 0.00656844257093
1.3327963083 89 1.31278663946 0.0200096688432 0.008 0.001 0.0110096688432
1.3407963083 90 1.31674393745 0.0240523708522 0.008 0.001 0.0150523708522
1.34924622045 91 1.34024622045 0.009 0.008 0.001 0.0
1.35724622045 92 1.34690692191 0.0103392985365 0.008 0.001 0.00133929853648
1.36524622045 93 1.35385322773 0.0113929927169 0.008 0.001 0.00239299271692
1.38848946569 94 1.37948946569 0.009 0.008 0.001 0.0
1.40446063783 95 1.39546063783 0.009 0.008 0.001 0.0
1.41771669419 96 1.40871669419 0.009 0.008 0.001 0.0
1.42571669419 97 1.41001791229 0.0156987818976 0.008 0.001 0.00669878189765
1.4352189379 98 1.4262189379 0.009 0.008 0.001 0.0
1.4432189379 99 1.43281066546 0.0104082724447 0.008 0.001 0.00140827244474
1.45408548209 100 1.44508548209 0.009 0.008 0.001 0.0
1.46208548209 101 1.44691786156 0.0151676205383 0.008 0.001 0.00616762053831
1.49073914038 102 1.48173914038 0.009 0.008 0.001 0.0
1.49873914038 103 1.48542673932 0.0133124010572 0.008 0.001 0.0043124010572
1.52086100067 104 1.51186100067 0.009 0.008 0.001 0.0
1.56716193512 105 1.55816193512 0.009 0.008 0.001 0.0
1.58981889978 106 1.58081889978 0.009 0.008 0.001 0.0
1.59781889978 107 1.58616379325 0.0116551065258 0.008 0.001 0.00265510652584
1.60694716026 108 1.59794716026 0.009 0.008 0.001 0.0
1.61494716026 109 1.59999341158 0.0149537486787 0.008 0.001 0.00595374867873
1.62294716026 110 1.60751771285 0.0154294474044 0.008 0.001 0.00642944740438
1.63094716026 111 1.61472430921 0.0162228510505 0.008 0.001 0.00722285105049
1.63894716026 112 1.62651307451 0.0124340857448 0.008 0.001 0.00343408574479
1.64694716026 113 1.62775825097 0.019188909283 0.008 0.001 0.010188909283
1.65494716026 114 1.64592101836 0.00902614189325 0.008 0.001 2.61418932495e-05
1.66889152601 115 1.65989152601 0.009 0.008 0.001 0.0
1.68572100578 116 1.67672100578 0.009 0.008 0.001 0.0
1.69950453435 117 1.69050453435 0.009 0.008 0.001 0.0
1.73723741026 118 1.72823741026 0.009 0.008 0.001 0.0
1.74523741026 119 1.73063940604 0.0145980042159 0.008 0.001 0.00559800421588
1.75371098135 120 1.74471098135 0.009 0.008 0.001 0.0
1.78096029932 121 1.77196029932 0.009 0.008 0.001 0.0
1.78995424284 122 1.78095424284 0.009 0.008 0.001 0.0
1.81329798163 123 1.80429798163 0.009 0.008 0.001 0.0
1.82129798163 124 1.80540356231 0.0158944193228 0.008 0.001 0.00689441932278
1.84405970153 125 1.83505970153 0.009 0.008 0.001 0.0
1.85248929277 126 1.84348929277 0.009 0.008 0.001 0.0
1.86256978498 127 1.85356978498 0.009 0.008 0.001 0.0
1.87867319338 128 1.86967319338 0.009 0.008 0.001 0.0
1.88667319338 129 1.87167957176 0.014993621624 0.008 0.001 0.00599362162402
1.89467319338 130 1.87809526745 0.0165779259274 0.008 0.001 0.0075779259274
1.90891064814 131 1.89991064814 0.009 0.008 0.001 0.0
1.91691064814 132 1.9061957852 0.0107148629425 0.008 0.001 0.00171486294251
1.92491064814 133 1.91101205542 0.0138985927176 0.008 0.001 0.00489859271764
1.93439012115 134 1.92539012115 0.009 0.008 0.001 0.0
1.94239012115 135 1.93209187793 0.0102982432173 0.008 0.001 0.00129824321727
1.95039012115 136 1.93781539653 0.0125747246216 0.008 0.001 0.00357472462162
1.95839012115 137 1.94794873306 0.0104413880894 0.008 0.001 0.00144138808938
1.96639012115 138 1.95308186737 0.0133082537772 0.008 0.001 0.00430825377716
1.97439012115 139 1.95681035389 0.01757976726 0.008 0.001 0.00857976726002
1.98994103358 140 1.98094103358 0.009 0.008 0.001 0.0
1.99794103358 141 1.9868442433 0.0110967902884 0.008 0.001 0.00209679028844
2.00594103358 142 1.98827429326 0.0176667403227 0.008 0.001 0.00866674032274
2.01394103358 143 2.00040765112 0.0135333824605 0.008 0.001 0.00453338246047
2.02194103358 144 2.00550132552 0.0164397080642 0.008 0.001 0.00743970806416
2.03095805373 145 2.02195805373 0.009 0.008 0.001 0.0
2.04307932486 146 2.03407932486 0.009 0.008 0.001 0.0
2.05107932486 147 2.04106411915 0.0100152057121 0.008 0.001 0.00101520571206
2.05907932486 148 2.04172611454 0.0173532103144 0.008 0.001 0.00835321031439
2.06707932486 149 2.05207329877 0.0150060260867 0.008 0.001 0.00600602608671
2.07984504373 150 2.07084504373 0.009 0.008 0.001 0.0
2.08784504373 151 2.07129904203 0.0165460016959 0.008 0.001 0.00754600169591
2.09584504373 152 2.07205678517 0.0237882585642 0.008 0.001 0.0147882585642
2.10384504373 153 2.07447926618 0.0293657775511 0.008 0.001 0.0203657775511
2.11184504373 154 2.0803134308 0.0315316129297 0.008 0.001 0.0225316129297
2.11984504373 155 2.08098845808 0.0388565856477 0.008 0.001 0.0298565856477
2.12784504373 156 2.08402800106 0.0438170426703 0.008 0.001 0.0348170426703
2.13584504373 157 2.09797234963 0.0378726941011 0.008 0.001 0.0288726941011
2.14384504373 158 2.10952052127 0.0343245224576 0.008 0.001 0.0253245224576
2.15184504373 159 2.13435933968 0.0174857040467 0.008 0.001 0.00848570404669
2.15984504373 160 2.1360216095 0.0238234342338 0.008 0.001 0.0148234342338
2.16784504373 161 2.14139689754 0.0264481461853 0.008 0.001 0.0174481461853
2.17584504373 162 2.1438967001 0.0319483436334 0.008 0.001 0.0229483436334
2.18384504373 163 2.14941774603 0.0344272977006 0.008 0.001 0.0254272977006
2.19184504373 164 2.15300696521 0.0388380785234 0.008 0.001 0.0298380785234
2.19984504373 165 2.1828729209 0.0169721228282 0.008 0.001 0.00797212282816
2.21163387132 166 2.20263387132 0.009 0.008 0.001 0.0
2.22033183865 167 2.21133183865 0.009 0.008 0.001 0.0
2.22833183865 168 2.2166192316 0.0117126070518 0.008 0.001 0.00271260705182
2.23633183865 169 2.22391860041 0.0124132382425 0.008 0.001 0.00341323824246
2.26477420718 170 2.25577420718 0.009 0.008 0.001 0.0
2.28486338553 171 2.27586338553 0.009 0.008 0.001 0.0
2.3016223392 172 2.2926223392 0.009 0.008 0.001 0.0
2.3096223392 173 2.29271946508 0.0169028741154 0.008 0.001 0.00790287411538
2.3176223392 174 2.30452271971 0.0130996194827 0.008 0.001 0.00409961948268
2.32633362443 175 2.31733362443 0.009 0.008 0.001 0.0
2.36323976179 176 2.35423976179 0.009 0.008 0.001 0.0
2.39586368509 177 2.38686368509 0.009 0.008 0.001 0.0
2.42676370885 178 2.41776370885 0.009 0.008 0.001 0.0
2.44157282381 179 2.43257282381 0.009 0.008 0.001 0.0
2.46180617159 180 2.45280617159 0.009 0.008 0.001 0.0
2.47414189064 181 2.46514189064 0.009 0.008 0.001 0.0
2.50967474618 182 2.50067474618 0.009 0.008 0.001 0.0
2.51767474618 183 2.50762660209 0.0100481440878 0.008 0.001 0.00104814408783
2.53250810448 184 2.52350810448 0.009 0.008 0.001 0.0
2.54824310923 185 2.53924310923 0.009 0.008 0.001 0.0
2.55624310923 186 2.54625857717 0.0099845320631 0.008 0.001 0.000984532063105
2.56807522509 187 2.55907522509 0.009 0.008 0.001 0.0
2.57607522509 188 2.56647538633 0.00959983875771 0.008 0.001 0.000599838757712
2.59160203023 189 2.58260203023 0.009 0.008 0.001 0.0
2.59960203023 190 2.58528534923 0.014316680997 0.008 0.001 0.00531668099696
2.60760203023 191 2.58578768405 0.0218143461853 0.008 0.001 0.0128143461853
2.62688777252 192 2.61788777252 0.009 0.008 0.001 0.0
2.63828671996 193 2.62928671996 0.009 0.008 0.001 0.0
2.64628671996 194 2.63380975332 0.0124769666362 0.008 0.001 0.00347696663618
2.65428671996 195 2.64105988868 0.0132268312755 0.008 0.001 0.00422683127551
2.666605436 196 2.657605436 0.009 0.008 0.001 0.0
2.69460013439 197 2.68560013439 0.009 0.008 0.001 0.0
2.70269531833 198 2.69369531833 0.009 0.008 0.001 0.0
2.74508925239 199 2.73608925239 0.009 0.008 0.001 0.0
2.75308925239 200 2.736659542 0.0164297103945 0.008 0.001 0.00742971039446
2.78870690092 201 2.77970690092 0.009 0.008 0.001 0.0
2.81180395948 202 2.80280395948 0.009 0.008 0.001 0.0
2.83928240097 203 2.83028240097 0.009 0.008 0.001 0.0
2.84728240097 204 2.83294640709 0.0143359938869 0.008 0.001 0.00533599388694
2.85528240097 205 2.84530423603 0.00997816494617 0.008 0.001 0.000978164946174
2.87256904695 206 2.86356904695 0.009 0.008 0.001 0.0
2.8829644733 207 2.8739644733 0.009 0.008 0.001 0.0
2.92004345422 208 2.91104345422 0.009 0.008 0.001 0.0
2.93752015247 209 2.92852015247 0.009 0.008 0.001 0.0
2.9522439218 210 2.9432439218 0.009 0.008 0.001 0.0
2.9602439218 211 2.95040087205 0.00984304975004 0.008 0.001 0.000843049750045
2.9682439218 212 2.95448652672 0.0137573950779 0.008 0.001 0.00475739507793
2.9762439218 213 2.95671265768 0.0195312641198 0.008 0.001 0.0105312641198
2.9842439218 214 2.97248923875 0.0117546830476 0.008 0.001 0.00275468304763
2.9922439218 215 2.978224357 0.0140195648 0.008 0.001 0.00501956479996
3.00394260933 216 2.99494260933 0.009 0.008 0.001 0.0
3.01375224309 217 3.00475224309 0.009 0.008 0.001 0.0
3.02175224309 218 3.0087816185 0.012970624588 0.008 0.001 0.00397062458795
3.02975224309 219 3.00988298958 0.0198692535094 0.008 0.001 0.0108692535094
3.04521561279 220 3.03621561279 0.009 0.008 0.001 0.0
3.07797160794 221 3.06897160794 0.009 0.008 0.001 0.0
3.11924384445 222 3.11024384445 0.009 0.008 0.001 0.0
3.12724384445 223 3.11258909718 0.014654747268 0.008 0.001 0.00565474726796
3.16523565501 224 3.15623565501 0.009 0.008 0.001 0.0
3.27277106517 225 3.26377106517 0.009 0.008 0.001 0.0
3.28284610572 226 3.27384610572 0.009 0.008 0.001 0.0
3.29084610572 227 3.27893027719 0.0119158285304 0.008 0.001 0.00291582853044
3.30446264601 228 3.29546264601 0.009 0.008 0.001 0.0
3.31246264601 229 3.30320369836 0.00925894765386 0.008 0.001 0.000258947653857
3.32709459368 230 3.31809459368 0.009 0.008 0.001 0.0
3.33509459368 231 3.32069616952 0.0143984241667 0.008 0.001 0.00539842416674
3.35966256532 232 3.35066256532 0.009 0.008 0.001 0.0
3.37420753071 233 3.36520753071 0.009 0.008 0.001 0.0
3.38913623895 234 3.38013623895 0.009 0.008 0.001 0.0
3.39713623895 235 3.38725584175 0.00988039720287 0.008 0.001 0.000880397202872
3.45061533338 236 3.44161533338 0.009 0.008 0.001 0.0
3.49071939392 237 3.48171939392 0.009 0.008 0.001 0.0
3.49871939392 238 3.48344086093 0.0152785329858 0.008 0.001 0.00627853298584
3.52855113892 239 3.51955113892 0.009 0.008 0.001 0.0
3.56999465821 240 3.56099465821 0.009 0.008 0.001 0.0
3.57799465821 241 3.56427033652 0.0137243216904 0.008 0.001 0.00472432169042
3.58599465821 242 3.56962488657 0.0163697716404 0.008 0.001 0.00736977164042
3.59399465821 243 3.57013631032 0.0238583478823 0.008 0.001 0.0148583478823
3.60827078864 244 3.59927078864 0.009 0.008 0.001 0.0
3.61720174936 245 3.60820174936 0.009 0.008 0.001 0.0
3.62793948761 246 3.61893948761 0.009 0.008 0.001 0.0
3.63593948761 247 3.62427808603 0.0116614015756 0.008 0.001 0.00266140157562
3.68528899638 248 3.67628899638 0.009 0.008 0.001 0.0
3.69711032587 249 3.68811032587 0.009 0.008 0.001 0.0
3.7265751629 250 3.7175751629 0.009 0.008 0.001 0.0
3.77756834235 251 3.76856834235 0.009 0.008 0.001 0.0
3.80108483759 252 3.79208483759 0.009 0.008 0.001 0.0
3.81222020495 253 3.80322020495 0.009 0.008 0.001 0.0
3.84443310884 254 3.83543310884 0.009 0.008 0.001 0.0
3.87205470815 255 3.86305470815 0.009 0.008 0.001 0.0
3.88793348417 256 3.87893348417 0.009 0.008 0.001 0.0
3.9140385274 257 3.9050385274 0.009 0.008 0.001 0.0
3.9220385274 258 3.90780866249 0.0142298649125 0.008 0.001 0.00522986491247
3.93010117879 259 3.92110117879 0.009 0.008 0.001 0.0
3.942564691 260 3.933564691 0.009 0.008 0.001 0.0
3.950564691 261 3.93834419804 0.0122204929595 0.008 0.001 0.00322049295948
3.96286018626 262 3.95386018626 0.009 0.008 0.001 0.0
3.97236386501 263 3.96336386501 0.009 0.008 0.001 0.0
3.98106998743 264 3.97206998743 0.009 0.008 0.001 0.0
3.98906998743 265 3.97526045139 0.0138095360348 0.008 0.001 0.00480953603482
3.99706998743 266 3.98544523954 0.0116247478834 0.008 0.001 0.00262474788337
4.03121959806 267 4.02221959806 0.009 0.008 0.001 0.0
4.06075707322 268 4.05175707322 0.009 0.008 0.001 0.0
4.10191334328 269 4.09291334328 0.009 0.008 0.001 0.0
4.12919463968 270 4.12019463968 0.009 0.008 0.001 0.0
4.13719463968 271 4.12104090836 0.0161537313128 0.008 0.001 0.0071537313128
4.14519463968 272 4.12368488783 0.0215097518419 0.008 0.001 0.0125097518419
4.15319463968 273 4.12909955673 0.0240950829489 0.008 0.001 0.0150950829489
4.16119463968 274 4.14781687489 0.0133777647862 0.008 0.001 0.00437776478619
4.16919463968 275 4.15103343039 0.0181612092818 0.008 0.001 0.00916120928179
4.17719463968 276 4.1585693541 0.0186252855732 0.008 0.001 0.00962528557315
4.18519463968 277 4.15950500838 0.025689631299 0.008 0.001 0.016689631299
4.19319463968 278 4.17731324374 0.0158813959309 0.008 0.001 0.00688139593091
4.2068720654 279 4.1978720654 0.009 0.008 0.001 0.0
4.2148720654 280 4.19864041344 0.0162316519598 0.008 0.001 0.00723165195981
4.2228720654 281 4.20625483467 0.0166172307247 0.008 0.001 0.00761723072467
4.2308720654 282 4.20809320154 0.0227788638613 0.008 0.001 0.0137788638613
4.2388720654 283 4.21043336755 0.0284386978454 0.008 0.001 0.0194386978454
4.2468720654 284 4.21522445936 0.0316476060413 0.008 0.001 0.0226476060413
4.2548720654 285 4.23630350433 0.0185685610649 0.008 0.001 0.00956856106494
4.26366447702 286 4.25466447702 0.009 0.008 0.001 0.0
4.32210721427 287 4.31310721427 0.009 0.008 0.001 0.0
4.33010721427 288 4.32096147662 0.0091457376425 0.008 0.001 0.000145737642504
4.39908361266 289 4.39008361266 0.009 0.008 0.001 0.0
4.4224698364 290 4.4134698364 0.009 0.008 0.001 0.0
4.4304698364 291 4.41656932199 0.013900514406 0.008 0.001 0.00490051440596
4.4384698364 292 4.41754354707 0.0209262893232 0.008 0.001 0.0119262893232
4.4464698364 293 4.4180205914 0.0284492449959 0.008 0.001 0.0194492449959
4.4544698364 294 4.42990169217 0.0245681442229 0.008 0.001 0.0155681442229
4.4624698364 295 4.44409300479 0.0183768316112 0.008 0.001 0.00937683161119
4.4704698364 296 4.4508029272 0.0196669091963 0.008 0.001 0.0106669091963
4.48633370089 297 4.47733370089 0.009 0.008 0.001 0.0
4.49433370089 298 4.48396290472 0.0103707961746 0.008 0.001 0.00137079617457
4.51703641555 299 4.50803641555 0.009 0.008 0.001 0.0
4.52503641555 300 4.51458296914 0.0104534464118 0.008 0.001 0.00145344641178
4.57999585219 301 4.57099585219 0.009 0.008 0.001 0.0
4.58799585219 302 4.57516587523 0.0128299769621 0.008 0.001 0.00382997696212
4.59599585219 303 4.57982659312 0.0161692590756 0.008 0.001 0.00716925907564
4.62064592507 304 4.61164592507 0.009 0.008 0.001 0.0
4.62864592507 305 4.61603646229 0.0126094627748 0.008 0.001 0.00360946277481
4.65744391986 306 4.64844391986 0.009 0.008 0.001 0.0
4.66829600618 307 4.65929600618 0.009 0.008 0.001 0.0
4.68618047925 308 4.67718047925 0.009 0.008 0.001 0.0
4.70791025301 309 4.69891025301 0.009 0.008 0.001 0.0
4.71591025301 310 4.70113421691 0.0147760361034 0.008 0.001 0.00577603610339
4.75051427843 311 4.74151427843 0.009 0.008 0.001 0.0
4.75932309961 312 4.75032309961 0.009 0.008 0.001 0.0
4.81479515435 313 4.80579515435 0.009 0.008 0.001 0.0
4.86760101075 314 4.85860101075 0.009 0.008 0.001 0.0
4.87560101075 315 4.86387965976 0.0117213509913 0.008 0.001 0.0027213509913
4.88360101075 316 4.86507378051 0.0185272302393 0.008 0.001 0.00952723023933
4.89160101075 317 4.86584871058 0.0257523001736 0.008 0.001 0.0167523001736
4.89960101075 318 4.87225184409 0.0273491666583 0.008 0.001 0.0183491666583
4.90760101075 319 4.88197599978 0.0256250109646 0.008 0.001 0.0166250109646
4.91560101075 320 4.88578842135 0.0298125894024 0.008 0.001 0.0208125894024
4.92360101075 321 4.89007159017 0.0335294205814 0.008 0.001 0.0245294205814
4.9624191045 322 4.9534191045 0.009 0.008 0.001 0.0
4.9704191045 323 4.95763178131 0.0127873231898 0.008 0.001 0.00378732318977
4.9784191045 324 4.96728194533 0.0111371591715 0.008 0.001 0.00213715917154
4.9864191045 325 4.97382989218 0.0125892123175 0.008 0.001 0.00358921231747
4.9944191045 326 4.98405116454 0.0103679399595 0.008 0.001 0.00136793995946
5.00362196093 327 4.99462196093 0.009 0.008 0.001 0.0
5.01823345742 328 5.00923345742 0.009 0.008 0.001 0.0
5.02623345742 329 5.01572957764 0.0105038797825 0.008 0.001 0.00150387978249
5.03423345742 330 5.02297278559 0.0112606718343 0.008 0.001 0.00226067183426
5.04223345742 331 5.02601170491 0.0162217525096 0.008 0.001 0.00722175250962
5.05058198754 332 5.04158198754 0.009 0.008 0.001 0.0
5.07431442955 333 5.06531442955 0.009 0.008 0.001 0.0
5.08231442955 334 5.07307457048 0.0092398590674 0.008 0.001 0.000239859067396
5.09398405266 335 5.08498405266 0.009 0.008 0.001 0.0
5.10198405266 336 5.08664708926 0.0153369634006 0.008 0.001 0.00633696340057
5.10998405266 337 5.09379186055 0.0161921921096 0.008 0.001 0.00719219210956
5.11798405266 338 5.10213777235 0.015846280307 0.008 0.001 0.00684628030704
5.12598405266 339 5.10814705275 0.0178369999066 0.008 0.001 0.00883699990661
5.13398405266 340 5.10882329022 0.025160762437 0.008 0.001 0.016160762437
5.14198405266 341 5.12736702194 0.0146170307223 0.008 0.001 0.00561703072233
5.16170567154 342 5.15270567154 0.009 0.008 0.001 0.0
5.17181489156 343 5.16281489156 0.009 0.008 0.001 0.0
5.17981489156 344 5.16684760652 0.0129672850459 0.008 0.001 0.00396728504591
5.19624396321 345 5.18724396321 0.009 0.008 0.001 0.0
5.20424396321 346 5.19186934248 0.0123746207339 0.008 0.001 0.00337462073387
5.21224396321 347 5.19445720676 0.0177867564522 0.008 0.001 0.00878675645222
5.24917273186 348 5.24017273186 0.009 0.008 0.001 0.0
5.25717273186 349 5.24135220522 0.0158205266375 0.008 0.001 0.00682052663748
5.26528765381 350 5.25628765381 0.009 0.008 0.001 0.0
5.27328765381 351 5.25771678195 0.0155708718528 0.008 0.001 0.0065708718528
5.28128765381 352 5.25974841554 0.0215392382649 0.008 0.001 0.0125392382649
5.30799486885 353 5.29899486885 0.009 0.008 0.001 0.0
5.33596703451 354 5.32696703451 0.009 0.008 0.001 0.0
5.34396703451 355 5.33253487308 0.0114321614371 0.008 0.001 0.00243216143709
5.35196703451 356 5.33801176126 0.0139552732495 0.008 0.001 0.00495527324949
5.37457240056 357 5.36557240056 0.009 0.008 0.001 0.0
5.38784204354 358 5.37884204354 0.009 0.008 0.001 0.0
5.39584204354 359 5.38262520822 0.0132168353175 0.008 0.001 0.00421683531748
5.40384204354 360 5.38980484478 0.0140371987546 0.008 0.001 0.00503719875461
5.41184204354 361 5.39899643922 0.0128456043223 0.008 0.001 0.00384560432235
5.43124657189 362 5.42224657189 0.009 0.008 0.001 0.0
5.46237742436 363 5.45337742436 0.009 0.008 0.001 0.0
5.47095622808 364 5.46195622808 0.009 0.008 0.001 0.0
5.47895622808 365 5.46960505905 0.00935116903141 0.008 0.001 0.000351169031412
5.50900731086 366 5.50000731086 0.009 0.008 0.001 0.0
5.51700731086 367 5.5030003219 0.01400698896 0.008 0.001 0.00500698895999
5.52812367596 368 5.51912367596 0.009 0.008 0.001 0.0
5.53612367596 369 5.52148404162 0.0146396343344 0.008 0.001 0.00563963433439
5.54412367596 370 5.52733248637 0.0167911895892 0.008 0.001 0.00779118958919
5.55212367596 371 5.54003580369 0.0120878722687 0.008 0.001 0.00308787226869
5.56012367596 372 5.54696008616 0.0131635897986 0.008 0.001 0.00416358979857
5.56812367596 373 5.54984856923 0.0182751067265 0.008 0.001 0.00927510672647
5.57612367596 374 5.55155414231 0.0245695336467 0.008 0.001 0.0155695336467
5.58412367596 375 5.55551438017 0.0286092957816 0.008 0.001 0.0196092957816
5.6069072198 376 5.5979072198 0.009 0.008 0.001 0.0
5.62151391062 377 5.61251391062 0.009 0.008 0.001 0.0
5.6369051547 378 5.6279051547 0.009 0.008 0.001 0.0
5.64594073078 379 5.63694073078 0.009 0.008 0.001 0.0
5.65900443448 380 5.65000443448 0.009 0.008 0.001 0.0
5.66700443448 381 5.65590236926 0.0111020652185 0.008 0.001 0.00210206521851
5.67500443448 382 5.66167968674 0.0133247477386 0.008 0.001 0.00432474773855
5.69248848237 383 5.68348848237 0.009 0.008 0.001 0.0
5.72360988727 384 5.71460988727 0.009 0.008 0.001 0.0
5.74321712101 385 5.73421712101 0.009 0.008 0.001 0.0
5.755447976 386 5.746447976 0.009 0.008 0.001 0.0
5.763447976 387 5.75070225256 0.0127457234413 0.008 0.001 0.00374572344128
5.771447976 388 5.76234934331 0.00909863268782 0.008 0.001 9.86326878243e-05
5.78416771695 389 5.77516771695 0.009 0.008 0.001 0.0
5.79216771695 390 5.78249901714 0.00966869981294 0.008 0.001 0.000668699812939
5.81092855918 391 5.80192855918 0.009 0.008 0.001 0.0
5.82536160086 392 5.81636160086 0.009 0.008 0.001 0.0
5.83336160086 393 5.82248793807 0.0108736627855 0.008 0.001 0.00187366278547
5.84136160086 394 5.82987362534 0.0114879755158 0.008 0.001 0.00248797551584
5.86015664872 395 5.85115664872 0.009 0.008 0.001 0.0
5.86815664872 396 5.85134535403 0.016811294687 0.008 0.001 0.00781129468703
5.87615664872 397 5.8549937433 0.0211629054255 0.008 0.001 0.0121629054255
5.94501995325 398 5.93601995325 0.009 0.008 0.001 0.0
5.96273184534 399 5.95373184534 0.009 0.008 0.001 0.0
5.99053385655 400 5.98153385655 0.009 0.008 0.001 0.0
5.99853385655 401 5.98951963965 0.00901421689819 0.008 0.001 1.42168981929e-05
6.02551593972 402 6.01651593972 0.009 0.008 0.001 0.0
6.04966932062 403 6.04066932062 0.009 0.008 0.001 0.0
6.06164124613 404 6.05264124613 0.009 0.008 0.001 0.0
6.09630559426 405 6.08730559426 0.009 0.008 0.001 0.0
6.10430559426 406 6.09327273693 0.0110328573292 0.008 0.001 0.00203285732922
6.12020947438 407 6.11120947438 0.009 0.008 0.001 0.0
6.15113129969 408 6.14213129969 0.009 0.008 0.001 0.0
6.15913129969 409 6.14448854089 0.0146427587975 0.008 0.001 0.00564275879747
6.16717617565 410 6.15817617565 0.009 0.008 0.001 0.0
6.17545584811 411 6.16645584811 0.009 0.008 0.001 0.0
6.18345584811 412 6.17058430525 0.012871542856 0.008 0.001 0.00387154285605
6.22533360596 413 6.21633360596 0.009 0.008 0.001 0.0
6.23427937148 414 6.22527937148 0.009 0.008 0.001 0.0
6.24227937148 415 6.23148771975 0.0107916517328 0.008 0.001 0.00179165173285
6.25454811867 416 6.24554811867 0.009 0.008 0.001 0.0
6.26556219305 417 6.25656219305 0.009 0.008 0.001 0.0
6.27513486225 418 6.26613486225 0.009 0.008 0.001 0.0
6.28624601951 419 6.27724601951 0.009 0.008 0.001 0.0
6.33625540764 420 6.32725540764 0.009 0.008 0.001 0.0
6.35512874719 421 6.34612874719 0.009 0.008 0.001 0.0
6.38464281394 422 6.37564281394 0.009 0.008 0.001 0.0
6.39264281394 423 6.37942510041 0.0132177135354 0.008 0.001 0.00421771353542
6.40064281394 424 6.38246480585 0.0181780080897 0.008 0.001 0.00917800808969
6.40864281394 425 6.39218715724 0.0164556567 0.008 0.001 0.0074556567
6.43248553238 426 6.42348553238 0.009 0.008 0.001 0.0
6.47853239405 427 6.46953239405 0.009 0.008 0.001 0.0
6.5017011274 428 6.4927011274 0.009 0.008 0.001 0.0
6.5097011274 429 6.49334998225 0.0163511451456 0.008 0.001 0.00735114514558
6.5177011274 430 6.50124422405 0.0164569033436 0.008 0.001 0.00745690334363
6.5257011274 431 6.50287589222 0.0228252351804 0.008 0.001 0.0138252351804
6.5337011274 432 6.50311543616 0.0305856912342 0.008 0.001 0.0215856912342
6.5417011274 433 6.52700305822 0.0146980691727 0.008 0.001 0.00569806917272
6.5497011274 434 6.5285951043 0.0211060230934 0.008 0.001 0.0121060230934
6.5577011274 435 6.54454875741 0.0131523699863 0.008 0.001 0.00415236998629
6.56861171365 436 6.55961171365 0.009 0.008 0.001 0.0
6.57661171365 437 6.56067161887 0.0159400947854 0.008 0.001 0.00694009478542
6.59062277051 438 6.58162277051 0.009 0.008 0.001 0.0
6.60003877144 439 6.59103877144 0.009 0.008 0.001 0.0
6.64361728824 440 6.63461728824 0.009 0.008 0.001 0.0
6.65161728824 441 6.63672335634 0.0148939318902 0.008 0.001 0.00589393189019
6.65961728824 442 6.63791563092 0.0217016573199 0.008 0.001 0.0127016573199
6.66761728824 443 6.64892428462 0.0186930036122 0.008 0.001 0.00969300361217
6.68739313093 444 6.67839313093 0.009 0.008 0.001 0.0
6.69539313093 445 6.68366945354 0.0117236773868 0.008 0.001 0.00272367738679
6.70339313093 446 6.69307937068 0.010313760251 0.008 0.001 0.00131376025101
6.74422480598 447 6.73522480598 0.009 0.008 0.001 0.0
6.76204960242 448 6.75304960242 0.009 0.008 0.001 0.0
6.77004960242 449 6.75622468115 0.0138249212726 0.008 0.001 0.0048249212726
6.77804960242 450 6.7573603759 0.0206892265219 0.008 0.001 0.0116892265218
6.78604960242 451 6.75812374074 0.0279258616767 0.008 0.001 0.0189258616767
6.79404960242 452 6.76083539481 0.0332142076091 0.008 0.001 0.0242142076091
6.80204960242 453 6.76848346155 0.0335661408663 0.008 0.001 0.0245661408663
6.83079017629 454 6.82179017629 0.009 0.008 0.001 0.0
6.84458978438 455 6.83558978438 0.009 0.008 0.001 0.0
6.86050643233 456 6.85150643233 0.009 0.008 0.001 0.0
6.86850643233 457 6.85701027139 0.0114961609396 0.008 0.001 0.00249616093956
6.88358515582 458 6.87458515582 0.009 0.008 0.001 0.0
6.89942899265 459 6.89042899265 0.009 0.008 0.001 0.0
6.90742899265 460 6.89490587214 0.0125231205107 0.008 0.001 0.00352312051066
6.91542899265 461 6.9061659906 0.00926300205087 0.008 0.001 0.000263002050872
6.92342899265 462 6.9085631168 0.0148658758501 0.008 0.001 0.00586587585007
6.94318079033 463 6.93418079033 0.009 0.008 0.001 0.0
6.95118079033 464 6.93591496536 0.0152658249766 0.008 0.001 0.00626582497657
6.95918079033 465 6.93941223794 0.0197685523932 0.008 0.001 0.0107685523932
6.96718079033 466 6.94536254399 0.0218182463458 0.008 0.001 0.0128182463458
6.97518079033 467 6.95737176612 0.017809024213 0.008 0.001 0.00880902421296
6.98318079033 468 6.96018961489 0.0229911754462 0.008 0.001 0.0139911754462
6.99667575823 469 6.98767575823 0.009 0.008 0.001 0.0
7.00467575823 470 6.99002372653 0.0146520317019 0.008 0.001 0.00565203170194
7.01267575823 471 6.99847473168 0.0142010265527 0.008 0.001 0.0052010265527
7.06839605365 472 7.05939605365 0.009 0.008 0.001 0.0
7.08982267612 473 7.08082267612 0.009 0.008 0.001 0.0
7.11496406947 474 7.10596406947 0.009 0.008 0.001 0.0
7.13500217789 475 7.12600217789 0.009 0.008 0.001 0.0
7.16068548298 476 7.15168548298 0.009 0.008 0.001 0.0
7.16868548298 477 7.15247708849 0.0162083944952 0.008 0.001 0.0072083944952
7.17668548298 478 7.15248005706 0.0242054259239 0.008 0.001 0.0152054259239
7.18468548298 479 7.15864433365 0.0260411493361 0.008 0.001 0.0170411493361
7.19268548298 480 7.17090867418 0.0217768088078 0.008 0.001 0.0127768088078
7.20068548298 481 7.18738703901 0.0132984439792 0.008 0.001 0.00429844397922
7.22557765161 482 7.21657765161 0.009 0.008 0.001 0.0
7.25823715865 483 7.24923715865 0.009 0.008 0.001 0.0
7.26623715865 484 7.25307268755 0.0131644711006 0.008 0.001 0.00416447110058
7.27423715865 485 7.26394233156 0.0102948270874 0.008 0.001 0.00129482708735
7.29526992742 486 7.28626992742 0.009 0.008 0.001 0.0
7.30326992742 487 7.28989431312 0.0133756142993 0.008 0.001 0.00437561429933
7.31126992742 488 7.2975206203 0.0137493071148 0.008 0.001 0.00474930711477
7.37031846636 489 7.36131846636 0.009 0.008 0.001 0.0
7.39715191279 490 7.38815191279 0.009 0.008 0.001 0.0
7.41010522809 491 7.40110522809 0.009 0.008 0.001 0.0
7.42449646316 492 7.41549646316 0.009 0.008 0.001 0.0
7.46414636157 493 7.45514636157 0.009 0.008 0.001 0.0
7.48695716647 494 7.47795716647 0.009 0.008 0.001 0.0
7.49684593915 495 7.48784593915 0.009 0.008 0.001 0.0
7.53280050424 496 7.52380050424 0.009 0.008 0.001 0.0
7.54853006719 497 7.53953006719 0.009 0.008 0.001 0.0
7.55653006719 498 7.54736925294 0.00916081425482 0.008 0.001 0.000160814254824
7.56453006719 499 7.55176746767 0.01276259952 0.008 0.001 0.00376259951997
7.58422593853 500 7.57522593853 0.009 0.008 0.001 0.0
7.59222593853 501 7.57556252739 0.0166634111386 0.008 0.001 0.00766341113864
7.60022593853 502 7.57779888834 0.0224270501865 0.008 0.001 0.0134270501865
7.60822593853 503 7.57993455032 0.0282913882102 0.008 0.001 0.0192913882102
7.61622593853 504 7.5940724153 0.0221535232258 0.008 0.001 0.0131535232258
7.62422593853 505 7.59854132445 0.0256846140778 0.008 0.001 0.0166846140778
7.63222593853 506 7.60772629788 0.0244996406496 0.008 0.001 0.0154996406496
7.64022593853 507 7.61566165904 0.0245642794819 0.008 0.001 0.0155642794819
7.64822593853 508 7.61646578453 0.0317601539992 0.008 0.001 0.0227601539992
7.65622593853 509 7.62384960335 0.0323763351747 0.008 0.001 0.0233763351747
7.66422593853 510 7.62795086979 0.0362750687359 0.008 0.001 0.0272750687359
7.70096922466 511 7.69196922466 0.009 0.008 0.001 0.0
7.72808142723 512 7.71908142723 0.009 0.008 0.001 0.0
7.74067375234 513 7.73167375234 0.009 0.008 0.001 0.0
7.74985987046 514 7.74085987046 0.009 0.008 0.001 0.0
7.75942157781 515 7.75042157781 0.009 0.008 0.001 0.0
7.77137083437 516 7.76237083437 0.009 0.008 0.001 0.0
7.79527392435 517 7.78627392435 0.009 0.008 0.001 0.0
7.81802386923 518 7.80902386923 0.009 0.008 0.001 0.0
7.84596753301 519 7.83696753301 0.009 0.008 0.001 0.0
7.89459242129 520 7.88559242129 0.009 0.008 0.001 0.0
7.90259242129 521 7.89290292191 0.00968949937922 0.008 0.001 0.000689499379217
7.91059242129 522 7.89720799282 0.0133844284641 0.008 0.001 0.0043844284641
7.92616864971 523 7.91716864971 0.009 0.008 0.001 0.0
7.94813753871 524 7.93913753871 0.009 0.008 0.001 0.0
7.96493296824 525 7.95593296824 0.009 0.008 0.001 0.0
7.97293296824 526 7.95682676614 0.0161062020976 0.008 0.001 0.00710620209756
7.98093296824 527 7.97180608221 0.00912688603336 0.008 0.001 0.000126886033356
7.98893296824 528 7.97217913409 0.0167538341533 0.008 0.001 0.00775383415325
8.00303526992 529 7.99403526992 0.009 0.008 0.001 0.0
8.01103526992 530 7.99843459171 0.0126006782046 0.008 0.001 0.00360067820455
8.01903526992 531 8.00239019056 0.0166450793555 0.008 0.001 0.00764507935547
8.0505858254 532 8.0415858254 0.009 0.008 0.001 0.0
8.06062553122 533 8.05162553122 0.009 0.008 0.001 0.0
8.07010893096 534 8.06110893096 0.009 0.008 0.001 0.0
8.07810893096 535 8.06454008433 0.0135688466283 0.008 0.001 0.00456884662826
8.10211008749 536 8.09311008749 0.009 0.008 0.001 0.0
8.13012720057 537 8.12112720057 0.009 0.008 0.001 0.0
8.14774663969 538 8.13874663969 0.009 0.008 0.001 0.0
8.15574663969 539 8.14529278712 0.0104538525735 0.008 0.001 0.00145385257348
8.16627532072 540 8.15727532072 0.009 0.008 0.001 0.0
8.18470776349 541 8.17570776349 0.009 0.008 0.001 0.0
8.2017814481 542 8.1927814481 0.009 0.008 0.001 0.0
8.2097814481 543 8.19848587396 0.0112955741392 0.008 0.001 0.00229557413921
8.22411505083 544 8.21511505083 0.009 0.008 0.001 0.0
8.26157115001 545 8.25257115001 0.009 0.008 0.001 0.0
8.28023291262 546 8.27123291262 0.009 0.008 0.001 0.0
8.31441427069 547 8.30541427069 0.009 0.008 0.001 0.0
8.33174985272 548 8.32274985272 0.009 0.008 0.001 0.0
8.33974985272 549 8.32323069307 0.0165191596477 0.008 0.001 0.0075191596477
8.34774985272 550 8.33233070182 0.0154191508986 0.008 0.001 0.00641915089857
8.35574985272 551 8.33822525836 0.0175245943651 0.008 0.001 0.00852459436515
8.36374985272 552 8.34752369597 0.0162261567537 0.008 0.001 0.00722615675367
8.37174985272 553 8.35878425019 0.0129656025271 0.008 0.001 0.00396560252708
8.37974985272 554 8.36631762585 0.0134322268675 0.008 0.001 0.00443222686754
8.39014140749 555 8.38114140749 0.009 0.008 0.001 0.0
8.39814140749 556 8.38379939724 0.0143420102509 0.008 0.001 0.00534201025093
8.43446259868 557 8.42546259868 0.009 0.008 0.001 0.0
8.46171283434 558 8.45271283434 0.009 0.008 0.001 0.0
8.50598464868 559 8.49698464868 0.009 0.008 0.001 0.0
8.51398464868 560 8.49780752014 0.0161771285424 0.008 0.001 0.00717712854244
8.53095768798 561 8.52195768798 0.009 0.008 0.001 0.0
8.53895768798 562 8.52825568225 0.0107020057361 0.008 0.001 0.0017020057361
8.54695768798 563 8.53535517731 0.0116025106675 0.008 0.001 0.0026025106675
8.55495768798 564 8.54577365042 0.00918403756547 0.008 0.001 0.000184037565468
8.56295768798 565 8.5507494711 0.0122082168769 0.008 0.001 0.00320821687687
8.57095768798 566 8.55679215388 0.0141655341048 0.008 0.001 0.00516553410484
8.58478109627 567 8.57578109627 0.009 0.008 0.001 0.0
8.61091073543 568 8.60191073543 0.009 0.008 0.001 0.0
8.62848510319 569 8.61948510319 0.009 0.008 0.001 0.0
8.64803921752 570 8.63903921752 0.009 0.008 0.001 0.0
8.65603921752 571 8.64456136813 0.0114778493941 0.008 0.001 0.00247784939411
8.66403921752 572 8.64905822208 0.0149809954369 0.008 0.001 0.00598099543688
8.67203921752 573 8.65195427854 0.0200849389752 0.008 0.001 0.0110849389752
8.68003921752 574 8.65230918082 0.0277300366991 0.008 0.001 0.0187300366991
8.68803921752 575 8.66483008783 0.0232091296854 0.008 0.001 0.0142091296854
8.69603921752 576 8.66663509702 0.0294041205031 0.008 0.001 0.0204041205031
8.70403921752 577 8.68244127453 0.0215979429919 0.008 0.001 0.0125979429919
8.71203921752 578 8.68545694383 0.0265822736926 0.008 0.001 0.0175822736926
8.72003921752 579 8.68628929932 0.0337499181976 0.008 0.001 0.0247499181976
8.72803921752 580 8.69215656515 0.0358826523708 0.008 0.001 0.0268826523708
8.73603921752 581 8.69584889972 0.0401903177945 0.008 0.001 0.0311903177945
8.74403921752 582 8.69682658128 0.0472126362357 0.008 0.001 0.0382126362357
8.75203921752 583 8.71289132601 0.039147891509 0.008 0.001 0.030147891509
8.76003921752 584 8.72786250478 0.0321767127367 0.008 0.001 0.0231767127367
8.77079760107 585 8.76179760107 0.009 0.008 0.001 0.0
8.77879760107 586 8.76891876492 0.00987883615173 0.008 0.001 0.000878836151733
8.79416733733 587 8.78516733733 0.009 0.008 0.001 0.0
8.81835714335 588 8.80935714335 0.009 0.008 0.001 0.0
8.82635714335 589 8.81515780083 0.0111993425199 0.008 0.001 0.0021993425199
8.83745591645 590 8.82845591645 0.009 0.008 0.001 0.0
8.86244582017 591 8.85344582017 0.009 0.008 0.001 0.0
8.88334833351 592 8.87434833351 0.009 0.008 0.001 0.0
9.02180402177 593 9.01280402177 0.009 0.008 0.001 0.0
9.02980402177 594 9.01742046187 0.0123835599078 0.008 0.001 0.00338355990777
9.05794245634 595 9.04894245634 0.009 0.008 0.001 0.0
9.06594245634 596 9.0540296321 0.0119128242432 0.008 0.001 0.00291282424316
9.08581194336 597 9.07681194336 0.009 0.008 0.001 0.0
9.11034745856 598 9.10134745856 0.009 0.008 0.001 0.0
9.20190580556 599 9.19290580556 0.009 0.008 0.001 0.0
9.20990580556 600 9.20079218216 0.00911362339945 0.008 0.001 0.000113623399447
9.21790580556 601 9.20333583096 0.0145699745944 0.008 0.001 0.0055699745944
9.26330644839 602 9.25430644839 0.009 0.008 0.001 0.0
9.27257114001 603 9.26357114001 0.009 0.008 0.001 0.0
9.29539073362 604 9.28639073362 0.009 0.008 0.001 0.0
9.30339073362 605 9.29106916415 0.0123215694704 0.008 0.001 0.00332156947041
9.31139073362 606 9.29648063139 0.0149101022397 0.008 0.001 0.00591010223968
9.31939073362 607 9.30069924266 0.0186914909695 0.008 0.001 0.00969149096952
9.32739073362 608 9.31409782716 0.0132929064686 0.008 0.001 0.00429290646864
9.33539073362 609 9.32109406559 0.0142966680326 0.008 0.001 0.00529666803256
9.35387708668 610 9.34487708668 0.009 0.008 0.001 0.0
9.38336760695 611 9.37436760695 0.009 0.008 0.001 0.0
9.39297950641 612 9.38397950641 0.009 0.008 0.001 0.0
9.40097950641 613 9.39059433829 0.0103851681208 0.008 0.001 0.00138516812079
9.40897950641 614 9.39783915321 0.0111403532025 0.008 0.001 0.00214035320252
9.41697950641 615 9.40011058121 0.016868925201 0.008 0.001 0.007868925201
9.42497950641 616 9.40304295337 0.0219365530443 0.008 0.001 0.0129365530443
9.43297950641 617 9.40317493605 0.0298045703587 0.008 0.001 0.0208045703587
9.44097950641 618 9.40884598772 0.0321335186925 0.008 0.001 0.0231335186925
9.53153599039 619 9.52253599039 0.009 0.008 0.001 0.0
9.55459831306 620 9.54559831306 0.009 0.008 0.001 0.0
9.56572259408 621 9.55672259408 0.009 0.008 0.001 0.0
9.57372259408 622 9.55721228516 0.0165103089254 0.008 0.001 0.00751030892542
9.58172259408 623 9.56322151712 0.0185010769644 0.008 0.001 0.00950107696441
9.59080095535 624 9.58180095535 0.009 0.008 0.001 0.0
9.59880095535 625 9.58796596494 0.010834990403 0.008 0.001 0.001834990403
9.60680095535 626 9.59030816019 0.0164927951589 0.008 0.001 0.00749279515887
9.6175666204 627 9.6085666204 0.009 0.008 0.001 0.0
9.6488261563 628 9.6398261563 0.009 0.008 0.001 0.0
9.67405183795 629 9.66505183795 0.009 0.008 0.001 0.0
9.68485299322 630 9.67585299322 0.009 0.008 0.001 0.0
9.70630173241 631 9.69730173241 0.009 0.008 0.001 0.0
9.72482751102 632 9.71582751102 0.009 0.008 0.001 0.0
9.73282751102 633 9.7186130933 0.014214417723 0.008 0.001 0.005214417723
9.74082751102 634 9.7291318199 0.0116956911237 0.008 0.001 0.00269569112372
9.74882751102 635 9.73660341919 0.0122240918328 0.008 0.001 0.00322409183284
9.75884874829 636 9.74984874829 0.009 0.008 0.001 0.0
9.76684874829 637 9.75479886545 0.0120498828398 0.008 0.001 0.00304988283979
9.79565002457 638 9.78665002457 0.009 0.008 0.001 0.0
9.80467892936 639 9.79567892936 0.009 0.008 0.001 0.0
9.82411657596 640 9.81511657596 0.009 0.008 0.001 0.0
9.83211657596 641 9.81528997252 0.0168266034432 0.008 0.001 0.00782660344323
9.84659606226 642 9.83759606226 0.009 0.008 0.001 0.0
9.85459606226 643 9.84465574897 0.00994031328853 0.008 0.001 0.000940313288531
9.86259606226 644 9.84690692522 0.0156891370446 0.008 0.001 0.00668913704457
9.87059606226 645 9.84953853163 0.0210575306338 0.008 0.001 0.0120575306338
9.87859606226 646 9.85158011901 0.0270159432507 0.008 0.001 0.0180159432507
9.88659606226 647 9.85665121193 0.0299448503348 0.008 0.001 0.0209448503348
9.89459606226 648 9.86320249176 0.0313935704974 0.008 0.001 0.0223935704974
9.90259606226 649 9.88630368884 0.0162923734252 0.008 0.001 0.00729237342516
9.91059606226 650 9.89225919329 0.0183368689751 0.008 0.001 0.00933686897507
9.91859606226 651 9.8946067886 0.0239892736575 0.008 0.001 0.0149892736575
9.92659606226 652 9.90694380991 0.0196522523548 0.008 0.001 0.0106522523548
9.93459606226 653 9.91620053697 0.0183955252912 0.008 0.001 0.00939552529119
9.94259606226 654 9.91729020959 0.0253058526684 0.008 0.001 0.0163058526684
9.95059606226 655 9.92019623861 0.0303998236468 0.008 0.001 0.0213998236468
9.95859606226 656 9.92332379225 0.0352722700075 0.008 0.001 0.0262722700075
9.96659606226 657 9.94012555393 0.026470508328 0.008 0.001 0.017470508328
9.97459606226 658 9.9427863318 0.0318097304601 0.008 0.001 0.0228097304601
9.99443579604 659 9.98543579604 0.009 0.008 0.001 0.0
