0.009 2 0 0.009 0.008 0.001 0
0.0192960746768 3 0.0102960746768 0.009 0.008 0.001 0.0
0.0309200355389 4 0.0219200355389 0.009 0.008 0.001 0.0
0.0415922835214 5 0.0325922835214 0.009 0.008 0.001 0.0
0.0495922835214 6 0.0365939849893 0.0129982985321 0.008 0.001 0.00399829853206
0.0822267554567 7 0.0732267554567 0.009 0.008 0.001 0.0
0.135625590941 8 0.126625590941 0.009 0.008 0.001 0.0
0.143625590941 9 0.132962657439 0.0106629335015 0.008 0.001 0.00166293350148
0.151625590941 10 0.135064334013 0.0165612569277 0.008 0.001 0.00756125692768
0.159625590941 11 0.145761680383 0.0138639105579 0.008 0.001 0.00486391055792
0.179461778103 12 0.170461778103 0.009 0.008 0.001 0.0
0.187461778103 13 0.174574595617 0.0128871824856 0.008 0.001 0.00388718248558
0.23146554241 14 0.22246554241 0.009 0.008 0.001 0.0
0.247253511476 15 0.238253511476 0.009 0.008 0.001 0.0
0.261121205431 16 0.252121205431 0.009 0.008 0.001 0.0
0.269121205431 17 0.254370227402 0.0147509780287 0.008 0.001 0.0057509780287
0.28396556826 18 0.27496556826 0.009 0.008 0.001 0.0
0.29196556826 19 0.277687777937 0.0142777903223 0.008 0.001 0.00527779032228
0.29996556826 20 0.2894772044 0.0104883638594 0.008 0.001 0.00148836385939
0.30796556826 21 0.291984417541 0.0159811507187 0.008 0.001 0.00698115071873
0.362831655977 22 0.353831655977 0.009 0.008 0.001 0.0
0.458880980591 23 0.449880980591 0.009 0.008 0.001 0.0
0.472195015233 24 0.463195015233 0.009 0.008 0.001 0.0
0.480195015233 25 0.468976612933 0.0112184023 0.008 0.001 0.00221840230003
0.503181508451 26 0.494181508451 0.009 0.008 0.001 0.0
0.530011638062 27 0.521011638062 0.009 0.008 0.001 0.0
0.538011638062 28 0.523997537067 0.0140141009953 0.008 0.001 0.00501410099527
0.546011638062 29 0.53561083355 0.0104008045121 0.008 0.001 0.00140080451211
0.554011638062 30 0.542943597452 0.0110680406103 0.008 0.001 0.00206804061025
0.562011638062 31 0.546603152005 0.0154084860577 0.008 0.001 0.00640848605769
0.570011638062 32 0.552384571711 0.0176270663515 0.008 0.001 0.00862706635151
0.582286761715 33 0.573286761715 0.009 0.008 0.001 0.0
0.590351382679 34 0.581351382679 0.009 0.008 0.001 0.0
0.598351382679 35 0.582811028518 0.0155403541613 0.008 0.001 0.00654035416134
0.606351382679 36 0.585994868584 0.0203565140955 0.008 0.001 0.0113565140955
0.614351382679 37 0.598467106793 0.0158842758855 0.008 0.001 0.00688427588553
0.644133137448 38 0.635133137448 0.009 0.008 0.001 0.0
0.654526192801 39 0.645526192801 0.009 0.008 0.001 0.0
0.662526192801 40 0.649262884638 0.0132633081635 0.008 0.001 0.00426330816352
0.670526192801 41 0.65219882819 0.0183273646113 0.008 0.001 0.00932736461132
0.701813634267 42 0.692813634267 0.009 0.008 0.001 0.0
0.727813158238 43 0.718813158238 0.009 0.008 0.001 0.0
0.751859014873 44 0.742859014873 0.009 0.008 0.001 0.0
0.759859014873 45 0.747143065296 0.0127159495769 0.008 0.001 0.00371594957692
0.781429182468 46 0.772429182468 0.009 0.008 0.001 0.0
0.789429182468 47 0.778117181103 0.0113120013652 0.008 0.001 0.00231200136517
0.797429182468 48 0.781026719904 0.0164024625642 0.008 0.001 0.00740246256421
0.814498947754 49 0.805498947754 0.009 0.008 0.001 0.0
0.823658636713 50 0.814658636713 0.009 0.008 0.001 0.0
0.837212677696 51 0.828212677696 0.009 0.008 0.001 0.0
0.845212677696 52 0.833934548799 0.0112781288971 0.008 0.001 0.00227812889709
0.853212677696 53 0.837775105041 0.0154375726545 0.008 0.001 0.00643757265445
0.861212677696 54 0.838284855939 0.0229278217565 0.008 0.001 0.0139278217565
0.869212677696 55 0.845127925942 0.0240847517536 0.008 0.001 0.0150847517536
0.877212677696 56 0.850041234516 0.0271714431794 0.008 0.001 0.0181714431794
0.885212677696 57 0.855446248267 0.0297664294293 0.008 0.001 0.0207664294293
0.893212677696 58 0.859104272849 0.0341084048473 0.008 0.001 0.0251084048473
0.901212677696 59 0.867331850226 0.0338808274695 0.008 0.001 0.0248808274695
0.909212677696 60 0.876004084823 0.033208592873 0.008 0.001 0.024208592873
0.917212677696 61 0.883149769 0.0340629086963 0.008 0.001 0.0250629086963
0.925212677696 62 0.890313048044 0.034899629652 0.008 0.001 0.025899629652
0.933212677696 63 0.89741788346 0.0357947942361 0.008 0.001 0.0267947942361
0.941212677696 64 0.911007523363 0.030205154333 0.008 0.001 0.021205154333
0.949212677696 65 0.928291548044 0.0209211296523 0.008 0.001 0.0119211296523
0.957212677696 66 0.929741292814 0.027471384882 0.008 0.001 0.018471384882
0.965212677696 67 0.940578360812 0.0246343168837 0.008 0.001 0.0156343168837
0.973212677696 68 0.946998138436 0.0262145392603 0.008 0.001 0.0172145392603
0.984946974971 69 0.975946974971 0.009 0.008 0.001 0.0
0.997603661607 70 0.988603661607 0.009 0.008 0.001 0.0
1.00560366161 71 0.992239647816 0.0133640137912 0.008 0.001 0.00436401379115
1.01360366161 72 0.996519320563 0.017084341044 0.008 0.001 0.00808434104399
1.02160366161 73 1.00074283584 0.0208608257643 0.008 0.001 0.0118608257643
1.02960366161 74 1.00360604952 0.0259976120867 0.008 0.001 0.0169976120867
1.05370629405 75 1.04470629405 0.009 0.008 0.001 0.0
1.06170629405 76 1.04714955362 0.0145567404345 0.008 0.001 0.00555674043447
1.06970629405 77 1.05139791264 0.0183083814107 0.008 0.001 0.00930838141071
1.08616850451 78 1.07716850451 0.009 0.008 0.001 0.0
1.09416850451 79 1.08170726765 0.0124612368574 0.008 0.001 0.00346123685742
1.10216850451 80 1.08799324693 0.0141752575824 0.008 0.001 0.00517525758244
1.11016850451 81 1.10054282972 0.00962567478669 0.008 0.001 0.000625674786687
1.11816850451 82 1.10126699567 0.0169015088404 0.008 0.001 0.00790150884036
1.12616850451 83 1.11301627818 0.0131522263319 0.008 0.001 0.00415222633188
1.13613254143 84 1.12713254143 0.009 0.008 0.001 0.0
1.14413254143 85 1.13128488946 0.0128476519742 0.008 0.001 0.0038476519742
1.15333084407 86 1.14433084407 0.009 0.008 0.001 0.0
1.16133084407 87 1.14587286921 0.0154579748655 0.008 0.001 0.00645797486553
1.17240655349 88 1.16340655349 0.009 0.008 0.001 0.0
1.19489789256 89 1.18589789256 0.009 0.008 0.001 0.0
1.20747128782 90 1.19847128782 0.009 0.008 0.001 0.0
1.21815958054 91 1.20915958054 0.009 0.008 0.001 0.0
1.22615958054 92 1.21118403708 0.0149755434604 0.008 0.001 0.00597554346043
1.23415958054 93 1.21315646415 0.021003116387 0.008 0.001 0.012003116387
1.24215958054 94 1.2317749346 0.0103846459393 0.008 0.001 0.00138464593932
1.30459033324 95 1.29559033324 0.009 0.008 0.001 0.0
1.32669760633 96 1.31769760633 0.009 0.008 0.001 0.0
1.33635626028 97 1.32735626028 0.009 0.008 0.001 0.0
1.35269055954 98 1.34369055954 0.009 0.008 0.001 0.0
1.36069055954 99 1.34837002265 0.0123205368863 0.008 0.001 0.00332053688626
1.36869055954 100 1.35871675157 0.00997380797323 0.008 0.001 0.00097380797323
1.37669055954 101 1.36474630792 0.0119442516171 0.008 0.001 0.00294425161715
1.38469055954 102 1.37398807353 0.0107024860089 0.008 0.001 0.00170248600891
1.40330598186 103 1.39430598186 0.009 0.008 0.001 0.0
1.41130598186 104 1.39642101447 0.0148849673871 0.008 0.001 0.00588496738713
1.43599035264 105 1.42699035264 0.009 0.008 0.001 0.0
1.44445139942 106 1.43545139942 0.009 0.008 0.001 0.0
1.46583235392 107 1.45683235392 0.009 0.008 0.001 0.0
1.47383235392 108 1.46353283887 0.0102995150507 0.008 0.001 0.00129951505074
1.48784262952 109 1.47884262952 0.009 0.008 0.001 0.0
1.52323459652 110 1.51423459652 0.009 0.008 0.001 0.0
1.53771000464 111 1.52871000464 0.009 0.008 0.001 0.0
1.55003661473 112 1.54103661473 0.009 0.008 0.001 0.0
1.55803661473 113 1.54258172711 0.0154548876222 0.008 0.001 0.00645488762219
1.57761384758 114 1.56861384758 0.009 0.008 0.001 0.0
1.60310543065 115 1.59410543065 0.009 0.008 0.001 0.0
1.61925027659 116 1.61025027659 0.009 0.008 0.001 0.0
1.63076916412 117 1.62176916412 0.009 0.008 0.001 0.0
1.63884023331 118 1.62984023331 0.009 0.008 0.001 0.0
1.65136789037 119 1.64236789037 0.009 0.008 0.001 0.0
1.68185808099 120 1.67285808099 0.009 0.008 0.001 0.0
1.68985808099 121 1.67724248498 0.0126155960057 0.008 0.001 0.00361559600565
1.71362432619 122 1.70462432619 0.009 0.008 0.001 0.0
1.72162432619 123 1.70473259963 0.016891726568 0.008 0.001 0.00789172656798
1.72962432619 124 1.70589375976 0.0237305664342 0.008 0.001 0.0147305664342
1.73762432619 125 1.70760213509 0.0300221911056 0.008 0.001 0.0210221911056
1.74562432619 126 1.72867538818 0.0169489380135 0.008 0.001 0.00794893801354
1.75362432619 127 1.73495562924 0.0186686969519 0.008 0.001 0.00966869695191
1.76162432619 128 1.74490494135 0.0167193848473 0.008 0.001 0.00771938484728
1.76962432619 129 1.75065075217 0.0189735740205 0.008 0.001 0.00997357402053
1.77762432619 130 1.75274776433 0.0248765618667 0.008 0.001 0.0158765618667
1.80898184166 131 1.79998184166 0.009 0.008 0.001 0.0
1.84549725527 132 1.83649725527 0.009 0.008 0.001 0.0
1.85610957037 133 1.84710957037 0.009 0.008 0.001 0.0
1.86410957037 134 1.84716529834 0.0169442720369 0.008 0.001 0.00794427203692
1.87210957037 135 1.85434021845 0.0177693519234 0.008 0.001 0.0087693519234
1.88010957037 136 1.86617700077 0.0139325696027 0.008 0.001 0.0049325696027
1.88922539712 137 1.88022539712 0.009 0.008 0.001 0.0
1.91206612192 138 1.90306612192 0.009 0.008 0.001 0.0
1.95799696613 139 1.94899696613 0.009 0.008 0.001 0.0
1.96696057388 140 1.95796057388 0.009 0.008 0.001 0.0
1.98038205116 141 1.97138205116 0.009 0.008 0.001 0.0
2.00929538005 142 2.00029538005 0.009 0.008 0.001 0.0
2.01729538005 143 2.00366173433 0.0136336457249 0.008 0.001 0.00463364572488
2.03597631752 144 2.02697631752 0.009 0.008 0.001 0.0
2.04397631752 145 2.03463184436 0.0093444731593 0.008 0.001 0.000344473159296
2.05830621032 146 2.04930621032 0.009 0.008 0.001 0.0
2.06630621032 147 2.05632515656 0.0099810537609 0.008 0.001 0.000981053760904
2.07430621032 148 2.05994396068 0.0143622496392 0.008 0.001 0.00536224963924
2.08230621032 149 2.07200613172 0.0103000785959 0.008 0.001 0.00130007859588
2.10128781425 150 2.09228781425 0.009 0.008 0.001 0.0
2.10928781425 151 2.09447536633 0.0148124479176 0.008 0.001 0.00581244791762
2.11728781425 152 2.10063500249 0.0166528117567 0.008 0.001 0.00765281175669
2.12528781425 153 2.10449797806 0.0207898361913 0.008 0.001 0.0117898361913
2.13328781425 154 2.10591380702 0.0273740072285 0.008 0.001 0.0183740072285
2.1436868398 155 2.1346868398 0.009 0.008 0.001 0.0
2.155925727 156 2.146925727 0.009 0.008 0.001 0.0
2.17100659921 157 2.16200659921 0.009 0.008 0.001 0.0
2.18815102418 158 2.17915102418 0.009 0.008 0.001 0.0
2.19615102418 159 2.18398039565 0.0121706285355 0.008 0.001 0.00317062853549
2.20415102418 160 2.19189518667 0.0122558375072 0.008 0.001 0.00325583750721
2.21215102418 161 2.19329778478 0.0188532394034 0.008 0.001 0.00985323940342
2.22015102418 162 2.20007751067 0.0200735135091 0.008 0.001 0.0110735135091
2.23123170137 163 2.22223170137 0.009 0.008 0.001 0.0
2.23944918371 164 2.23044918371 0.009 0.008 0.001 0.0
2.27577482654 165 2.26677482654 0.009 0.008 0.001 0.0
2.31474203585 166 2.30574203585 0.009 0.008 0.001 0.0
2.32274203585 167 2.30794993558 0.0147921002696 0.008 0.001 0.00579210026956
2.33074203585 168 2.3088558279 0.0218862079548 0.008 0.001 0.0128862079548
2.33874203585 169 2.31760684487 0.0211351909817 0.008 0.001 0.0121351909817
2.34674203585 170 2.31886838577 0.02787365008 0.008 0.001 0.01887365008
2.35474203585 171 2.32493695637 0.0298050794825 0.008 0.001 0.0208050794825
2.36274203585 172 2.34928356747 0.0134584683779 0.008 0.001 0.00445846837786
2.37074203585 173 2.36141809371 0.00932394214273 0.008 0.001 0.000323942142728
2.38672563651 174 2.37772563651 0.009 0.008 0.001 0.0
2.41087127925 175 2.40187127925 0.009 0.008 0.001 0.0
2.41887127925 176 2.40222779954 0.0166434797181 0.008 0.001 0.00764347971809
2.45058955005 177 2.44158955005 0.009 0.008 0.001 0.0
2.45858955005 178 2.4415913498 0.0169982002529 0.008 0.001 0.00799820025294
2.4997829645 179 2.4907829645 0.009 0.008 0.001 0.0
2.51036714578 180 2.50136714578 0.009 0.008 0.001 0.0
2.52469286254 181 2.51569286254 0.009 0.008 0.001 0.0
2.53269286254 182 2.51707289518 0.0156199673602 0.008 0.001 0.00661996736024
2.54069286254 183 2.52824837818 0.0124444843639 0.008 0.001 0.00344448436387
2.54869286254 184 2.53257063569 0.0161222268447 0.008 0.001 0.00712222684468
2.56040933059 185 2.55140933059 0.009 0.008 0.001 0.0
2.57519871445 186 2.56619871445 0.009 0.008 0.001 0.0
2.58319871445 187 2.56883986045 0.0143588540032 0.008 0.001 0.00535885400322
2.60221738295 188 2.59321738295 0.009 0.008 0.001 0.0
2.62138830235 189 2.61238830235 0.009 0.008 0.001 0.0
2.62938830235 190 2.6192047454 0.0101835569574 0.008 0.001 0.00118355695742
2.63738830235 191 2.62078604058 0.0166022617739 0.008 0.001 0.00760226177388
2.64971591834 192 2.64071591834 0.009 0.008 0.001 0.0
2.66055089256 193 2.65155089256 0.009 0.008 0.001 0.0
2.67350398649 194 2.66450398649 0.009 0.008 0.001 0.0
2.68769442831 195 2.67869442831 0.009 0.008 0.001 0.0
2.69569442831 196 2.68060359971 0.0150908285983 0.008 0.001 0.00609082859831
2.70369442831 197 2.68860488809 0.0150895402167 0.008 0.001 0.00608954021669
2.71176942038 198 2.70276942038 0.009 0.008 0.001 0.0
2.71976942038 199 2.70972138626 0.0100480341139 0.008 0.001 0.00104803411392
2.72776942038 200 2.71585697576 0.01191244462 0.008 0.001 0.00291244461996
2.73576942038 201 2.72052726347 0.0152421569128 0.008 0.001 0.00624215691279
2.74376942038 202 2.72408816538 0.0196812549974 0.008 0.001 0.0106812549974
2.75176942038 203 2.72832436076 0.0234450596146 0.008 0.001 0.0144450596146
2.75976942038 204 2.728427352 0.0313420683779 0.008 0.001 0.0223420683779
2.76776942038 205 2.73937750481 0.0283919155636 0.008 0.001 0.0193919155636
2.77576942038 206 2.75430008719 0.0214693331902 0.008 0.001 0.0124693331902
2.78376942038 207 2.76763470182 0.0161347185552 0.008 0.001 0.00713471855518
2.79176942038 208 2.77108396398 0.0206854563969 0.008 0.001 0.0116854563969
2.80923844556 209 2.80023844556 0.009 0.008 0.001 0.0
2.81723844556 210 2.80138804514 0.015850400413 0.008 0.001 0.00685040041301
2.84172373552 211 2.83272373552 0.009 0.008 0.001 0.0
2.84972373552 212 2.84011402753 0.0096097079883 0.008 0.001 0.000609707988301
2.8594682967 213 2.8504682967 0.009 0.008 0.001 0.0
2.86857842206 214 2.85957842206 0.009 0.008 0.001 0.0
2.87991441865 215 2.87091441865 0.009 0.008 0.001 0.0
2.88791441865 216 2.87378261481 0.0141318038412 0.008 0.001 0.00513180384117
2.90861224758 217 2.89961224758 0.009 0.008 0.001 0.0
2.92162097934 218 2.91262097934 0.009 0.008 0.001 0.0
2.92962097934 219 2.91903137863 0.0105896007143 0.008 0.001 0.00158960071427
2.94172449825 220 2.93272449825 0.009 0.008 0.001 0.0
2.96042364437 221 2.95142364437 0.009 0.008 0.001 0.0
2.99299102136 222 2.98399102136 0.009 0.008 0.001 0.0
3.00099102136 223 2.98547045872 0.0155205626391 0.008 0.001 0.0065205626391
3.00899102136 224 2.99324753838 0.0157434829853 0.008 0.001 0.00674348298526
3.01699102136 225 2.99413942336 0.0228515979968 0.008 0.001 0.0138515979968
3.02499102136 226 3.01048929266 0.0145017287053 0.008 0.001 0.00550172870533
3.03482803303 227 3.02582803303 0.009 0.008 0.001 0.0
3.05050571252 228 3.04150571252 0.009 0.008 0.001 0.0
3.07677092928 229 3.06777092928 0.009 0.008 0.001 0.0
3.10606823118 230 3.09706823118 0.009 0.008 0.001 0.0
3.11406823118 231 3.09914432272 0.0149239084623 0.008 0.001 0.00592390846231
3.12206823118 232 3.11067251557 0.0113957156106 0.008 0.001 0.00239571561061
3.13006823118 233 3.11875445509 0.0113137760866 0.008 0.001 0.00231377608665
3.13806823118 234 3.12530298152 0.0127652496624 0.008 0.001 0.00376524966238
3.14606823118 235 3.13303511364 0.0130331175382 0.008 0.001 0.0040331175382
3.15498008215 236 3.14598008215 0.009 0.008 0.001 0.0
3.16731398094 237 3.15831398094 0.009 0.008 0.001 0.0
3.17641027801 238 3.16741027801 0.009 0.008 0.001 0.0
3.18441027801 239 3.17085092884 0.0135593491634 0.008 0.001 0.00455934916338
3.19241027801 240 3.17482389133 0.0175863866806 0.008 0.001 0.00858638668058
3.22784080184 241 3.21884080184 0.009 0.008 0.001 0.0
3.28709982251 242 3.27809982251 0.009 0.008 0.001 0.0
3.29509982251 243 3.27969521546 0.0154046070491 0.008 0.001 0.00640460704911
3.3094986674 244 3.3004986674 0.009 0.008 0.001 0.0
3.3174986674 245 3.30434470669 0.0131539607091 0.008 0.001 0.00415396070908
3.33803161634 246 3.32903161634 0.009 0.008 0.001 0.0
3.37477801934 247 3.36577801934 0.009 0.008 0.001 0.0
3.38945734858 248 3.38045734858 0.009 0.008 0.001 0.0
3.39967683391 249 3.39067683391 0.009 0.008 0.001 0.0
3.40849722205 250 3.39949722205 0.009 0.008 0.001 0.0
3.42697050693 251 3.41797050693 0.009 0.008 0.001 0.0
3.44798846034 252 3.43898846034 0.009 0.008 0.001 0.0
3.45961029295 253 3.45061029295 0.009 0.008 0.001 0.0
3.46761029295 254 3.45648917428 0.01112111867 0.008 0.001 0.00212111867
3.4827771013 255 3.4737771013 0.009 0.008 0.001 0.0
3.52011406298 256 3.51111406298 0.009 0.008 0.001 0.0
3.52811406298 257 3.51442598359 0.0136880793856 0.008 0.001 0.00468807938564
3.53611406298 258 3.52022564662 0.0158884163564 0.008 0.001 0.00688841635637
3.54411406298 259 3.52591039933 0.0182036636495 0.008 0.001 0.00920366364954
3.55687142062 260 3.54787142062 0.009 0.008 0.001 0.0
3.56728307861 261 3.55828307861 0.009 0.008 0.001 0.0
3.57528307861 262 3.56210649719 0.0131765814186 0.008 0.001 0.00417658141861
3.58328307861 263 3.57184981289 0.0114332657189 0.008 0.001 0.00243326571885
3.6042378163 264 3.5952378163 0.009 0.008 0.001 0.0
3.6761057657 265 3.6671057657 0.009 0.008 0.001 0.0
3.68524602701 266 3.67624602701 0.009 0.008 0.001 0.0
3.69372247786 267 3.68472247786 0.009 0.008 0.001 0.0
3.7225376939 268 3.7135376939 0.009 0.008 0.001 0.0
3.7305376939 269 3.71893310548 0.0116045884263 0.008 0.001 0.00260458842628
3.7529971695 270 3.7439971695 0.009 0.008 0.001 0.0
3.81110539926 271 3.80210539926 0.009 0.008 0.001 0.0
3.83857832766 272 3.82957832766 0.009 0.008 0.001 0.0
3.84923114501 273 3.84023114501 0.009 0.008 0.001 0.0
3.85723114501 274 3.84343053816 0.0138006068495 0.008 0.001 0.0048006068495
3.86776465908 275 3.85876465908 0.009 0.008 0.001 0.0
3.87576465908 276 3.86475747029 0.0110071887927 0.008 0.001 0.00200718879273
3.90103176654 277 3.89203176654 0.009 0.008 0.001 0.0
3.93504000844 278 3.92604000844 0.009 0.008 0.001 0.0
3.94713315377 279 3.93813315377 0.009 0.008 0.001 0.0
3.95513315377 280 3.94392320065 0.0112099531163 0.008 0.001 0.00220995311635
3.96313315377 281 3.95172155749 0.0114115962751 0.008 0.001 0.00241159627509
3.97113315377 282 3.96000872143 0.0111244323416 0.008 0.001 0.00212443234162
3.97913315377 283 3.96120758732 0.0179255664469 0.008 0.001 0.00892556644688
3.98713315377 284 3.96275423952 0.0243789142459 0.008 0.001 0.0153789142459
3.99513315377 285 3.96764778619 0.0274853675739 0.008 0.001 0.0184853675739
4.00313315377 286 3.97738632926 0.0257468245056 0.008 0.001 0.0167468245056
4.01113315377 287 3.99477211327 0.0163610405004 0.008 0.001 0.00736104050043
4.02479716427 288 4.01579716427 0.009 0.008 0.001 0.0
4.06403223701 289 4.05503223701 0.009 0.008 0.001 0.0
4.07256822937 290 4.06356822937 0.009 0.008 0.001 0.0
4.10513188598 291 4.09613188598 0.009 0.008 0.001 0.0
4.11313188598 292 4.09989712266 0.0132347633211 0.008 0.001 0.00423476332107
4.1278749478 293 4.1188749478 0.009 0.008 0.001 0.0
4.14024833589 294 4.13124833589 0.009 0.008 0.001 0.0
4.14824833589 295 4.13488634336 0.0133619925231 0.008 0.001 0.00436199252308
4.1592907438 296 4.1502907438 0.009 0.008 0.001 0.0
4.1672907438 297 4.1525227184 0.0147680254001 0.008 0.001 0.00576802540012
4.1752907438 298 4.15420238613 0.0210883576685 0.008 0.001 0.0120883576685
4.1832907438 299 4.16501109557 0.0182796482248 0.008 0.001 0.0092796482248
4.20167894684 300 4.19267894684 0.009 0.008 0.001 0.0
4.21220133832 301 4.20320133832 0.009 0.008 0.001 0.0
4.22020133832 302 4.20493572383 0.0152656144842 0.008 0.001 0.00626561448419
4.28047548514 303 4.27147548514 0.009 0.008 0.001 0.0
4.31300518211 304 4.30400518211 0.009 0.008 0.001 0.0
4.32465324149 305 4.31565324149 0.009 0.008 0.001 0.0
4.33265324149 306 4.3173731866 0.0152800548899 0.008 0.001 0.00628005488987
4.34065324149 307 4.32198030216 0.0186729393234 0.008 0.001 0.00967293932342
4.35129689676 308 4.34229689676 0.009 0.008 0.001 0.0
4.35929689676 309 4.34233554827 0.0169613484976 0.008 0.001 0.00796134849756
4.36729689676 310 4.34344983702 0.0238470597467 0.008 0.001 0.0148470597467
4.38156874957 311 4.37256874957 0.009 0.008 0.001 0.0
4.38956874957 312 4.37800117781 0.0115675717641 0.008 0.001 0.00256757176408
4.39756874957 313 4.38765165337 0.00991709620951 0.008 0.001 0.000917096209514
4.41163548848 314 4.40263548848 0.009 0.008 0.001 0.0
4.44857010195 315 4.43957010195 0.009 0.008 0.001 0.0
4.45657010195 316 4.44481270316 0.0117573987852 0.008 0.001 0.0027573987852
4.49655817883 317 4.48755817883 0.009 0.008 0.001 0.0
4.50455817883 318 4.49334913674 0.0112090420828 0.008 0.001 0.00220904208282
4.51788950799 319 4.50888950799 0.009 0.008 0.001 0.0
4.53440647426 320 4.52540647426 0.009 0.008 0.001 0.0
4.59638786853 321 4.58738786853 0.009 0.008 0.001 0.0
4.60438786853 322 4.59320813505 0.0111797334868 0.008 0.001 0.00217973348679
4.61238786853 323 4.60107099598 0.0113168725518 0.008 0.001 0.00231687255179
4.62038786853 324 4.60134202201 0.0190458465184 0.008 0.001 0.0100458465184
4.62838786853 325 4.61858018114 0.00980768739677 0.008 0.001 0.000807687396769
4.64314743217 326 4.63414743217 0.009 0.008 0.001 0.0
4.65114743217 327 4.63956525035 0.0115821818231 0.008 0.001 0.00258218182306
4.65914743217 328 4.64255790117 0.0165895310057 0.008 0.001 0.0075895310057
4.69469714182 329 4.68569714182 0.009 0.008 0.001 0.0
4.70269714182 330 4.69225640499 0.0104407368345 0.008 0.001 0.00144073683452
4.71069714182 331 4.69758917651 0.0131079653133 0.008 0.001 0.00410796531331
4.73025378338 332 4.72125378338 0.009 0.008 0.001 0.0
4.73825378338 333 4.72241875486 0.0158350285278 0.008 0.001 0.00683502852782
4.74625378338 334 4.72882503131 0.0174287520699 0.008 0.001 0.00842875206995
4.75425378338 335 4.73074033309 0.0235134502899 0.008 0.001 0.0145134502899
4.76225378338 336 4.73742669888 0.0248270844986 0.008 0.001 0.0158270844986
4.77025378338 337 4.73812197221 0.0321318111751 0.008 0.001 0.0231318111751
4.77825378338 338 4.74116773917 0.0370860442104 0.008 0.001 0.0280860442104
4.78625378338 339 4.74607884561 0.040174937769 0.008 0.001 0.031174937769
4.79425378338 340 4.7465888015 0.0476649818873 0.008 0.001 0.0386649818873
4.80225378338 341 4.75364262253 0.0486111608527 0.008 0.001 0.0396111608527
4.81025378338 342 4.76935509183 0.0408986915515 0.008 0.001 0.0318986915515
4.81825378338 343 4.77011643958 0.0481373438063 0.008 0.001 0.0391373438063
4.82625378338 344 4.77769923893 0.0485545444536 0.008 0.001 0.0395545444536
4.83425378338 345 4.79665797774 0.0375958056473 0.008 0.001 0.0285958056473
4.85481803626 346 4.84581803626 0.009 0.008 0.001 0.0
4.87127123099 347 4.86227123099 0.009 0.008 0.001 0.0
4.88363359462 348 4.87463359462 0.009 0.008 0.001 0.0
4.89163359462 349 4.87730656039 0.0143270342263 0.008 0.001 0.00532703422629
4.89963359462 350 4.88011428342 0.0195193112013 0.008 0.001 0.0105193112013
4.91807697677 351 4.90907697677 0.009 0.008 0.001 0.0
4.92607697677 352 4.91227962505 0.013797351723 0.008 0.001 0.004797351723
4.93407697677 353 4.91696653846 0.0171104383185 0.008 0.001 0.00811043831845
4.94207697677 354 4.9231761384 0.0189008383756 0.008 0.001 0.00990083837564
4.95007697677 355 4.92655632397 0.0235206528028 0.008 0.001 0.0145206528028
4.95807697677 356 4.93545274729 0.0226242294841 0.008 0.001 0.0136242294841
4.96859739824 357 4.95959739824 0.009 0.008 0.001 0.0
4.97659739824 358 4.96486961073 0.011727787512 0.008 0.001 0.00272778751199
5.0101311394 359 5.0011311394 0.009 0.008 0.001 0.0
5.0181311394 360 5.00638687831 0.0117442610972 0.008 0.001 0.00274426109718
5.03575379331 361 5.02675379331 0.009 0.008 0.001 0.0
5.04375379331 362 5.03365869783 0.0100950954842 0.008 0.001 0.00109509548423
5.05175379331 363 5.03428394694 0.0174698463707 0.008 0.001 0.00846984637071
5.05975379331 364 5.03437049452 0.0253832987944 0.008 0.001 0.0163832987944
5.08177570417 365 5.07277570417 0.009 0.008 0.001 0.0
5.09236498771 366 5.08336498771 0.009 0.008 0.001 0.0
5.14733604044 367 5.13833604044 0.009 0.008 0.001 0.0
5.15533604044 368 5.14221233369 0.0131237067522 0.008 0.001 0.00412370675221
5.16333604044 369 5.14634628592 0.0169897545209 0.008 0.001 0.00798975452088
5.17133604044 370 5.15079890676 0.020537133678 0.008 0.001 0.011537133678
5.17933604044 371 5.15231447617 0.0270215642704 0.008 0.001 0.0180215642704
5.18733604044 372 5.16033821588 0.0269978245533 0.008 0.001 0.0179978245533
5.19533604044 373 5.17911724014 0.0162188002996 0.008 0.001 0.00721880029958
5.20333604044 374 5.18420893736 0.01912710308 0.008 0.001 0.01012710308
5.22282364743 375 5.21382364743 0.009 0.008 0.001 0.0
5.25617038239 376 5.24717038239 0.009 0.008 0.001 0.0
5.26417038239 377 5.25054035266 0.0136300297266 0.008 0.001 0.00463002972658
5.27217038239 378 5.25561297411 0.0165574082769 0.008 0.001 0.00755740827689
5.28017038239 379 5.25888058066 0.0212898017283 0.008 0.001 0.0122898017283
5.28817038239 380 5.26276938543 0.0254009969551 0.008 0.001 0.0164009969551
5.29617038239 381 5.26800078639 0.0281695959942 0.008 0.001 0.0191695959942
5.30417038239 382 5.27863803737 0.0255323450145 0.008 0.001 0.0165323450145
5.31217038239 383 5.28336231612 0.0288080662692 0.008 0.001 0.0198080662692
5.32137229785 384 5.31237229785 0.009 0.008 0.001 0.0
5.32937229785 385 5.31807329806 0.0112989997841 0.008 0.001 0.00229899978412
5.33737229785 386 5.32653785357 0.0108344442716 0.008 0.001 0.00183444427158
5.34537229785 387 5.3313437899 0.0140285079464 0.008 0.001 0.00502850794644
5.35337229785 388 5.34016625572 0.0132060421295 0.008 0.001 0.00420604212948
5.36137229785 389 5.34573497445 0.0156373233959 0.008 0.001 0.00663732339591
5.3695481164 390 5.3605481164 0.009 0.008 0.001 0.0
5.3775481164 391 5.36123964286 0.016308473546 0.008 0.001 0.00730847354602
5.3855481164 392 5.3648433649 0.0207047515045 0.008 0.001 0.0117047515045
5.3935481164 393 5.37206303696 0.02148507944 0.008 0.001 0.01248507944
5.4015481164 394 5.38260372527 0.0189443911302 0.008 0.001 0.00994439113021
5.4095481164 395 5.39439948328 0.0151486331249 0.008 0.001 0.00614863312489
5.4175481164 396 5.39981650848 0.0177316079194 0.008 0.001 0.00873160791938
5.4255481164 397 5.40128014291 0.0242679734931 0.008 0.001 0.0152679734931
5.4335481164 398 5.42122488069 0.0123232357189 0.008 0.001 0.00332323571891
5.4415481164 399 5.42548125341 0.0160668629986 0.008 0.001 0.00706686299861
5.50930618432 400 5.50030618432 0.009 0.008 0.001 0.0
5.51730618432 401 5.50674178467 0.0105643996513 0.008 0.001 0.0015643996513
5.52530618432 402 5.50727587476 0.0180303095528 0.008 0.001 0.00903030955284
5.5383365134 403 5.5293365134 0.009 0.008 0.001 0.0
5.5463365134 404 5.53334628493 0.0129902284622 0.008 0.001 0.00399022846225
5.5543365134 405 5.5348663019 0.0194702114956 0.008 0.001 0.0104702114956
5.56901638542 406 5.56001638542 0.009 0.008 0.001 0.0
5.59656850209 407 5.58756850209 0.009 0.008 0.001 0.0
5.60456850209 408 5.59333538862 0.0112331134703 0.008 0.001 0.00223311347032
5.61256850209 409 5.59669627279 0.0158722293023 0.008 0.001 0.00687222930232
5.63735187131 410 5.62835187131 0.009 0.008 0.001 0.0
5.64535187131 411 5.63072122502 0.0146306462926 0.008 0.001 0.00563064629259
5.65335187131 412 5.63200827063 0.0213436006815 0.008 0.001 0.0123436006815
5.67591187507 413 5.66691187507 0.009 0.008 0.001 0.0
5.68391187507 414 5.66720257995 0.0167092951232 0.008 0.001 0.00770929512318
5.69191187507 415 5.66797052043 0.0239413546417 0.008 0.001 0.0149413546417
5.69991187507 416 5.6696059828 0.0303058922785 0.008 0.001 0.0213058922785
5.70791187507 417 5.67794314067 0.0299687344051 0.008 0.001 0.0209687344051
5.71591187507 418 5.6824246946 0.0334871804743 0.008 0.001 0.0244871804743
5.72391187507 419 5.69356207874 0.0303497963353 0.008 0.001 0.0213497963353
5.73191187507 420 5.70140907712 0.0305027979516 0.008 0.001 0.0215027979516
5.73991187507 421 5.70369571077 0.0362161643 0.008 0.001 0.0272161643
5.74791187507 422 5.70654894551 0.0413629295631 0.008 0.001 0.0323629295631
5.75591187507 423 5.71772558252 0.0381862925512 0.008 0.001 0.0291862925512
5.76391187507 424 5.71807186086 0.0458400142136 0.008 0.001 0.0368400142136
5.77191187507 425 5.72450638027 0.047405494807 0.008 0.001 0.038405494807
5.77991187507 426 5.7350702024 0.0448416726718 0.008 0.001 0.0358416726718
5.78791187507 427 5.73897038932 0.048941485755 0.008 0.001 0.039941485755
5.79591187507 428 5.75512508815 0.040786786923 0.008 0.001 0.031786786923
5.80391187507 429 5.76191067206 0.0420012030104 0.008 0.001 0.0330012030104
5.81191187507 430 5.76225482177 0.0496570532994 0.008 0.001 0.0406570532994
5.81991187507 431 5.76284845804 0.0570634170373 0.008 0.001 0.0480634170373
5.82791187507 432 5.77400445768 0.0539074173978 0.008 0.001 0.0449074173978
5.83591187507 433 5.78653128289 0.0493805921877 0.008 0.001 0.0403805921877
5.84391187507 434 5.82042945068 0.0234824243987 0.008 0.001 0.0144824243987
5.85191187507 435 5.82288078789 0.0290310871844 0.008 0.001 0.0200310871844
5.85991187507 436 5.83171330287 0.0281985722032 0.008 0.001 0.0191985722032
5.89764097036 437 5.88864097036 0.009 0.008 0.001 0.0
5.92220871745 438 5.91320871745 0.009 0.008 0.001 0.0
5.95341103999 439 5.94441103999 0.009 0.008 0.001 0.0
5.96141103999 440 5.94484981651 0.016561223479 0.008 0.001 0.00756122347898
5.96941103999 441 5.95023786834 0.0191731716567 0.008 0.001 0.0101731716567
6.02594659456 442 6.01694659456 0.009 0.008 0.001 0.0
6.03394659456 443 6.02369585103 0.0102507435246 0.008 0.001 0.00125074352463
6.04561605386 444 6.03661605386 0.009 0.008 0.001 0.0
6.05361605386 445 6.03857849108 0.0150375627829 0.008 0.001 0.00603756278285
6.06161605386 446 6.03859282524 0.0230232286233 0.008 0.001 0.0140232286233
6.06961605386 447 6.04460907551 0.0250069783513 0.008 0.001 0.0160069783513
6.08091077947 448 6.07191077947 0.009 0.008 0.001 0.0
6.08891077947 449 6.07732946594 0.0115813135342 0.008 0.001 0.00258131353424
6.09691077947 450 6.08710712866 0.00980365080764 0.008 0.001 0.000803650807635
6.10491077947 451 6.08929404976 0.0156167297076 0.008 0.001 0.0066167297076
6.11291077947 452 6.08939742703 0.0235133524434 0.008 0.001 0.0145133524434
6.12776468919 453 6.11876468919 0.009 0.008 0.001 0.0
6.13576468919 454 6.12295594123 0.0128087479609 0.008 0.001 0.0038087479609
6.16441215954 455 6.15541215954 0.009 0.008 0.001 0.0
6.17241215954 456 6.15880100367 0.0136111558696 0.008 0.001 0.00461115586959
6.18041215954 457 6.16357690285 0.016835256688 0.008 0.001 0.00783525668801
6.18841215954 458 6.16918367384 0.0192284856989 0.008 0.001 0.0102284856989
6.22499629617 459 6.21599629617 0.009 0.008 0.001 0.0
6.23299629617 460 6.22211549081 0.0108808053563 0.008 0.001 0.0018808053563
6.24919786303 461 6.24019786303 0.009 0.008 0.001 0.0
6.26080236809 462 6.25180236809 0.009 0.008 0.001 0.0
6.26880236809 463 6.2548189939 0.013983374189 0.008 0.001 0.00498337418898
6.29561471121 464 6.28661471121 0.009 0.008 0.001 0.0
6.30938392765 465 6.30038392765 0.009 0.008 0.001 0.0
6.31738392765 466 6.30299800247 0.0143859251817 0.008 0.001 0.00538592518174
6.32538392765 467 6.31213437047 0.0132495571787 0.008 0.001 0.00424955717871
6.33338392765 468 6.31399752828 0.019386399374 0.008 0.001 0.010386399374
6.34177456341 469 6.33277456341 0.009 0.008 0.001 0.0
6.37507654983 470 6.36607654983 0.009 0.008 0.001 0.0
6.38307654983 471 6.36773172211 0.0153448277113 0.008 0.001 0.00634482771134
6.39107654983 472 6.38189144152 0.00918510830902 0.008 0.001 0.000185108309022
6.39907654983 473 6.38340362507 0.0156729247582 0.008 0.001 0.00667292475815
6.40707654983 474 6.38734441511 0.0197321347107 0.008 0.001 0.0107321347106
6.42037058122 475 6.41137058122 0.009 0.008 0.001 0.0
6.42933036568 476 6.42033036568 0.009 0.008 0.001 0.0
6.44559012141 477 6.43659012141 0.009 0.008 0.001 0.0
6.46428396026 478 6.45528396026 0.009 0.008 0.001 0.0
6.47581935292 479 6.46681935292 0.009 0.008 0.001 0.0
6.50147272073 480 6.49247272073 0.009 0.008 0.001 0.0
6.53359865288 481 6.52459865288 0.009 0.008 0.001 0.0
6.58349066159 482 6.57449066159 0.009 0.008 0.001 0.0
6.60252940721 483 6.59352940721 0.009 0.008 0.001 0.0
6.64459045158 484 6.63559045158 0.009 0.008 0.001 0.0
6.65959841806 485 6.65059841806 0.009 0.008 0.001 0.0
6.66759841806 486 6.65568985892 0.0119085591379 0.008 0.001 0.00290855913788
6.67559841806 487 6.66017707484 0.0154213432163 0.008 0.001 0.00642134321628
6.68359841806 488 6.67189266439 0.0117057536631 0.008 0.001 0.0027057536631
6.69159841806 489 6.67776236339 0.0138360546625 0.008 0.001 0.00483605466251
6.69959841806 490 6.68348677256 0.0161116454963 0.008 0.001 0.00711164549633
6.70759841806 491 6.69714653693 0.0104518811252 0.008 0.001 0.00145188112519
6.71559841806 492 6.70309398786 0.0125044302007 0.008 0.001 0.00350443020072
6.72359841806 493 6.70880347559 0.014794942471 0.008 0.001 0.00579494247104
6.73159841806 494 6.70950544916 0.0220929688931 0.008 0.001 0.0130929688931
6.73959841806 495 6.7105929718 0.02900544626 0.008 0.001 0.02000544626
6.75598277809 496 6.74698277809 0.009 0.008 0.001 0.0
6.81059811605 497 6.80159811605 0.009 0.008 0.001 0.0
6.81859811605 498 6.80224847853 0.016349637512 0.008 0.001 0.00734963751203
6.83131442098 499 6.82231442098 0.009 0.008 0.001 0.0
6.83931442098 500 6.82302441641 0.0162900045626 0.008 0.001 0.00729000456256
6.87999922594 501 6.87099922594 0.009 0.008 0.001 0.0
6.89478824256 502 6.88578824256 0.009 0.008 0.001 0.0
6.91046126916 503 6.90146126916 0.009 0.008 0.001 0.0
6.91846126916 504 6.90182910494 0.0166321642252 0.008 0.001 0.00763216422518
6.92646126916 505 6.91297463796 0.0134866312003 0.008 0.001 0.00448663120028
6.93446126916 506 6.91971759846 0.014743670699 0.008 0.001 0.00574367069896
6.94246126916 507 6.92938043124 0.0130808379214 0.008 0.001 0.00408083792138
6.95046126916 508 6.93136813 0.019093139159 0.008 0.001 0.010093139159
6.95846126916 509 6.94139349074 0.0170677784227 0.008 0.001 0.00806777842266
6.96646126916 510 6.9491938931 0.0172673760642 0.008 0.001 0.00826737606422
6.99029937791 511 6.98129937791 0.009 0.008 0.001 0.0
6.99829937791 512 6.9855551739 0.0127442040108 0.008 0.001 0.00374420401083
7.00629937791 513 6.98701634641 0.0192830314988 0.008 0.001 0.0102830314988
7.01429937791 514 6.99620449126 0.0180948866459 0.008 0.001 0.00909488664587
7.02229937791 515 6.99976137697 0.0225380009348 0.008 0.001 0.0135380009348
7.03029937791 516 7.00643454382 0.0238648340884 0.008 0.001 0.0148648340884
7.03829937791 517 7.00783759698 0.0304617809316 0.008 0.001 0.0214617809316
7.04629937791 518 7.03218797901 0.0141113988953 0.008 0.001 0.00511139889534
7.0649298291 519 7.0559298291 0.009 0.008 0.001 0.0
7.09095844577 520 7.08195844577 0.009 0.008 0.001 0.0
7.09895844577 521 7.08396966655 0.0149887792264 0.008 0.001 0.0059887792264
7.11846469504 522 7.10946469504 0.009 0.008 0.001 0.0
7.15727115345 523 7.14827115345 0.009 0.008 0.001 0.0
7.17462849584 524 7.16562849584 0.009 0.008 0.001 0.0
7.18262849584 525 7.17339871816 0.00922977768391 0.008 0.001 0.000229777683913
7.19062849584 526 7.17499099998 0.0156374958647 0.008 0.001 0.00663749586475
7.19862849584 527 7.1753005739 0.0233279219484 0.008 0.001 0.0143279219484
7.20662849584 528 7.18102415947 0.0256043363711 0.008 0.001 0.0166043363711
7.21462849584 529 7.18298342288 0.0316450729629 0.008 0.001 0.0226450729629
7.22262849584 530 7.18669532271 0.0359331731318 0.008 0.001 0.0269331731318
7.23062849584 531 7.19857868579 0.0320498100504 0.008 0.001 0.0230498100504
7.23862849584 532 7.20103996858 0.0375885272674 0.008 0.001 0.0285885272674
7.24662849584 533 7.20148057954 0.0451479162997 0.008 0.001 0.0361479162997
7.25462849584 534 7.20445040374 0.0501780921011 0.008 0.001 0.0411780921011
7.26262849584 535 7.22214104997 0.0404874458775 0.008 0.001 0.0314874458775
7.27062849584 536 7.22819143839 0.0424370574554 0.008 0.001 0.0334370574554
7.27862849584 537 7.24662992974 0.031998566107 0.008 0.001 0.022998566107
7.28662849584 538 7.25264584967 0.0339826461688 0.008 0.001 0.0249826461688
7.29462849584 539 7.26785548495 0.0267730108918 0.008 0.001 0.0177730108918
7.30262849584 540 7.27927962413 0.0233488717127 0.008 0.001 0.0143488717127
7.31062849584 541 7.28565842371 0.0249700721351 0.008 0.001 0.0159700721351
7.32117969195 542 7.31217969195 0.009 0.008 0.001 0.0
7.33866665601 543 7.32966665601 0.009 0.008 0.001 0.0
7.34666665601 544 7.33192208305 0.0147445729663 0.008 0.001 0.00574457296632
7.35466665601 545 7.33340122252 0.0212654334932 0.008 0.001 0.0122654334932
7.36266665601 546 7.34367874958 0.018987906432 0.008 0.001 0.00998790643195
7.37066665601 547 7.35501507604 0.0156515799773 0.008 0.001 0.00665157997731
7.37866665601 548 7.35746391244 0.0212027435696 0.008 0.001 0.0122027435696
7.42567395606 549 7.41667395606 0.009 0.008 0.001 0.0
7.43367395606 550 7.42430253638 0.00937141967857 0.008 0.001 0.000371419678569
7.4768291069 551 7.4678291069 0.009 0.008 0.001 0.0
7.4848291069 552 7.46876480963 0.0160642972688 0.008 0.001 0.00706429726878
7.49327396935 553 7.48427396935 0.009 0.008 0.001 0.0
7.51305302294 554 7.50405302294 0.009 0.008 0.001 0.0
7.52992339379 555 7.52092339379 0.009 0.008 0.001 0.0
7.53792339379 556 7.52289412405 0.0150292697387 0.008 0.001 0.00602926973867
7.54592339379 557 7.52432764512 0.0215957486665 0.008 0.001 0.0125957486665
7.55392339379 558 7.53552403904 0.0183993547477 0.008 0.001 0.00939935474766
7.59514699088 559 7.58614699088 0.009 0.008 0.001 0.0
7.60709478703 560 7.59809478703 0.009 0.008 0.001 0.0
7.63353069201 561 7.62453069201 0.009 0.008 0.001 0.0
7.64153069201 562 7.62591768924 0.015613002774 0.008 0.001 0.006613002774
7.66152515276 563 7.65252515276 0.009 0.008 0.001 0.0
7.66952515276 564 7.65476100445 0.0147641483042 0.008 0.001 0.00576414830416
7.67773380614 565 7.66873380614 0.009 0.008 0.001 0.0
7.69392963112 566 7.68492963112 0.009 0.008 0.001 0.0
7.71365946119 567 7.70465946119 0.009 0.008 0.001 0.0
7.73613623282 568 7.72713623282 0.009 0.008 0.001 0.0
7.74965271889 569 7.74065271889 0.009 0.008 0.001 0.0
7.75765271889 570 7.74333474561 0.0143179732856 0.008 0.001 0.00531797328564
7.76565271889 571 7.74404032294 0.0216123959576 0.008 0.001 0.0126123959576
7.77365271889 572 7.74926403421 0.024388684684 0.008 0.001 0.015388684684
7.78165271889 573 7.75358645436 0.0280662645348 0.008 0.001 0.0190662645348
7.78965271889 574 7.76878092345 0.0208717954465 0.008 0.001 0.0118717954465
7.80728773838 575 7.79828773838 0.009 0.008 0.001 0.0
7.81605167684 576 7.80705167684 0.009 0.008 0.001 0.0
7.83258825803 577 7.82358825803 0.009 0.008 0.001 0.0
7.84058825803 578 7.83070466816 0.00988358987176 0.008 0.001 0.000883589871758
7.84858825803 579 7.83162406486 0.0169641931745 0.008 0.001 0.00796419317455
7.85658825803 580 7.84423503519 0.012353222848 0.008 0.001 0.00335322284799
7.86545761712 581 7.85645761712 0.009 0.008 0.001 0.0
7.87445446989 582 7.86545446989 0.009 0.008 0.001 0.0
7.88245446989 583 7.87290919174 0.00954527815054 0.008 0.001 0.000545278150542
7.90233774791 584 7.89333774791 0.009 0.008 0.001 0.0
7.91033774791 585 7.90074798893 0.00958975897934 0.008 0.001 0.000589758979337
7.91833774791 586 7.90203887168 0.0162988762299 0.008 0.001 0.00729887622992
7.93273277656 587 7.92373277656 0.009 0.008 0.001 0.0
7.9429461379 588 7.9339461379 0.009 0.008 0.001 0.0
7.9509461379 589 7.93447019659 0.016475941312 0.008 0.001 0.00747594131202
7.9589461379 590 7.94648452756 0.012461610339 0.008 0.001 0.00346161033896
7.99377343418 591 7.98477343418 0.009 0.008 0.001 0.0
8.00584925994 592 7.99684925994 0.009 0.008 0.001 0.0
8.01384925994 593 8.00353668029 0.0103125796556 0.008 0.001 0.00131257965556
8.03699752924 594 8.02799752924 0.009 0.008 0.001 0.0
8.0648871983 595 8.0558871983 0.009 0.008 0.001 0.0
8.0728871983 596 8.05996317006 0.0129240282353 0.008 0.001 0.00392402823528
8.0808871983 597 8.0664514626 0.0144357356915 0.008 0.001 0.00543573569154
8.0888871983 598 8.07489598345 0.0139912148422 0.008 0.001 0.00499121484216
8.10509609773 599 8.09609609773 0.009 0.008 0.001 0.0
8.1162785454 600 8.1072785454 0.009 0.008 0.001 0.0
8.12990468215 601 8.12090468215 0.009 0.008 0.001 0.0
8.1387060781 602 8.1297060781 0.009 0.008 0.001 0.0
8.1467060781 603 8.13109154536 0.015614532741 0.008 0.001 0.006614532741
8.15999458069 604 8.15099458069 0.009 0.008 0.001 0.0
8.173522326 605 8.164522326 0.009 0.008 0.001 0.0
8.181522326 606 8.16511049292 0.0164118330853 0.008 0.001 0.00741183308529
8.22000067511 607 8.21100067511 0.009 0.008 0.001 0.0
8.22800067511 608 8.21629875577 0.0117019193349 0.008 0.001 0.00270191933493
8.28248027938 609 8.27348027938 0.009 0.008 0.001 0.0
8.30957783321 610 8.30057783321 0.009 0.008 0.001 0.0
8.31757783321 611 8.30571901383 0.0118588193709 0.008 0.001 0.00285881937092
8.32557783321 612 8.30978773281 0.0157901003998 0.008 0.001 0.00679010039979
8.33357783321 613 8.31270442803 0.0208734051803 0.008 0.001 0.0118734051803
8.34157783321 614 8.32223572588 0.0193421073249 0.008 0.001 0.0103421073249
8.34957783321 615 8.33362397085 0.0159538623556 0.008 0.001 0.00695386235563
8.35757783321 616 8.33395526721 0.023622565997 0.008 0.001 0.014622565997
8.36557783321 617 8.34194480199 0.0236330312178 0.008 0.001 0.0146330312178
8.37357783321 618 8.35286978324 0.0207080499655 0.008 0.001 0.0117080499655
8.38157783321 619 8.35453192288 0.0270459103305 0.008 0.001 0.0180459103305
8.38957783321 620 8.36022733566 0.0293504975454 0.008 0.001 0.0203504975454
8.39757783321 621 8.36183462543 0.0357432077772 0.008 0.001 0.0267432077772
8.40557783321 622 8.37530520649 0.0302726267122 0.008 0.001 0.0212726267122
8.41357783321 623 8.40084994905 0.0127278841583 0.008 0.001 0.00372788415829
8.43653559232 624 8.42753559232 0.009 0.008 0.001 0.0
8.45996210696 625 8.45096210696 0.009 0.008 0.001 0.0
8.46796210696 626 8.45262715677 0.015334950194 0.008 0.001 0.00633495019395
8.47596210696 627 8.4598965882 0.0160655187601 0.008 0.001 0.00706551876014
8.48396210696 628 8.46113224381 0.0228298631551 0.008 0.001 0.0138298631551
8.49715477035 629 8.48815477035 0.009 0.008 0.001 0.0
8.50515477035 630 8.49312767806 0.0120270922909 0.008 0.001 0.00302709229092
8.51315477035 631 8.50129945095 0.0118553193957 0.008 0.001 0.0028553193957
8.52115477035 632 8.51100419041 0.0101505799368 0.008 0.001 0.00115057993684
8.53881529059 633 8.52981529059 0.009 0.008 0.001 0.0
8.54681529059 634 8.53202249874 0.0147927918477 0.008 0.001 0.00579279184773
8.55481529059 635 8.53295791243 0.0218573781624 0.008 0.001 0.0128573781624
8.56281529059 636 8.54438322562 0.01843206497 0.008 0.001 0.00943206497001
8.57081529059 637 8.55587906584 0.0149362247488 0.008 0.001 0.00593622474883
8.57881529059 638 8.56241198272 0.0164033078681 0.008 0.001 0.00740330786811
8.59943088875 639 8.59043088875 0.009 0.008 0.001 0.0
8.61013002714 640 8.60113002714 0.009 0.008 0.001 0.0
8.63277444987 641 8.62377444987 0.009 0.008 0.001 0.0
8.64872342231 642 8.63972342231 0.009 0.008 0.001 0.0
8.67590187018 643 8.66690187018 0.009 0.008 0.001 0.0
8.69151172974 644 8.68251172974 0.009 0.008 0.001 0.0
8.69951172974 645 8.68353221145 0.0159795182934 0.008 0.001 0.00697951829336
8.70751172974 646 8.69361111878 0.0139006109602 0.008 0.001 0.0049006109602
8.71870666818 647 8.70970666818 0.009 0.008 0.001 0.0
8.76659614556 648 8.75759614556 0.009 0.008 0.001 0.0
8.77518088794 649 8.76618088794 0.009 0.008 0.001 0.0
8.79797119631 650 8.78897119631 0.009 0.008 0.001 0.0
8.81200307373 651 8.80300307373 0.009 0.008 0.001 0.0
8.8441182348 652 8.8351182348 0.009 0.008 0.001 0.0
8.85354293767 653 8.84454293767 0.009 0.008 0.001 0.0
8.86154293767 654 8.84851678401 0.0130261536653 0.008 0.001 0.00402615366529
8.86954293767 655 8.85256540698 0.0169775306918 0.008 0.001 0.00797753069178
8.87754293767 656 8.86762603671 0.00991690095944 0.008 0.001 0.000916900959441
8.88867345105 657 8.87967345105 0.009 0.008 0.001 0.0
8.89667345105 658 8.88245523716 0.0142182138841 0.008 0.001 0.0052182138841
8.90467345105 659 8.8832393753 0.021434075746 0.008 0.001 0.012434075746
8.91267345105 660 8.88722372349 0.0254497275632 0.008 0.001 0.0164497275632
8.92067345105 661 8.89249598699 0.0281774640625 0.008 0.001 0.0191774640625
8.92867345105 662 8.91008828672 0.0185851643246 0.008 0.001 0.00958516432462
8.93667345105 663 8.91581401308 0.0208594379659 0.008 0.001 0.0118594379659
8.94467345105 664 8.92388670667 0.0207867443749 0.008 0.001 0.0117867443749
8.95267345105 665 8.93924091314 0.0134325379104 0.008 0.001 0.00443253791043
8.97958804767 666 8.97058804767 0.009 0.008 0.001 0.0
8.98758804767 667 8.97541599341 0.0121720542571 0.008 0.001 0.00317205425709
8.99558804767 668 8.98613296608 0.00945508159396 0.008 0.001 0.000455081593962
9.03181615307 669 9.02281615307 0.009 0.008 0.001 0.0
9.0499108629 670 9.0409108629 0.009 0.008 0.001 0.0
9.07584161659 671 9.06684161659 0.009 0.008 0.001 0.0
9.08384161659 672 9.06836395394 0.0154776626584 0.008 0.001 0.0064776626584
9.09184161659 673 9.06849971599 0.023341900605 0.008 0.001 0.014341900605
9.09984161659 674 9.07335463588 0.0264869807183 0.008 0.001 0.0174869807183
9.10784161659 675 9.07630110535 0.0315405112451 0.008 0.001 0.0225405112451
9.11584161659 676 9.10367670139 0.0121649152047 0.008 0.001 0.0031649152047
9.12384161659 677 9.10724279878 0.0165988178136 0.008 0.001 0.00759881781363
9.13184161659 678 9.10900712759 0.0228344890047 0.008 0.001 0.0138344890047
9.13984161659 679 9.12591279895 0.0139288176454 0.008 0.001 0.00492881764542
9.16471648875 680 9.15571648875 0.009 0.008 0.001 0.0
9.17271648875 681 9.16339639106 0.00932009769776 0.008 0.001 0.000320097697756
9.18410924898 682 9.17510924898 0.009 0.008 0.001 0.0
9.19210924898 683 9.18100868577 0.0111005632108 0.008 0.001 0.00210056321075
9.20010924898 684 9.18429782432 0.0158114246663 0.008 0.001 0.00681142466628
9.21763280271 685 9.20863280271 0.009 0.008 0.001 0.0
9.22872782247 686 9.21972782247 0.009 0.008 0.001 0.0
9.23672782247 687 9.2200478374 0.0166799850762 0.008 0.001 0.00767998507625
9.24817662339 688 9.23917662339 0.009 0.008 0.001 0.0
9.25967066005 689 9.25067066005 0.009 0.008 0.001 0.0
9.26767066005 690 9.25228179067 0.0153888693782 0.008 0.001 0.00638886937818
9.30240993812 691 9.29340993812 0.009 0.008 0.001 0.0
9.34245731693 692 9.33345731693 0.009 0.008 0.001 0.0
9.36636261235 693 9.35736261235 0.009 0.008 0.001 0.0
9.37436261235 694 9.36252932728 0.0118332850683 0.008 0.001 0.00283328506828
9.4067010279 695 9.3977010279 0.009 0.008 0.001 0.0
9.41795017099 696 9.40895017099 0.009 0.008 0.001 0.0
9.42595017099 697 9.41598780483 0.00996236616406 0.008 0.001 0.000962366164062
9.43395017099 698 9.42240638707 0.0115437839233 0.008 0.001 0.00254378392328
9.44195017099 699 9.42835967548 0.0135904955065 0.008 0.001 0.00459049550654
9.44995017099 700 9.42843437022 0.0215158007704 0.008 0.001 0.0125158007704
9.45811579461 701 9.44911579461 0.009 0.008 0.001 0.0
9.47576109036 702 9.46676109036 0.009 0.008 0.001 0.0
9.48409958274 703 9.47509958274 0.009 0.008 0.001 0.0
9.51270980904 704 9.50370980904 0.009 0.008 0.001 0.0
9.52070980904 705 9.50828720597 0.0124226030611 0.008 0.001 0.00342260306115
9.52870980904 706 9.51375097911 0.0149588299262 0.008 0.001 0.0059588299262
9.53670980904 707 9.52612014415 0.0105896648892 0.008 0.001 0.00158966488919
9.54470980904 708 9.52819512818 0.0165146808575 0.008 0.001 0.00751468085754
9.55270980904 709 9.52975018435 0.0229596246868 0.008 0.001 0.0139596246868
9.56753521792 710 9.55853521792 0.009 0.008 0.001 0.0
9.58663288467 711 9.57763288467 0.009 0.008 0.001 0.0
9.59463288467 712 9.58192208641 0.0127107982616 0.008 0.001 0.00371079826158
9.60263288467 713 9.59108584911 0.0115470355572 0.008 0.001 0.00254703555722
9.61063288467 714 9.5918934012 0.018739483466 0.008 0.001 0.009739483466
9.61863288467 715 9.60067769417 0.0179551904937 0.008 0.001 0.00895519049367
9.62681846792 716 9.61781846792 0.009 0.008 0.001 0.0
9.63481846792 717 9.6216813144 0.0131371535141 0.008 0.001 0.00413715351412
9.66001206127 718 9.65101206127 0.009 0.008 0.001 0.0
9.66801206127 719 9.65289987074 0.0151121905278 0.008 0.001 0.0061121905278
9.69217678177 720 9.68317678177 0.009 0.008 0.001 0.0
9.70017678177 721 9.69088378452 0.0092929972453 0.008 0.001 0.000292997245298
9.70817678177 722 9.69354756913 0.0146292126356 0.008 0.001 0.0056292126356
9.71617678177 723 9.70345653709 0.0127202446713 0.008 0.001 0.00372024467131
9.72417678177 724 9.71185380151 0.0123229802574 0.008 0.001 0.00332298025743
9.73217678177 725 9.7135497434 0.0186270383629 0.008 0.001 0.00962703836287
9.74017678177 726 9.71479234883 0.0253844329342 0.008 0.001 0.0163844329342
9.74817678177 727 9.72022478832 0.0279519934464 0.008 0.001 0.0189519934464
9.75617678177 728 9.74666373825 0.00951304351474 0.008 0.001 0.00051304351474
9.76417678177 729 9.74745088022 0.0167259015505 0.008 0.001 0.00772590155046
9.7760131126 730 9.7670131126 0.009 0.008 0.001 0.0
9.78606477286 731 9.77706477286 0.009 0.008 0.001 0.0
9.79904687749 732 9.79004687749 0.009 0.008 0.001 0.0
9.80704687749 733 9.79064590093 0.0164009765602 0.008 0.001 0.00740097656019
9.81504687749 734 9.7980854165 0.0169614609884 0.008 0.001 0.00796146098837
9.82304687749 735 9.79956567802 0.0234811994679 0.008 0.001 0.0144811994679
9.83104687749 736 9.80374630029 0.0273005772003 0.008 0.001 0.0183005772003
9.85651343596 737 9.84751343596 0.009 0.008 0.001 0.0
9.86451343596 738 9.84955142126 0.0149620147025 0.008 0.001 0.0059620147025
9.89594486694 739 9.88694486694 0.009 0.008 0.001 0.0
9.90394486694 740 9.89423819884 0.00970666810307 0.008 0.001 0.000706668103073
9.91194486694 741 9.89828259519 0.01366227175 0.008 0.001 0.00466227174999
9.92089325084 742 9.91189325084 0.009 0.008 0.001 0.0
9.92889325084 743 9.91626646891 0.0126267819286 0.008 0.001 0.00362678192857
9.9592348683 744 9.9502348683 0.009 0.008 0.001 0.0
9.9672348683 745 9.95069601919 0.016538849103 0.008 0.001 0.007538849103
10.0080419626 746 9.99904196261 0.009 0.008 0.001 0.0
