0.009 2 0 0.009 0.008 0.001 0
0.017 3 0.000979013288679 0.0160209867113 0.008 0.001 0.00702098671132
0.025 4 0.0128059383628 0.0121940616372 0.008 0.001 0.00319406163724
0.033 5 0.0152949261352 0.0177050738648 0.008 0.001 0.00870507386481
0.041 6 0.0203519992143 0.0206480007857 0.008 0.001 0.0116480007857
0.049 7 0.0370686376949 0.0119313623051 0.008 0.001 0.00293136230506
0.057 8 0.0479728726314 0.00902712736857 0.008 0.001 2.71273685695e-05
0.065 9 0.0520176066463 0.0129823933537 0.008 0.001 0.00398239335371
0.0916354447074 10 0.0826354447074 0.009 0.008 0.001 0.0
0.111844446682 11 0.102844446682 0.009 0.008 0.001 0.0
0.122743586405 12 0.113743586405 0.009 0.008 0.001 0.0
0.130743586405 13 0.121119582954 0.00962400345061 0.008 0.001 0.000624003450606
0.147555228667 14 0.138555228667 0.009 0.008 0.001 0.0
0.16341245828 15 0.15441245828 0.009 0.008 0.001 0.0
0.177507751972 16 0.168507751972 0.009 0.008 0.001 0.0
0.206449504556 17 0.197449504556 0.009 0.008 0.001 0.0
0.214449504556 18 0.204273837067 0.0101756674887 0.008 0.001 0.00117566748867
0.222449504556 19 0.206245574322 0.0162039302336 0.008 0.001 0.00720393023358
0.230449504556 20 0.207173608089 0.0232758964669 0.008 0.001 0.0142758964669
0.238449504556 21 0.223774815917 0.0146746886391 0.008 0.001 0.00567468863911
0.246449504556 22 0.234200695728 0.0122488088281 0.008 0.001 0.00324880882811
0.287945654439 23 0.278945654439 0.009 0.008 0.001 0.0
0.295945654439 24 0.279079126543 0.0168665278964 0.008 0.001 0.00786652789641
0.303945654439 25 0.284420982596 0.0195246718434 0.008 0.001 0.0105246718434
0.311945654439 26 0.293032820475 0.0189128339647 0.008 0.001 0.00991283396466
0.319945654439 27 0.306001623702 0.013944030737 0.008 0.001 0.00494403073701
0.327945654439 28 0.30715537703 0.020790277409 0.008 0.001 0.011790277409
0.335945654439 29 0.326331770796 0.00961388364369 0.008 0.001 0.000613883643691
0.343945654439 30 0.327700266711 0.0162453877283 0.008 0.001 0.00724538772827
0.351945654439 31 0.331337486294 0.0206081681454 0.008 0.001 0.0116081681454
0.361426942764 32 0.352426942764 0.009 0.008 0.001 0.0
0.369426942764 33 0.352676804154 0.01675013861 0.008 0.001 0.00775013861002
0.378216661381 34 0.369216661381 0.009 0.008 0.001 0.0
0.388279025612 35 0.379279025612 0.009 0.008 0.001 0.0
0.413077194435 36 0.404077194435 0.009 0.008 0.001 0.0
0.421208588106 37 0.412208588106 0.009 0.008 0.001 0.0
0.447037348553 38 0.438037348553 0.009 0.008 0.001 0.0
0.464055397063 39 0.455055397063 0.009 0.008 0.001 0.0
0.472055397063 40 0.461574010391 0.0104813866728 0.008 0.001 0.00148138667277
0.494186575235 41 0.485186575235 0.009 0.008 0.001 0.0
0.522701657913 42 0.513701657913 0.009 0.008 0.001 0.0
0.530701657913 43 0.518208805948 0.0124928519656 0.008 0.001 0.00349285196558
0.550462527826 44 0.541462527826 0.009 0.008 0.001 0.0
0.558462527826 45 0.542419677295 0.0160428505315 0.008 0.001 0.00704285053154
0.566462527826 46 0.547294913886 0.0191676139404 0.008 0.001 0.0101676139404
0.574462527826 47 0.551596399439 0.0228661283869 0.008 0.001 0.0138661283869
0.582462527826 48 0.559922708906 0.0225398189208 0.008 0.001 0.0135398189208
0.590462527826 49 0.576238442191 0.0142240856357 0.008 0.001 0.00522408563572
0.598462527826 50 0.583210277653 0.0152522501738 0.008 0.001 0.00625225017377
0.606462527826 51 0.586518993519 0.019943534307 0.008 0.001 0.010943534307
0.614462527826 52 0.604947347252 0.0095151805743 0.008 0.001 0.000515180574304
0.629160001184 53 0.620160001184 0.009 0.008 0.001 0.0
0.643836713932 54 0.634836713932 0.009 0.008 0.001 0.0
0.651836713932 55 0.636612886477 0.0152238274546 0.008 0.001 0.0062238274546
0.659836713932 56 0.641415062666 0.0184216512653 0.008 0.001 0.00942165126532
0.667836713932 57 0.654817693222 0.0130190207096 0.008 0.001 0.00401902070955
0.675836713932 58 0.655497302594 0.0203394113375 0.008 0.001 0.0113394113375
0.687057510479 59 0.678057510479 0.009 0.008 0.001 0.0
0.695057510479 60 0.684030030567 0.0110274799122 0.008 0.001 0.00202747991225
0.709482946193 61 0.700482946193 0.009 0.008 0.001 0.0
0.717482946193 62 0.702379241551 0.0151037046413 0.008 0.001 0.00610370464128
0.725482946193 63 0.705772832193 0.0197101139999 0.008 0.001 0.0107101139999
0.733482946193 64 0.713529387129 0.0199535590632 0.008 0.001 0.0109535590632
0.741482946193 65 0.714563887013 0.0269190591795 0.008 0.001 0.0179190591795
0.749482946193 66 0.719991741076 0.0294912051162 0.008 0.001 0.0204912051162
0.757482946193 67 0.725194652633 0.0322882935595 0.008 0.001 0.0232882935595
0.765679274459 68 0.756679274459 0.009 0.008 0.001 0.0
0.775445732162 69 0.766445732162 0.009 0.008 0.001 0.0
0.785612627995 70 0.776612627995 0.009 0.008 0.001 0.0
0.800135085397 71 0.791135085397 0.009 0.008 0.001 0.0
0.826250494933 72 0.817250494933 0.009 0.008 0.001 0.0
0.834250494933 73 0.818235895103 0.0160145998303 0.008 0.001 0.00701459983026
0.853741915055 74 0.844741915055 0.009 0.008 0.001 0.0
0.861741915055 75 0.847639116093 0.0141027989622 0.008 0.001 0.00510279896225
0.869741915055 76 0.859944301281 0.00979761377445 0.008 0.001 0.000797613774448
0.907497488017 77 0.898497488017 0.009 0.008 0.001 0.0
0.915497488017 78 0.902643430953 0.0128540570639 0.008 0.001 0.00385405706385
0.924627804728 79 0.915627804728 0.009 0.008 0.001 0.0
0.932627804728 80 0.922864502583 0.00976330214477 0.008 0.001 0.000763302144773
0.940627804728 81 0.92500023909 0.0156275656374 0.008 0.001 0.00662756563737
0.965249183852 82 0.956249183852 0.009 0.008 0.001 0.0
0.978819386438 83 0.969819386438 0.009 0.008 0.001 0.0
0.990744703049 84 0.981744703049 0.009 0.008 0.001 0.0
1.01906952338 85 1.01006952338 0.009 0.008 0.001 0.0
1.03149745576 86 1.02249745576 0.009 0.008 0.001 0.0
1.03949745576 87 1.02615844467 0.0133390110887 0.008 0.001 0.00433901108871
1.04749745576 88 1.02722463281 0.0202728229453 0.008 0.001 0.0112728229453
1.06021477682 89 1.05121477682 0.009 0.008 0.001 0.0
1.06821477682 90 1.05572942288 0.0124853539393 0.008 0.001 0.00348535393927
1.07621477682 91 1.05610978763 0.0201049891905 0.008 0.001 0.0111049891905
1.08421477682 92 1.06159907774 0.0226156990842 0.008 0.001 0.0136156990842
1.09221477682 93 1.06749232742 0.0247224494038 0.008 0.001 0.0157224494038
1.10021477682 94 1.08022252538 0.019992251438 0.008 0.001 0.010992251438
1.11490847912 95 1.10590847912 0.009 0.008 0.001 0.0
1.12290847912 96 1.11352160257 0.00938687654617 0.008 0.001 0.000386876546171
1.13090847912 97 1.11353537986 0.0173730992615 0.008 0.001 0.00837309926152
1.14710231061 98 1.13810231061 0.009 0.008 0.001 0.0
1.15861969725 99 1.14961969725 0.009 0.008 0.001 0.0
1.16661969725 100 1.15718710999 0.00943258725328 0.008 0.001 0.000432587253284
1.17461969725 101 1.1622138337 0.0124058635426 0.008 0.001 0.00340586354263
1.18261969725 102 1.16489844399 0.017721253252 0.008 0.001 0.00872125325195
1.19061969725 103 1.16544417447 0.0251755227737 0.008 0.001 0.0161755227737
1.19861969725 104 1.18023621961 0.0183834776406 0.008 0.001 0.00938347764057
1.20661969725 105 1.18244117991 0.024178517339 0.008 0.001 0.015178517339
1.22602803509 106 1.21702803509 0.009 0.008 0.001 0.0
1.23411278653 107 1.22511278653 0.009 0.008 0.001 0.0
1.24850155615 108 1.23950155615 0.009 0.008 0.001 0.0
1.25650155615 109 1.24231315738 0.0141883987713 0.008 0.001 0.00518839877132
1.27925724189 110 1.27025724189 0.009 0.008 0.001 0.0
1.30926565993 111 1.30026565993 0.009 0.008 0.001 0.0
1.31726565993 112 1.30790113559 0.00936452433803 0.008 0.001 0.000364524338028
1.32657140773 113 1.31757140773 0.009 0.008 0.001 0.0
1.34744631824 114 1.33844631824 0.009 0.008 0.001 0.0
1.35702351773 115 1.34802351773 0.009 0.008 0.001 0.0
1.36502351773 116 1.351073189 0.0139503287363 0.008 0.001 0.00495032873628
1.37302351773 117 1.35931101062 0.0137125071161 0.008 0.001 0.00471250711613
1.38102351773 118 1.36524438033 0.0157791374056 0.008 0.001 0.00677913740558
1.39255329285 119 1.38355329285 0.009 0.008 0.001 0.0
1.40533689604 120 1.39633689604 0.009 0.008 0.001 0.0
1.41333689604 121 1.39841819753 0.0149186985158 0.008 0.001 0.00591869851578
1.42289142881 122 1.41389142881 0.009 0.008 0.001 0.0
1.43089142881 123 1.41535580721 0.0155356216008 0.008 0.001 0.00653562160077
1.43889142881 124 1.42018201611 0.018709412698 0.008 0.001 0.00970941269803
1.46630460393 125 1.45730460393 0.009 0.008 0.001 0.0
1.48977733377 126 1.48077733377 0.009 0.008 0.001 0.0
1.5012026721 127 1.4922026721 0.009 0.008 0.001 0.0
1.52593813198 128 1.51693813198 0.009 0.008 0.001 0.0
1.53393813198 129 1.51924465146 0.0146934805271 0.008 0.001 0.00569348052713
1.54193813198 130 1.52995373588 0.0119843961051 0.008 0.001 0.00298439610509
1.55097675826 131 1.54197675826 0.009 0.008 0.001 0.0
1.55897675826 132 1.54355589032 0.0154208679383 0.008 0.001 0.00642086793829
1.56697675826 133 1.54457150342 0.0224052548355 0.008 0.001 0.0134052548355
1.57497675826 134 1.55063311812 0.0243436401412 0.008 0.001 0.0153436401412
1.58297675826 135 1.55250563497 0.0304711232909 0.008 0.001 0.0214711232909
1.59097675826 136 1.56444465412 0.0265321041348 0.008 0.001 0.0175321041348
1.59897675826 137 1.57332919522 0.0256475630373 0.008 0.001 0.0166475630373
1.60697675826 138 1.58859995337 0.0183768048869 0.008 0.001 0.00937680488687
1.61497675826 139 1.5944146318 0.0205621264593 0.008 0.001 0.0115621264593
1.62297675826 140 1.60100598033 0.0219707779262 0.008 0.001 0.0129707779262
1.63097675826 141 1.60488994644 0.0260868118165 0.008 0.001 0.0170868118165
1.63897675826 142 1.60722066467 0.0317560935912 0.008 0.001 0.0227560935912
1.64697675826 143 1.61875721751 0.0282195407442 0.008 0.001 0.0192195407442
1.65497675826 144 1.6203120481 0.0346647101592 0.008 0.001 0.0256647101592
1.66297675826 145 1.62927696957 0.0336997886836 0.008 0.001 0.0246997886836
1.67097675826 146 1.64367974455 0.0272970137021 0.008 0.001 0.0182970137021
1.67897675826 147 1.65648474967 0.0224920085875 0.008 0.001 0.0134920085875
1.68697675826 148 1.66343652987 0.0235402283886 0.008 0.001 0.0145402283886
1.69497675826 149 1.66647786602 0.0284988922372 0.008 0.001 0.0194988922372
1.70297675826 150 1.67308467668 0.0298920815724 0.008 0.001 0.0208920815724
1.71097675826 151 1.69179902398 0.019177734278 0.008 0.001 0.010177734278
1.73314570946 152 1.72414570946 0.009 0.008 0.001 0.0
1.75429245946 153 1.74529245946 0.009 0.008 0.001 0.0
1.76229245946 154 1.75300117562 0.00929128384207 0.008 0.001 0.000291283842074
1.77029245946 155 1.75399580388 0.0162966555795 0.008 0.001 0.00729665557955
1.78016414752 156 1.77116414752 0.009 0.008 0.001 0.0
1.80007428548 157 1.79107428548 0.009 0.008 0.001 0.0
1.81754619494 158 1.80854619494 0.009 0.008 0.001 0.0
1.82554619494 159 1.81429616295 0.0112500319934 0.008 0.001 0.00225003199342
1.83465382408 160 1.82565382408 0.009 0.008 0.001 0.0
1.84265382408 161 1.83340069874 0.00925312533835 0.008 0.001 0.000253125338346
1.85065382408 162 1.83490811775 0.0157457063217 0.008 0.001 0.00674570632167
1.85865382408 163 1.83775861931 0.0208952047703 0.008 0.001 0.0118952047703
1.86665382408 164 1.84125811283 0.0253957112464 0.008 0.001 0.0163957112464
1.87465382408 165 1.85733663614 0.0173171879405 0.008 0.001 0.00831718794053
1.88265382408 166 1.86141864245 0.0212351816308 0.008 0.001 0.0122351816308
1.89065382408 167 1.86198255266 0.0286712714177 0.008 0.001 0.0196712714177
1.89865382408 168 1.86235166633 0.0363021577499 0.008 0.001 0.0273021577499
1.90665382408 169 1.8786111478 0.0280426762728 0.008 0.001 0.0190426762728
1.91465382408 170 1.89406592748 0.0205878965993 0.008 0.001 0.0115878965993
1.92265382408 171 1.90141802423 0.0212357998423 0.008 0.001 0.0122357998423
1.93065382408 172 1.90155824586 0.0290955782183 0.008 0.001 0.0200955782183
1.93865382408 173 1.90293202876 0.0357217953147 0.008 0.001 0.0267217953147
1.94665382408 174 1.90396098878 0.042692835292 0.008 0.001 0.033692835292
1.95465382408 175 1.90631996727 0.0483338568056 0.008 0.001 0.0393338568056
1.96265382408 176 1.92747723789 0.0351765861908 0.008 0.001 0.0261765861908
1.97065382408 177 1.94779679643 0.0228570276483 0.008 0.001 0.0138570276483
1.97865382408 178 1.94986847404 0.0287853500342 0.008 0.001 0.0197853500342
1.98665382408 179 1.95454225728 0.0321115667938 0.008 0.001 0.0231115667938
1.99465382408 180 1.95542545403 0.0392283700454 0.008 0.001 0.0302283700454
2.00265382408 181 1.96152507531 0.0411287487621 0.008 0.001 0.0321287487621
2.01065382408 182 1.98744435075 0.023209473325 0.008 0.001 0.014209473325
2.01865382408 183 1.98746336202 0.0311904620538 0.008 0.001 0.0221904620538
2.02665382408 184 2.01036016943 0.0162936546499 0.008 0.001 0.00729365464985
2.03465382408 185 2.01053459555 0.0241192285258 0.008 0.001 0.0151192285258
2.04265382408 186 2.01263031813 0.0300235059462 0.008 0.001 0.0210235059462
2.0514344132 187 2.0424344132 0.009 0.008 0.001 0.0
2.0807097558 188 2.0717097558 0.009 0.008 0.001 0.0
2.0887097558 189 2.07386512464 0.0148446311557 0.008 0.001 0.00584463115573
2.0967097558 190 2.08478100357 0.0119287522232 0.008 0.001 0.00292875222325
2.1047097558 191 2.08604193528 0.0186678205124 0.008 0.001 0.00966782051243
2.1127097558 192 2.09136204912 0.0213477066704 0.008 0.001 0.0123477066704
2.1207097558 193 2.09889298304 0.0218167727598 0.008 0.001 0.0128167727598
2.1287097558 194 2.09929085562 0.0294189001788 0.008 0.001 0.0204189001788
2.1367097558 195 2.10060293115 0.0361068246434 0.008 0.001 0.0271068246434
2.1447097558 196 2.10615092664 0.0385588291568 0.008 0.001 0.0295588291568
2.1527097558 197 2.11513724113 0.0375725146609 0.008 0.001 0.0285725146609
2.1607097558 198 2.11623715057 0.0444726052214 0.008 0.001 0.0354726052214
2.1687097558 199 2.13599247785 0.0327172779477 0.008 0.001 0.0237172779477
2.1767097558 200 2.13648709204 0.0402226637591 0.008 0.001 0.0312226637591
2.1847097558 201 2.15539326356 0.0293164922321 0.008 0.001 0.0203164922321
2.1927097558 202 2.15716774394 0.0355420118568 0.008 0.001 0.0265420118568
2.2007097558 203 2.16833753963 0.0323722161699 0.008 0.001 0.0233722161699
2.2087097558 204 2.18397520252 0.0247345532797 0.008 0.001 0.0157345532797
2.22402531927 205 2.21502531927 0.009 0.008 0.001 0.0
2.23202531927 206 2.21562656433 0.0163987549473 0.008 0.001 0.00739875494726
2.2530739399 207 2.2440739399 0.009 0.008 0.001 0.0
2.29343810527 208 2.28443810527 0.009 0.008 0.001 0.0
2.30143810527 209 2.28621875205 0.0152193532182 0.008 0.001 0.00621935321821
2.36121032593 210 2.35221032593 0.009 0.008 0.001 0.0
2.36921032593 211 2.35288761589 0.0163227100475 0.008 0.001 0.00732271004749
2.37721032593 212 2.35411487128 0.0230954546503 0.008 0.001 0.0140954546503
2.38521032593 213 2.37132753956 0.0138827863716 0.008 0.001 0.00488278637157
2.39321032593 214 2.37840699468 0.0148033312488 0.008 0.001 0.00580333124875
2.40121032593 215 2.38273309576 0.0184772301699 0.008 0.001 0.00947723016986
2.40921032593 216 2.39003081455 0.0191795113821 0.008 0.001 0.0101795113821
2.41721032593 217 2.39674757707 0.0204627488613 0.008 0.001 0.0114627488613
2.42521032593 218 2.39906110987 0.0261492160584 0.008 0.001 0.0171492160584
2.43545832114 219 2.42645832114 0.009 0.008 0.001 0.0
2.45783492757 220 2.44883492757 0.009 0.008 0.001 0.0
2.46583492757 221 2.45371290108 0.0121220264901 0.008 0.001 0.00312202649008
2.47383492757 222 2.46460941827 0.00922550930045 0.008 0.001 0.000225509300449
2.48183492757 223 2.46738583026 0.0144490973085 0.008 0.001 0.00544909730853
2.4982656597 224 2.4892656597 0.009 0.008 0.001 0.0
2.5062656597 225 2.4937502582 0.0125154014961 0.008 0.001 0.00351540149614
2.52008368934 226 2.51108368934 0.009 0.008 0.001 0.0
2.54737381031 227 2.53837381031 0.009 0.008 0.001 0.0
2.55537381031 228 2.54221686771 0.0131569425937 0.008 0.001 0.00415694259368
2.5705754266 229 2.5615754266 0.009 0.008 0.001 0.0
2.5785754266 230 2.5650766038 0.0134988228006 0.008 0.001 0.00449882280065
2.5865754266 231 2.56842057015 0.0181548564525 0.008 0.001 0.00915485645254
2.5945754266 232 2.57448925237 0.0200861742357 0.008 0.001 0.0110861742357
2.6025754266 233 2.58746769474 0.0151077318623 0.008 0.001 0.00610773186235
2.6105754266 234 2.59298919026 0.0175862363478 0.008 0.001 0.00858623634781
2.6185754266 235 2.59644018033 0.0221352462691 0.008 0.001 0.0131352462691
2.62701481539 236 2.61801481539 0.009 0.008 0.001 0.0
2.63501481539 237 2.61833908155 0.0166757338474 0.008 0.001 0.00767573384739
2.64301481539 238 2.63175200347 0.0112628119222 0.008 0.001 0.0022628119222
2.65101481539 239 2.63480799763 0.016206817765 0.008 0.001 0.00720681776501
2.65901481539 240 2.642371699 0.0166431163882 0.008 0.001 0.00764311638817
2.6707843425 241 2.6617843425 0.009 0.008 0.001 0.0
2.6787843425 242 2.66655794205 0.0122264004473 0.008 0.001 0.0032264004473
2.6867843425 243 2.67620693442 0.0105774080799 0.008 0.001 0.00157740807995
2.71027860737 244 2.70127860737 0.009 0.008 0.001 0.0
2.72698343474 245 2.71798343474 0.009 0.008 0.001 0.0
2.74136366958 246 2.73236366958 0.009 0.008 0.001 0.0
2.74936366958 247 2.7361587264 0.0132049431874 0.008 0.001 0.00420494318741
2.76082596685 248 2.75182596685 0.009 0.008 0.001 0.0
2.76882596685 249 2.75677565076 0.0120503160902 0.008 0.001 0.00305031609017
2.80358823129 250 2.79458823129 0.009 0.008 0.001 0.0
2.81158823129 251 2.79557335401 0.0160148772746 0.008 0.001 0.00701487727457
2.81958823129 252 2.80727471726 0.0123135140228 0.008 0.001 0.00331351402281
2.83388447211 253 2.82488447211 0.009 0.008 0.001 0.0
2.84188447211 254 2.82694361071 0.0149408614031 0.008 0.001 0.00594086140311
2.84988447211 255 2.83388709241 0.0159973797039 0.008 0.001 0.00699737970392
2.85788447211 256 2.83680095813 0.0210835139803 0.008 0.001 0.0120835139803
2.86588447211 257 2.83938944263 0.0264950294791 0.008 0.001 0.0174950294791
2.87388447211 258 2.86014027808 0.0137441940267 0.008 0.001 0.00474419402671
2.88188447211 259 2.86404164262 0.01784282949 0.008 0.001 0.00884282949004
2.89495693819 260 2.88595693819 0.009 0.008 0.001 0.0
2.90295693819 261 2.88617323009 0.016783708097 0.008 0.001 0.00778370809704
2.91701123605 262 2.90801123605 0.009 0.008 0.001 0.0
2.92501123605 263 2.90808864715 0.0169225888959 0.008 0.001 0.00792258889592
2.93301123605 264 2.91456274786 0.0184484881821 0.008 0.001 0.00944848818205
2.94101123605 265 2.92833373716 0.0126774988912 0.008 0.001 0.00367749889123
2.95361218283 266 2.94461218283 0.009 0.008 0.001 0.0
2.96161218283 267 2.94679557343 0.0148166094079 0.008 0.001 0.00581660940794
2.97260955315 268 2.96360955315 0.009 0.008 0.001 0.0
2.98060955315 269 2.9667333392 0.0138762139531 0.008 0.001 0.00487621395313
2.98966808517 270 2.98066808517 0.009 0.008 0.001 0.0
2.99766808517 271 2.98347934548 0.0141887396916 0.008 0.001 0.00518873969155
3.00566808517 272 2.99002624908 0.0156418360912 0.008 0.001 0.00664183609121
3.01366808517 273 2.99631558999 0.0173524951868 0.008 0.001 0.00835249518676
3.02166808517 274 3.00038970971 0.0212783754645 0.008 0.001 0.0122783754645
3.02966808517 275 3.01990661386 0.00976147131418 0.008 0.001 0.000761471314184
3.05087265055 276 3.04187265055 0.009 0.008 0.001 0.0
3.05887265055 277 3.04297510831 0.0158975422393 0.008 0.001 0.00689754223934
3.06687265055 278 3.04666744716 0.0202052033974 0.008 0.001 0.0112052033974
3.07487265055 279 3.05579904281 0.0190736077461 0.008 0.001 0.0100736077461
3.08287265055 280 3.05719566552 0.0256769850338 0.008 0.001 0.0166769850338
3.09087265055 281 3.05893484466 0.0319378058945 0.008 0.001 0.0229378058945
3.09887265055 282 3.06382681391 0.0350458366473 0.008 0.001 0.0260458366473
3.10687265055 283 3.06785792533 0.0390147252199 0.008 0.001 0.0300147252199
3.11487265055 284 3.07146984535 0.0434028052076 0.008 0.001 0.0344028052076
3.12287265055 285 3.07185039763 0.0510222529248 0.008 0.001 0.0420222529248
3.13087265055 286 3.08201830801 0.0488543425461 0.008 0.001 0.0398543425461
3.13887265055 287 3.08224089871 0.0566317518478 0.008 0.001 0.0476317518478
3.14687265055 288 3.08753272344 0.0593399271136 0.008 0.001 0.0503399271136
3.15487265055 289 3.10804104542 0.04683160513 0.008 0.001 0.03783160513
3.16287265055 290 3.12298052375 0.0398921268019 0.008 0.001 0.0308921268019
3.17087265055 291 3.12809137904 0.0427812715134 0.008 0.001 0.0337812715134
3.17887265055 292 3.15820101906 0.0206716314956 0.008 0.001 0.0116716314956
3.18688198153 293 3.17788198153 0.009 0.008 0.001 0.0
3.19488198153 294 3.17865616573 0.0162258157923 0.008 0.001 0.00722581579225
3.21355693207 295 3.20455693207 0.009 0.008 0.001 0.0
3.23513826809 296 3.22613826809 0.009 0.008 0.001 0.0
3.25753466664 297 3.24853466664 0.009 0.008 0.001 0.0
3.26553466664 298 3.25345102195 0.0120836446916 0.008 0.001 0.00308364469156
3.27353466664 299 3.26027715471 0.0132575119312 0.008 0.001 0.00425751193123
3.28153466664 300 3.26049611553 0.0210385511122 0.008 0.001 0.0120385511122
3.29287349865 301 3.28387349865 0.009 0.008 0.001 0.0
3.30087349865 302 3.28801621951 0.0128572791377 0.008 0.001 0.00385727913769
3.30887349865 303 3.28872620728 0.0201472913713 0.008 0.001 0.0111472913713
3.31687349865 304 3.29500272257 0.0218707760798 0.008 0.001 0.0128707760798
3.32487349865 305 3.31229727028 0.0125762283662 0.008 0.001 0.00357622836616
3.33965464688 306 3.33065464688 0.009 0.008 0.001 0.0
3.34765464688 307 3.33330486629 0.0143497805977 0.008 0.001 0.00534978059773
3.35565464688 308 3.33446060915 0.0211940377291 0.008 0.001 0.0121940377291
3.36365464688 309 3.33998801491 0.023666631976 0.008 0.001 0.014666631976
3.37165464688 310 3.34138209936 0.0302725475262 0.008 0.001 0.0212725475262
3.37965464688 311 3.36293377521 0.016720871669 0.008 0.001 0.00772087166897
3.38765464688 312 3.36632628103 0.0213283658501 0.008 0.001 0.0123283658501
3.39565464688 313 3.37328994219 0.0223647046908 0.008 0.001 0.0133647046908
3.40748523963 314 3.39848523963 0.009 0.008 0.001 0.0
3.42211210111 315 3.41311210111 0.009 0.008 0.001 0.0
3.43011210111 316 3.41766788098 0.0124442201283 0.008 0.001 0.00344422012835
3.46458656932 317 3.45558656932 0.009 0.008 0.001 0.0
3.47258656932 318 3.45945638531 0.0131301840115 0.008 0.001 0.00413018401146
3.48058656932 319 3.46578077024 0.0148057990759 0.008 0.001 0.00580579907594
3.49816562921 320 3.48916562921 0.009 0.008 0.001 0.0
3.51624042375 321 3.50724042375 0.009 0.008 0.001 0.0
3.52424042375 322 3.50859682357 0.0156436001792 0.008 0.001 0.00664360017918
3.53842259422 323 3.52942259422 0.009 0.008 0.001 0.0
3.54739534048 324 3.53839534048 0.009 0.008 0.001 0.0
3.55539534048 325 3.54581513319 0.00958020728665 0.008 0.001 0.000580207286649
3.56339534048 326 3.55140892452 0.011986415964 0.008 0.001 0.00298641596405
3.57139534048 327 3.55813245212 0.0132628883639 0.008 0.001 0.00426288836385
3.57939534048 328 3.55906510398 0.0203302365003 0.008 0.001 0.0113302365003
3.58844171801 329 3.57944171801 0.009 0.008 0.001 0.0
3.64166986229 330 3.63266986229 0.009 0.008 0.001 0.0
3.64966986229 331 3.64029430964 0.00937555264365 0.008 0.001 0.000375552643654
3.6577079682 332 3.6487079682 0.009 0.008 0.001 0.0
3.6657079682 333 3.64984919801 0.0158587701867 0.008 0.001 0.00685877018667
3.6737079682 334 3.65094974764 0.0227582205573 0.008 0.001 0.0137582205573
3.68851650818 335 3.67951650818 0.009 0.008 0.001 0.0
3.69651650818 336 3.68145495708 0.0150615510955 0.008 0.001 0.00606155109551
3.70451650818 337 3.68392174136 0.020594766819 0.008 0.001 0.011594766819
3.71251650818 338 3.68935900401 0.0231575041689 0.008 0.001 0.0141575041689
3.72417536836 339 3.71517536836 0.009 0.008 0.001 0.0
3.73217536836 340 3.72144426652 0.0107311018331 0.008 0.001 0.00173110183311
3.74104411646 341 3.73204411646 0.009 0.008 0.001 0.0
3.76147872206 342 3.75247872206 0.009 0.008 0.001 0.0
3.77642029068 343 3.76742029068 0.009 0.008 0.001 0.0
3.78442029068 344 3.77375727121 0.0106630194705 0.008 0.001 0.00166301947046
3.7935709364 345 3.7845709364 0.009 0.008 0.001 0.0
3.8015709364 346 3.78810328011 0.0134676562848 0.008 0.001 0.00446765628478
3.8095709364 347 3.79967535961 0.00989557678302 0.008 0.001 0.00089557678302
3.82990360457 348 3.82090360457 0.009 0.008 0.001 0.0
3.83790360457 349 3.82584464033 0.012058964234 0.008 0.001 0.00305896423402
3.86313450353 350 3.85413450353 0.009 0.008 0.001 0.0
3.87159127214 351 3.86259127214 0.009 0.008 0.001 0.0
3.88163301162 352 3.87263301162 0.009 0.008 0.001 0.0
3.89002982298 353 3.88102982298 0.009 0.008 0.001 0.0
3.89802982298 354 3.8830538336 0.0149759893845 0.008 0.001 0.00597598938454
3.90602982298 355 3.89465153833 0.0113782846526 0.008 0.001 0.00237828465262
3.91402982298 356 3.90067526185 0.0133545611351 0.008 0.001 0.00435456113511
3.93484333917 357 3.92584333917 0.009 0.008 0.001 0.0
3.94284333917 358 3.92608231005 0.0167610291201 0.008 0.001 0.00776102912008
3.98645858833 359 3.97745858833 0.009 0.008 0.001 0.0
4.01474013529 360 4.00574013529 0.009 0.008 0.001 0.0
4.04043520399 361 4.03143520399 0.009 0.008 0.001 0.0
4.06774582481 362 4.05874582481 0.009 0.008 0.001 0.0
4.07574582481 363 4.06213940115 0.0136064236667 0.008 0.001 0.00460642366672
4.08374582481 364 4.07229867742 0.0114471473912 0.008 0.001 0.00244714739122
4.10161046732 365 4.09261046732 0.009 0.008 0.001 0.0
4.12900485197 366 4.12000485197 0.009 0.008 0.001 0.0
4.18214225553 367 4.17314225553 0.009 0.008 0.001 0.0
4.19428179509 368 4.18528179509 0.009 0.008 0.001 0.0
4.20916231868 369 4.20016231868 0.009 0.008 0.001 0.0
4.21716231868 370 4.20709844837 0.0100638703129 0.008 0.001 0.00106387031291
4.22516231868 371 4.21181227347 0.0133500452142 0.008 0.001 0.00435004521423
4.26003844411 372 4.25103844411 0.009 0.008 0.001 0.0
4.26803844411 373 4.25737682619 0.0106616179195 0.008 0.001 0.00166161791947
4.27667349429 374 4.26767349429 0.009 0.008 0.001 0.0
4.28467349429 375 4.27516229633 0.00951119795791 0.008 0.001 0.000511197957906
4.29267349429 376 4.2776034226 0.0150700716905 0.008 0.001 0.00607007169048
4.30067349429 377 4.28988283548 0.0107906588095 0.008 0.001 0.0017906588095
4.30867349429 378 4.29108601892 0.0175874753631 0.008 0.001 0.00858747536312
4.31667349429 379 4.29741030906 0.0192631852208 0.008 0.001 0.0102631852208
4.32467349429 380 4.29798458327 0.0266889110142 0.008 0.001 0.0176889110142
4.33267349429 381 4.29805796297 0.0346155313197 0.008 0.001 0.0256155313197
4.34067349429 382 4.32426904739 0.016404446898 0.008 0.001 0.00740444689802
4.34867349429 383 4.33465378195 0.0140197123392 0.008 0.001 0.00501971233923
4.35667349429 384 4.33843380549 0.018239688796 0.008 0.001 0.00923968879602
4.36467349429 385 4.34884418882 0.0158293054628 0.008 0.001 0.00682930546277
4.37267349429 386 4.35403034145 0.0186431528353 0.008 0.001 0.00964315283525
4.38067349429 387 4.3634356508 0.0172378434829 0.008 0.001 0.00823784348286
4.39288555811 388 4.38388555811 0.009 0.008 0.001 0.0
4.40088555811 389 4.38833688393 0.0125486741815 0.008 0.001 0.00354867418146
4.45665404108 390 4.44765404108 0.009 0.008 0.001 0.0
4.47424624249 391 4.46524624249 0.009 0.008 0.001 0.0
4.48953557408 392 4.48053557408 0.009 0.008 0.001 0.0
4.50321430033 393 4.49421430033 0.009 0.008 0.001 0.0
4.51121430033 394 4.49946930409 0.011744996237 0.008 0.001 0.002744996237
4.54122146861 395 4.53222146861 0.009 0.008 0.001 0.0
4.54922146861 396 4.5353873521 0.0138341165161 0.008 0.001 0.00483411651611
4.55722146861 397 4.54704993181 0.0101715368013 0.008 0.001 0.00117153680132
4.57742042734 398 4.56842042734 0.009 0.008 0.001 0.0
4.60793361124 399 4.59893361124 0.009 0.008 0.001 0.0
4.61856617852 400 4.60956617852 0.009 0.008 0.001 0.0
4.62656617852 401 4.61038640321 0.0161797753084 0.008 0.001 0.00717977530841
4.63456617852 402 4.61669391364 0.0178722648747 0.008 0.001 0.00887226487466
4.64256617852 403 4.62588719867 0.0166789798531 0.008 0.001 0.0076789798531
4.65372267072 404 4.64472267072 0.009 0.008 0.001 0.0
4.66172267072 405 4.64561326851 0.0161094022105 0.008 0.001 0.00710940221049
4.66972267072 406 4.65263911092 0.0170835597975 0.008 0.001 0.00808355979754
4.70213236651 407 4.69313236651 0.009 0.008 0.001 0.0
4.71102730801 408 4.70202730801 0.009 0.008 0.001 0.0
4.7536820655 409 4.7446820655 0.009 0.008 0.001 0.0
4.7616820655 410 4.75039995976 0.0112821057336 0.008 0.001 0.00228210573364
4.78802676486 411 4.77902676486 0.009 0.008 0.001 0.0
4.79881143912 412 4.78981143912 0.009 0.008 0.001 0.0
4.81171518953 413 4.80271518953 0.009 0.008 0.001 0.0
4.81971518953 414 4.80582050916 0.0138946803716 0.008 0.001 0.0048946803716
4.8319325011 415 4.8229325011 0.009 0.008 0.001 0.0
4.8399325011 416 4.82970201372 0.0102304873789 0.008 0.001 0.00123048737892
4.8479325011 417 4.83228146498 0.0156510361156 0.008 0.001 0.00665103611559
4.8559453652 418 4.8469453652 0.009 0.008 0.001 0.0
4.8639453652 419 4.84938358809 0.0145617771107 0.008 0.001 0.00556177711074
4.8719453652 420 4.85083639601 0.0211089691947 0.008 0.001 0.0121089691947
4.8799453652 421 4.85888190792 0.0210634572784 0.008 0.001 0.0120634572784
4.8879453652 422 4.8634341561 0.024511209105 0.008 0.001 0.015511209105
4.8959453652 423 4.87326911168 0.0226762535252 0.008 0.001 0.0136762535252
4.90858120055 424 4.89958120055 0.009 0.008 0.001 0.0
4.91658120055 425 4.89990580783 0.0166753927147 0.008 0.001 0.00767539271469
4.92458120055 426 4.91328789889 0.0112933016507 0.008 0.001 0.00229330165071
4.93258120055 427 4.91391117334 0.0186700272011 0.008 0.001 0.00967002720106
4.94058120055 428 4.91421912123 0.026362079318 0.008 0.001 0.017362079318
4.94858120055 429 4.92392195687 0.0246592436796 0.008 0.001 0.0156592436796
4.95658120055 430 4.93260509364 0.0239761069052 0.008 0.001 0.0149761069052
4.96458120055 431 4.93503367019 0.0295475303505 0.008 0.001 0.0205475303505
4.97258120055 432 4.95044650345 0.0221346970957 0.008 0.001 0.0131346970957
4.98058120055 433 4.95123258215 0.0293486183951 0.008 0.001 0.0203486183951
4.98858120055 434 4.95133823558 0.0372429649649 0.008 0.001 0.0282429649649
4.99658120055 435 4.95782123562 0.0387599649269 0.008 0.001 0.0297599649269
5.00458120055 436 4.9602499984 0.0443312021437 0.008 0.001 0.0353312021437
5.01258120055 437 4.97595426905 0.0366269314973 0.008 0.001 0.0276269314973
5.02058120055 438 5.00089461508 0.0196865854689 0.008 0.001 0.0106865854689
5.02858120055 439 5.01113459283 0.017446607714 0.008 0.001 0.00844660771398
5.05510502131 440 5.04610502131 0.009 0.008 0.001 0.0
5.06923426849 441 5.06023426849 0.009 0.008 0.001 0.0
5.07723426849 442 5.06782390867 0.00941035981232 0.008 0.001 0.000410359812316
5.09906680616 443 5.09006680616 0.009 0.008 0.001 0.0
5.12647638149 444 5.11747638149 0.009 0.008 0.001 0.0
5.13447638149 445 5.11808818821 0.01638819328 0.008 0.001 0.00738819327998
5.14247638149 446 5.11907932671 0.023397054772 0.008 0.001 0.014397054772
5.15047638149 447 5.12037944547 0.0300969360107 0.008 0.001 0.0210969360107
5.15847638149 448 5.12217008914 0.0363062923465 0.008 0.001 0.0273062923465
5.16647638149 449 5.12276675547 0.043709626015 0.008 0.001 0.034709626015
5.17447638149 450 5.12786198657 0.0466143949167 0.008 0.001 0.0376143949167
5.18247638149 451 5.13554189686 0.0469344846239 0.008 0.001 0.0379344846239
5.19047638149 452 5.16333668959 0.0271396918942 0.008 0.001 0.0181396918942
5.19847638149 453 5.16388899701 0.0345873844756 0.008 0.001 0.0255873844756
5.20647638149 454 5.16490671377 0.0415696677144 0.008 0.001 0.0325696677144
5.21447638149 455 5.1900641769 0.0244122045864 0.008 0.001 0.0154122045864
5.22247638149 456 5.1965447662 0.0259316152899 0.008 0.001 0.0169316152899
5.23047638149 457 5.19949289627 0.0309834852153 0.008 0.001 0.0219834852153
5.23847638149 458 5.20175486768 0.0367215138068 0.008 0.001 0.0277215138068
5.24647638149 459 5.21036248836 0.0361138931241 0.008 0.001 0.0271138931241
5.25447638149 460 5.21344516283 0.0410312186602 0.008 0.001 0.0320312186602
5.26247638149 461 5.23194795018 0.0305284313062 0.008 0.001 0.0215284313062
5.27047638149 462 5.23225991354 0.0382164679445 0.008 0.001 0.0292164679445
5.27847638149 463 5.24552855429 0.0329478271997 0.008 0.001 0.0239478271997
5.28647638149 464 5.25220672191 0.0342696595726 0.008 0.001 0.0252696595726
5.29447638149 465 5.26639573681 0.0280806446756 0.008 0.001 0.0190806446756
5.30247638149 466 5.27800564654 0.0244707349445 0.008 0.001 0.0154707349445
5.31047638149 467 5.28152274483 0.0289536366528 0.008 0.001 0.0199536366528
5.31847638149 468 5.28901200602 0.0294643754676 0.008 0.001 0.0204643754676
5.32647638149 469 5.2903472082 0.0361291732865 0.008 0.001 0.0271291732865
5.33447638149 470 5.30460978262 0.0298665988637 0.008 0.001 0.0208665988637
5.34247638149 471 5.31410318142 0.0283732000619 0.008 0.001 0.0193732000619
5.35190140944 472 5.34290140944 0.009 0.008 0.001 0.0
5.36104149501 473 5.35204149501 0.009 0.008 0.001 0.0
5.37095446735 474 5.36195446735 0.009 0.008 0.001 0.0
5.37895446735 475 5.36351473951 0.0154397278377 0.008 0.001 0.00643972783773
5.38695446735 476 5.36552955189 0.0214249154593 0.008 0.001 0.0124249154593
5.39495446735 477 5.36898980772 0.0259646596299 0.008 0.001 0.0169646596299
5.40295446735 478 5.37847463874 0.0244798286105 0.008 0.001 0.0154798286105
5.41095446735 479 5.37937570487 0.0315787624815 0.008 0.001 0.0225787624815
5.41895446735 480 5.39705255391 0.0219019134402 0.008 0.001 0.0129019134402
5.42695446735 481 5.39929602911 0.0276584382442 0.008 0.001 0.0186584382442
5.43495446735 482 5.39961708601 0.0353373813406 0.008 0.001 0.0263373813406
5.44295446735 483 5.43326005419 0.00969441316275 0.008 0.001 0.000694413162752
5.45095446735 484 5.44163384331 0.00932062404111 0.008 0.001 0.000320624041108
5.45965385179 485 5.45065385179 0.009 0.008 0.001 0.0
5.46765385179 486 5.45160329627 0.0160505555187 0.008 0.001 0.00705055551865
5.47565385179 487 5.46096987442 0.0146839773685 0.008 0.001 0.00568397736847
5.50202635856 488 5.49302635856 0.009 0.008 0.001 0.0
5.51002635856 489 5.50084583037 0.0091805281867 0.008 0.001 0.000180528186695
5.51802635856 490 5.50518427903 0.0128420795286 0.008 0.001 0.00384207952858
5.52602635856 491 5.51466208052 0.0113642780366 0.008 0.001 0.00236427803665
5.53402635856 492 5.51701876844 0.0170075901191 0.008 0.001 0.00800759011912
5.54202635856 493 5.53169430997 0.0103320485874 0.008 0.001 0.0013320485874
5.55002635856 494 5.5395904738 0.0104358847554 0.008 0.001 0.00143588475541
5.57327862871 495 5.56427862871 0.009 0.008 0.001 0.0
5.58127862871 496 5.57155056504 0.00972806366911 0.008 0.001 0.000728063669106
5.58927862871 497 5.57278199375 0.0164966349553 0.008 0.001 0.00749663495533
5.59727862871 498 5.58788761364 0.00939101506692 0.008 0.001 0.000391015066918
5.62794547683 499 5.61894547683 0.009 0.008 0.001 0.0
5.63596270076 500 5.62696270076 0.009 0.008 0.001 0.0
5.64396270076 501 5.63422169681 0.00974100395656 0.008 0.001 0.000741003956555
5.65196270076 502 5.63498101713 0.0169816836349 0.008 0.001 0.00798168363487
5.65996270076 503 5.64283466238 0.0171280383801 0.008 0.001 0.00812803838014
5.66796270076 504 5.64740399459 0.0205587061684 0.008 0.001 0.0115587061684
5.67596270076 505 5.65405123756 0.0219114632034 0.008 0.001 0.0129114632034
5.68396270076 506 5.65642613222 0.027536568545 0.008 0.001 0.018536568545
5.69196270076 507 5.68169205512 0.0102706456458 0.008 0.001 0.00127064564583
5.70177817144 508 5.69277817144 0.009 0.008 0.001 0.0
5.70977817144 509 5.69328963954 0.0164885319018 0.008 0.001 0.00748853190184
5.71777817144 510 5.70210058425 0.0156775871957 0.008 0.001 0.00667758719569
5.72577817144 511 5.71168400002 0.0140941714231 0.008 0.001 0.00509417142313
5.73377817144 512 5.71847826084 0.0152999106013 0.008 0.001 0.00629991060129
5.74177817144 513 5.71986706186 0.0219111095873 0.008 0.001 0.0129111095873
5.74977817144 514 5.7316626658 0.0181155056445 0.008 0.001 0.00911550564454
5.75777817144 515 5.73588450953 0.0218936619109 0.008 0.001 0.0128936619109
5.76577817144 516 5.7546064639 0.0111717075463 0.008 0.001 0.00217170754631
5.77377817144 517 5.75707930405 0.0166988673892 0.008 0.001 0.00769886738915
5.78217312434 518 5.77317312434 0.009 0.008 0.001 0.0
5.7929059877 519 5.7839059877 0.009 0.008 0.001 0.0
5.82732276543 520 5.81832276543 0.009 0.008 0.001 0.0
5.83942747242 521 5.83042747242 0.009 0.008 0.001 0.0
5.84742747242 522 5.83250186103 0.0149256113944 0.008 0.001 0.00592561139443
5.85542747242 523 5.84214490343 0.0132825689896 0.008 0.001 0.00428256898957
5.87242565536 524 5.86342565536 0.009 0.008 0.001 0.0
5.89624299105 525 5.88724299105 0.009 0.008 0.001 0.0
5.91283998821 526 5.90383998821 0.009 0.008 0.001 0.0
5.93665312511 527 5.92765312511 0.009 0.008 0.001 0.0
5.98557354062 528 5.97657354062 0.009 0.008 0.001 0.0
5.99666287743 529 5.98766287743 0.009 0.008 0.001 0.0
6.00466287743 530 5.98909046396 0.0155724134719 0.008 0.001 0.0065724134719
6.01266287743 531 5.98928948635 0.0233733910866 0.008 0.001 0.0143733910866
6.02066287743 532 6.01124208808 0.0094207893468 0.008 0.001 0.000420789346801
6.02866287743 533 6.0128299369 0.0158329405335 0.008 0.001 0.00683294053353
6.03666287743 534 6.02128347471 0.0153794027241 0.008 0.001 0.00637940272409
6.04466287743 535 6.02670189184 0.0179609855947 0.008 0.001 0.00896098559468
6.05266287743 536 6.04129840911 0.0113644683239 0.008 0.001 0.00236446832391
6.06066287743 537 6.04146766295 0.0191952144809 0.008 0.001 0.0101952144809
6.06866287743 538 6.04880025395 0.0198626234849 0.008 0.001 0.0108626234849
6.07666287743 539 6.05651100125 0.0201518761843 0.008 0.001 0.0111518761843
6.08466287743 540 6.05819820934 0.0264646680962 0.008 0.001 0.0174646680962
6.09266287743 541 6.06317308017 0.0294897972601 0.008 0.001 0.0204897972601
6.10066287743 542 6.06385277662 0.0368101008109 0.008 0.001 0.0278101008109
6.10866287743 543 6.08122972218 0.02743315525 0.008 0.001 0.01843315525
6.11666287743 544 6.08534737656 0.0313155008695 0.008 0.001 0.0223155008695
6.12466287743 545 6.09837670155 0.0262861758842 0.008 0.001 0.0172861758842
6.13780517955 546 6.12880517955 0.009 0.008 0.001 0.0
6.14853518784 547 6.13953518784 0.009 0.008 0.001 0.0
6.17617735068 548 6.16717735068 0.009 0.008 0.001 0.0
6.18417735068 549 6.17404448252 0.0101328681527 0.008 0.001 0.00113286815265
6.19217735068 550 6.17417408905 0.0180032616305 0.008 0.001 0.00900326163045
6.20017735068 551 6.18982072134 0.0103566293374 0.008 0.001 0.00135662933742
6.22097093014 552 6.21197093014 0.009 0.008 0.001 0.0
6.24800238334 553 6.23900238334 0.009 0.008 0.001 0.0
6.28992519427 554 6.28092519427 0.009 0.008 0.001 0.0
6.29867190287 555 6.28967190287 0.009 0.008 0.001 0.0
6.3122147507 556 6.3032147507 0.009 0.008 0.001 0.0
6.3202147507 557 6.30584963528 0.0143651154216 0.008 0.001 0.00536511542156
6.3282147507 558 6.30833135389 0.0198833968044 0.008 0.001 0.0108833968044
6.3362147507 559 6.32407482657 0.0121399241315 0.008 0.001 0.00313992413151
6.3442147507 560 6.32425951241 0.0199552382841 0.008 0.001 0.0109552382841
6.35243202166 561 6.34343202166 0.009 0.008 0.001 0.0
6.36043202166 562 6.34378823902 0.0166437826354 0.008 0.001 0.00764378263541
6.3810976803 563 6.3720976803 0.009 0.008 0.001 0.0
6.40127304883 564 6.39227304883 0.009 0.008 0.001 0.0
6.40927304883 565 6.39255852602 0.0167145228114 0.008 0.001 0.00771452281143
6.41727304883 566 6.39733330901 0.0199397398256 0.008 0.001 0.0109397398255
6.42527304883 567 6.39991751734 0.0253555314914 0.008 0.001 0.0163555314914
6.43327304883 568 6.40368893198 0.02958411685 0.008 0.001 0.02058411685
6.44127304883 569 6.40946738971 0.0318056591204 0.008 0.001 0.0228056591204
6.44927304883 570 6.41155288391 0.0377201649261 0.008 0.001 0.0287201649261
6.45727304883 571 6.42245320183 0.0348198470009 0.008 0.001 0.0258198470009
6.46527304883 572 6.44567547828 0.019597570551 0.008 0.001 0.010597570551
6.48555698364 573 6.47655698364 0.009 0.008 0.001 0.0
6.49880698403 574 6.48980698403 0.009 0.008 0.001 0.0
6.5230099999 575 6.5140099999 0.009 0.008 0.001 0.0
6.5310099999 576 6.5146342072 0.0163757926989 0.008 0.001 0.00737579269891
6.5390099999 577 6.51982729096 0.0191827089308 0.008 0.001 0.0101827089308
6.5470099999 578 6.52262520514 0.0243847947558 0.008 0.001 0.0153847947558
6.5550099999 579 6.54022490149 0.0147850984072 0.008 0.001 0.00578509840721
6.5630099999 580 6.55131490378 0.0116950961193 0.008 0.001 0.00269509611926
6.5860281227 581 6.5770281227 0.009 0.008 0.001 0.0
6.5940281227 582 6.58477303058 0.00925509211811 0.008 0.001 0.000255092118108
6.60690979206 583 6.59790979206 0.009 0.008 0.001 0.0
6.62862740204 584 6.61962740204 0.009 0.008 0.001 0.0
6.63662740204 585 6.62422503529 0.0124023667515 0.008 0.001 0.00340236675149
6.64620636564 586 6.63720636564 0.009 0.008 0.001 0.0
6.65420636564 587 6.64088641478 0.0133199508592 0.008 0.001 0.00431995085919
6.66439545124 588 6.65539545124 0.009 0.008 0.001 0.0
6.6796152792 589 6.6706152792 0.009 0.008 0.001 0.0
6.73597006892 590 6.72697006892 0.009 0.008 0.001 0.0
6.75278507369 591 6.74378507369 0.009 0.008 0.001 0.0
6.76078507369 592 6.74601978097 0.0147652927228 0.008 0.001 0.00576529272282
6.76878507369 593 6.747600473 0.0211846006867 0.008 0.001 0.0121846006867
6.77678507369 594 6.76558126912 0.0112038045699 0.008 0.001 0.0022038045699
6.78478507369 595 6.77532786392 0.00945720976959 0.008 0.001 0.000457209769588
6.80598854058 596 6.79698854058 0.009 0.008 0.001 0.0
6.83693141552 597 6.82793141552 0.009 0.008 0.001 0.0
6.84493141552 598 6.83037068958 0.0145607259339 0.008 0.001 0.00556072593391
6.85293141552 599 6.83656031374 0.0163711017787 0.008 0.001 0.00737110177874
6.86093141552 600 6.83799892273 0.0229324927849 0.008 0.001 0.0139324927849
6.86893141552 601 6.85328455097 0.0156468645505 0.008 0.001 0.00664686455054
6.87693141552 602 6.85512756134 0.0218038541816 0.008 0.001 0.0128038541816
6.88493141552 603 6.87149423745 0.0134371780658 0.008 0.001 0.00443717806583
6.89293141552 604 6.87719131331 0.0157401022076 0.008 0.001 0.00674010220764
6.90114977194 605 6.89214977194 0.009 0.008 0.001 0.0
6.90914977194 606 6.8949420461 0.0142077258383 0.008 0.001 0.00520772583834
6.91714977194 607 6.9012969382 0.0158528337387 0.008 0.001 0.00685283373875
6.92514977194 608 6.91534778614 0.00980198580743 0.008 0.001 0.00080198580743
6.93314977194 609 6.91677128222 0.0163784897237 0.008 0.001 0.00737848972371
6.95490228324 610 6.94590228324 0.009 0.008 0.001 0.0
6.96290228324 611 6.95385696046 0.00904532277519 0.008 0.001 4.53227751853e-05
6.97949027177 612 6.97049027177 0.009 0.008 0.001 0.0
7.00262924856 613 6.99362924856 0.009 0.008 0.001 0.0
7.01430801398 614 7.00530801398 0.009 0.008 0.001 0.0
7.03539177209 615 7.02639177209 0.009 0.008 0.001 0.0
7.04795784497 616 7.03895784497 0.009 0.008 0.001 0.0
7.07524447181 617 7.06624447181 0.009 0.008 0.001 0.0
7.08324447181 618 7.07344822831 0.00979624349903 0.008 0.001 0.000796243499032
7.10036152948 619 7.09136152948 0.009 0.008 0.001 0.0
7.10946899996 620 7.10046899996 0.009 0.008 0.001 0.0
7.11746899996 621 7.10505004338 0.0124189565729 0.008 0.001 0.00341895657292
7.12546899996 622 7.11483596818 0.0106330317765 0.008 0.001 0.00163303177652
7.13346899996 623 7.12241100589 0.0110579940664 0.008 0.001 0.00205799406643
7.14515907748 624 7.13615907748 0.009 0.008 0.001 0.0
7.15507048282 625 7.14607048282 0.009 0.008 0.001 0.0
7.18503554664 626 7.17603554664 0.009 0.008 0.001 0.0
7.19303554664 627 7.17817578539 0.0148597612476 0.008 0.001 0.00585976124757
7.20103554664 628 7.18675560898 0.0142799376529 0.008 0.001 0.00527993765287
7.21034943417 629 7.20134943417 0.009 0.008 0.001 0.0
7.21869432699 630 7.20969432699 0.009 0.008 0.001 0.0
7.22669432699 631 7.21039619476 0.0162981322387 0.008 0.001 0.00729813223865
7.23469432699 632 7.21475869677 0.0199356302208 0.008 0.001 0.0109356302208
7.24269432699 633 7.21981094183 0.0228833851616 0.008 0.001 0.0138833851616
7.25069432699 634 7.23818572123 0.0125086057605 0.008 0.001 0.00350860576047
7.26308322871 635 7.25408322871 0.009 0.008 0.001 0.0
7.27108322871 636 7.25995404508 0.0111291836372 0.008 0.001 0.00212918363721
7.28854411309 637 7.27954411309 0.009 0.008 0.001 0.0
7.30103978443 638 7.29203978443 0.009 0.008 0.001 0.0
7.34197553654 639 7.33297553654 0.009 0.008 0.001 0.0
7.34997553654 640 7.334371362 0.0156041745372 0.008 0.001 0.00660417453724
7.37052929943 641 7.36152929943 0.009 0.008 0.001 0.0
7.37852929943 642 7.36307597097 0.0154533284521 0.008 0.001 0.0064533284521
7.38652929943 643 7.369692291 0.0168370084251 0.008 0.001 0.00783700842509
7.39452929943 644 7.3746371022 0.0198921972226 0.008 0.001 0.0108921972226
7.40252929943 645 7.38269190253 0.019837396896 0.008 0.001 0.010837396896
7.41052929943 646 7.3865362926 0.0239930068252 0.008 0.001 0.0149930068252
7.41852929943 647 7.39732785553 0.0212014438926 0.008 0.001 0.0122014438926
7.42652929943 648 7.39829612131 0.0282331781128 0.008 0.001 0.0192331781128
7.43452929943 649 7.3984341974 0.0360951020264 0.008 0.001 0.0270951020264
7.44252929943 650 7.40473287216 0.0377964272636 0.008 0.001 0.0287964272636
7.45052929943 651 7.43623701829 0.0142922811392 0.008 0.001 0.00529228113921
7.45852929943 652 7.43978083345 0.018748465973 0.008 0.001 0.00974846597303
7.46652929943 653 7.45555876701 0.0109705324114 0.008 0.001 0.00197053241139
7.48403265927 654 7.47503265927 0.009 0.008 0.001 0.0
7.49203265927 655 7.47930518564 0.012727473631 0.008 0.001 0.00372747363103
7.52493885605 656 7.51593885605 0.009 0.008 0.001 0.0
7.5428933188 657 7.5338933188 0.009 0.008 0.001 0.0
7.5508933188 658 7.5416877026 0.00920561620077 0.008 0.001 0.000205616200772
7.5588933188 659 7.54750952148 0.011383797321 0.008 0.001 0.00238379732102
7.5668933188 660 7.55428874938 0.0126045694227 0.008 0.001 0.00360456942268
7.5748933188 661 7.56013568647 0.0147576323312 0.008 0.001 0.0057576323312
7.5828933188 662 7.56137014959 0.0215231692181 0.008 0.001 0.0125231692181
7.5908933188 663 7.5617693906 0.029123928208 0.008 0.001 0.020123928208
7.5988933188 664 7.56398327811 0.034910040698 0.008 0.001 0.025910040698
7.6068933188 665 7.56896933012 0.0379239886886 0.008 0.001 0.0289239886886
7.6167500843 666 7.6077500843 0.009 0.008 0.001 0.0
7.6247500843 667 7.61561724484 0.00913283946173 0.008 0.001 0.00013283946173
7.63999352405 668 7.63099352405 0.009 0.008 0.001 0.0
7.64799352405 669 7.6383974398 0.00959608424938 0.008 0.001 0.000596084249379
7.65599352405 670 7.64164714662 0.0143463774286 0.008 0.001 0.00534637742863
7.66399352405 671 7.64734726543 0.0166462586185 0.008 0.001 0.00764625861853
7.67199352405 672 7.6625734467 0.00942007734562 0.008 0.001 0.000420077345621
7.67999352405 673 7.66606262864 0.0139308954017 0.008 0.001 0.00493089540166
7.68799352405 674 7.67454440058 0.013449123469 0.008 0.001 0.00444912346897
7.69599352405 675 7.68083515182 0.0151583722244 0.008 0.001 0.00615837222444
7.70399352405 676 7.68457892194 0.0194146021038 0.008 0.001 0.0104146021038
7.71199352405 677 7.68530465077 0.0266888732709 0.008 0.001 0.0176888732709
7.71999352405 678 7.68945769292 0.0305358311265 0.008 0.001 0.0215358311265
7.72799352405 679 7.69020669999 0.0377868240584 0.008 0.001 0.0287868240584
7.74296599125 680 7.73396599125 0.009 0.008 0.001 0.0
7.77403156722 681 7.76503156722 0.009 0.008 0.001 0.0
7.79668538816 682 7.78768538816 0.009 0.008 0.001 0.0
7.80753641347 683 7.79853641347 0.009 0.008 0.001 0.0
7.81553641347 684 7.79945578716 0.0160806263031 0.008 0.001 0.00708062630307
7.82353641347 685 7.80624918052 0.0172872329421 0.008 0.001 0.00828723294211
7.83244135845 686 7.82344135845 0.009 0.008 0.001 0.0
7.84044135845 687 7.82647729067 0.013964067775 0.008 0.001 0.00496406777497
7.8498526399 688 7.8408526399 0.009 0.008 0.001 0.0
7.87281978402 689 7.86381978402 0.009 0.008 0.001 0.0
7.88081978402 690 7.86982949017 0.0109902938479 0.008 0.001 0.00199029384789
7.9061881234 691 7.8971881234 0.009 0.008 0.001 0.0
7.91563095054 692 7.90663095054 0.009 0.008 0.001 0.0
7.92363095054 693 7.90950084003 0.0141301105165 0.008 0.001 0.00513011051646
7.93163095054 694 7.91178380381 0.0198471467307 0.008 0.001 0.0108471467307
7.93963095054 695 7.91315951556 0.0264714349788 0.008 0.001 0.0174714349788
7.94763095054 696 7.92207896129 0.025551989253 0.008 0.001 0.016551989253
7.95563095054 697 7.92384135688 0.031789593661 0.008 0.001 0.022789593661
7.96363095054 698 7.94690241724 0.0167285333003 0.008 0.001 0.00772853330029
7.97285102511 699 7.96385102511 0.009 0.008 0.001 0.0
7.98085102511 700 7.96747700757 0.0133740175406 0.008 0.001 0.0043740175406
7.99784808174 701 7.98884808174 0.009 0.008 0.001 0.0
8.02263966854 702 8.01363966854 0.009 0.008 0.001 0.0
8.03072134632 703 8.02172134632 0.009 0.008 0.001 0.0
8.04894760563 704 8.03994760563 0.009 0.008 0.001 0.0
8.07520183048 705 8.06620183048 0.009 0.008 0.001 0.0
8.08320183048 706 8.06933531259 0.0138665178875 0.008 0.001 0.00486651788748
8.1043414115 707 8.0953414115 0.009 0.008 0.001 0.0
8.12086280586 708 8.11186280586 0.009 0.008 0.001 0.0
8.13040215306 709 8.12140215306 0.009 0.008 0.001 0.0
8.15342505718 710 8.14442505718 0.009 0.008 0.001 0.0
8.16320480467 711 8.15420480467 0.009 0.008 0.001 0.0
8.17120480467 712 8.15523579493 0.0159690097462 0.008 0.001 0.00696900974616
8.18436550199 713 8.17536550199 0.009 0.008 0.001 0.0
8.19236550199 714 8.18032415716 0.0120413448326 0.008 0.001 0.00304134483255
8.20768390064 715 8.19868390064 0.009 0.008 0.001 0.0
8.21568390064 716 8.20346876281 0.0122151378308 0.008 0.001 0.00321513783078
8.22478058142 717 8.21578058142 0.009 0.008 0.001 0.0
8.23278058142 718 8.21982277259 0.0129578088248 0.008 0.001 0.00395780882484
8.24712675307 719 8.23812675307 0.009 0.008 0.001 0.0
8.25512675307 720 8.23923439477 0.015892358299 0.008 0.001 0.00689235829896
8.26312675307 721 8.2451780721 0.0179486809648 0.008 0.001 0.00894868096479
8.27112675307 722 8.24939414457 0.0217326084963 0.008 0.001 0.0127326084963
8.27912675307 723 8.25672469487 0.0224020581926 0.008 0.001 0.0134020581926
8.28712675307 724 8.26424424977 0.0228825032971 0.008 0.001 0.0138825032971
8.29512675307 725 8.26738437926 0.0277423738045 0.008 0.001 0.0187423738045
8.30312675307 726 8.27030286905 0.0328238840189 0.008 0.001 0.0238238840189
8.31112675307 727 8.29521274517 0.0159140078936 0.008 0.001 0.00691400789364
8.31912675307 728 8.30222150979 0.0169052432797 0.008 0.001 0.00790524327967
8.32712675307 729 8.30296197381 0.0241647792596 0.008 0.001 0.0151647792596
8.33512675307 730 8.30669832785 0.0284284252116 0.008 0.001 0.0194284252116
8.34312675307 731 8.31617428002 0.0269524730417 0.008 0.001 0.0179524730417
8.35112675307 732 8.32973631728 0.0213904357832 0.008 0.001 0.0123904357832
8.35912675307 733 8.33687637923 0.0222503738385 0.008 0.001 0.0132503738385
8.36712675307 734 8.3374696557 0.0296570973659 0.008 0.001 0.0206570973659
8.37512675307 735 8.35897558253 0.016151170533 0.008 0.001 0.00715117053299
8.38312675307 736 8.36353167534 0.0195950777253 0.008 0.001 0.0105950777253
8.39112675307 737 8.36476780989 0.0263589431726 0.008 0.001 0.0173589431726
8.39912675307 738 8.36656269864 0.0325640544214 0.008 0.001 0.0235640544214
8.40712675307 739 8.37547067206 0.0316560810054 0.008 0.001 0.0226560810054
8.41512675307 740 8.40372244978 0.0114043032807 0.008 0.001 0.00240430328075
8.42312675307 741 8.4040831006 0.0190436524673 0.008 0.001 0.0100436524673
8.44832032711 742 8.43932032711 0.009 0.008 0.001 0.0
8.45632032711 743 8.44500203114 0.0113182959619 0.008 0.001 0.00231829596187
8.46772313499 744 8.45872313499 0.009 0.008 0.001 0.0
8.47572313499 745 8.46014253143 0.0155806035583 0.008 0.001 0.00658060355828
8.48372313499 746 8.46522736356 0.0184957714258 0.008 0.001 0.00949577142583
8.49772506856 747 8.48872506856 0.009 0.008 0.001 0.0
8.51347270567 748 8.50447270567 0.009 0.008 0.001 0.0
8.52147270567 749 8.51154759982 0.00992510584534 0.008 0.001 0.000925105845338
8.52947270567 750 8.52018239658 0.00929030909026 0.008 0.001 0.000290309090264
8.53747270567 751 8.52338262508 0.0140900805858 0.008 0.001 0.00509008058579
8.55259520724 752 8.54359520724 0.009 0.008 0.001 0.0
8.56245667901 753 8.55345667901 0.009 0.008 0.001 0.0
8.57045667901 754 8.55965184225 0.0108048367646 0.008 0.001 0.00180483676462
8.57845667901 755 8.56574506775 0.0127116112597 0.008 0.001 0.00371161125972
8.58645667901 756 8.56719981812 0.0192568608883 0.008 0.001 0.0102568608883
8.59445667901 757 8.58399862811 0.0104580509027 0.008 0.001 0.00145805090265
8.61655394121 758 8.60755394121 0.009 0.008 0.001 0.0
8.62455394121 759 8.60875290424 0.0158010369701 0.008 0.001 0.00680103697012
8.6393054447 760 8.6303054447 0.009 0.008 0.001 0.0
8.66380945283 761 8.65480945283 0.009 0.008 0.001 0.0
8.69161776405 762 8.68261776405 0.009 0.008 0.001 0.0
8.70097752864 763 8.69197752864 0.009 0.008 0.001 0.0
8.70897752864 764 8.69520280817 0.0137747204757 0.008 0.001 0.00477472047569
8.7334411961 765 8.7244411961 0.009 0.008 0.001 0.0
8.74631695394 766 8.73731695394 0.009 0.008 0.001 0.0
8.75431695394 767 8.74187763765 0.0124393162933 0.008 0.001 0.00343931629331
8.76231695394 768 8.74816849888 0.0141484550584 0.008 0.001 0.00514845505837
8.77031695394 769 8.76077839837 0.00953855556812 0.008 0.001 0.000538555568124
8.77831695394 770 8.76562562457 0.0126913293742 0.008 0.001 0.00369132937419
8.78631695394 771 8.76955958689 0.0167573670517 0.008 0.001 0.00775736705169
8.79431695394 772 8.77089429594 0.0234226579997 0.008 0.001 0.0144226579997
8.80231695394 773 8.77234732825 0.0299696256912 0.008 0.001 0.0209696256912
8.81031695394 774 8.79721464299 0.013102310948 0.008 0.001 0.00410231094802
8.81831695394 775 8.79840921416 0.0199077397812 0.008 0.001 0.0109077397812
8.82631695394 776 8.80415474031 0.0221622136271 0.008 0.001 0.0131622136271
8.8378279734 777 8.8288279734 0.009 0.008 0.001 0.0
8.8458279734 778 8.82966052578 0.0161674476223 0.008 0.001 0.00716744762226
8.86166246483 779 8.85266246483 0.009 0.008 0.001 0.0
8.86966246483 780 8.85856936497 0.0110930998542 0.008 0.001 0.00209309985418
8.87766246483 781 8.86600712806 0.0116553367641 0.008 0.001 0.00265533676413
8.89008573558 782 8.88108573558 0.009 0.008 0.001 0.0
8.89808573558 783 8.88234646358 0.0157392720019 0.008 0.001 0.00673927200191
8.90608573558 784 8.88370743038 0.0223783051952 0.008 0.001 0.0133783051952
8.91408573558 785 8.89072615067 0.023359584905 0.008 0.001 0.014359584905
8.92208573558 786 8.89157663523 0.0305091003467 0.008 0.001 0.0215091003467
8.93008573558 787 8.91449424773 0.0155914878485 0.008 0.001 0.00659148784852
8.93808573558 788 8.91747128648 0.0206144490996 0.008 0.001 0.0116144490996
8.95415601038 789 8.94515601038 0.009 0.008 0.001 0.0
8.97520902042 790 8.96620902042 0.009 0.008 0.001 0.0
8.98320902042 791 8.96789908037 0.0153099400478 0.008 0.001 0.0063099400478
9.00875325884 792 8.99975325884 0.009 0.008 0.001 0.0
9.01675325884 793 9.0035006475 0.0132526113367 0.008 0.001 0.00425261133666
9.03533876817 794 9.02633876817 0.009 0.008 0.001 0.0
9.05111620636 795 9.04211620636 0.009 0.008 0.001 0.0
9.06337105814 796 9.05437105814 0.009 0.008 0.001 0.0
9.07137105814 797 9.05722784107 0.0141432170769 0.008 0.001 0.00514321707686
9.10581068489 798 9.09681068489 0.009 0.008 0.001 0.0
9.12112642969 799 9.11212642969 0.009 0.008 0.001 0.0
9.13986812969 800 9.13086812969 0.009 0.008 0.001 0.0
9.15036368188 801 9.14136368188 0.009 0.008 0.001 0.0
9.15836368188 802 9.14140139432 0.0169622875606 0.008 0.001 0.0079622875606
9.16636368188 803 9.14381895015 0.0225447317249 0.008 0.001 0.0135447317249
9.17436368188 804 9.14698342161 0.0273802602684 0.008 0.001 0.0183802602684
9.18236368188 805 9.15053591577 0.0318277661123 0.008 0.001 0.0228277661123
9.19036368188 806 9.16194467462 0.0284190072564 0.008 0.001 0.0194190072564
9.19836368188 807 9.17734401356 0.021019668322 0.008 0.001 0.012019668322
9.20636368188 808 9.18212706614 0.0242366157402 0.008 0.001 0.0152366157402
9.21436368188 809 9.18631184024 0.0280518416432 0.008 0.001 0.0190518416432
9.22236368188 810 9.20429951697 0.018064164912 0.008 0.001 0.009064164912
9.23036368188 811 9.21080016463 0.0195635172451 0.008 0.001 0.0105635172451
9.23836368188 812 9.21182081729 0.0265428645912 0.008 0.001 0.0175428645912
9.24636368188 813 9.23630497959 0.0100587022927 0.008 0.001 0.00105870229274
9.25436368188 814 9.23728163526 0.0170820466176 0.008 0.001 0.00808204661756
9.28192867491 815 9.27292867491 0.009 0.008 0.001 0.0
9.30418367841 816 9.29518367841 0.009 0.008 0.001 0.0
9.31666756456 817 9.30766756456 0.009 0.008 0.001 0.0
9.33300909858 818 9.32400909858 0.009 0.008 0.001 0.0
9.35823325568 819 9.34923325568 0.009 0.008 0.001 0.0
9.36706266883 820 9.35806266883 0.009 0.008 0.001 0.0
9.39228176624 821 9.38328176624 0.009 0.008 0.001 0.0
9.40028176624 822 9.39088120083 0.00940056541466 0.008 0.001 0.00040056541466
9.43679505369 823 9.42779505369 0.009 0.008 0.001 0.0
9.44576061633 824 9.43676061633 0.009 0.008 0.001 0.0
9.45376061633 825 9.43803349692 0.0157271194109 0.008 0.001 0.00672711941095
9.46176061633 826 9.43804260635 0.0237180099764 0.008 0.001 0.0147180099764
9.46976061633 827 9.44031900796 0.0294416083711 0.008 0.001 0.0204416083711
9.47776061633 828 9.44136119041 0.0363994259168 0.008 0.001 0.0273994259168
9.48576061633 829 9.44621746374 0.0395431525852 0.008 0.001 0.0305431525852
9.49376061633 830 9.45107867634 0.0426819399851 0.008 0.001 0.0336819399851
9.50176061633 831 9.45225288602 0.0495077303029 0.008 0.001 0.0405077303029
9.5175469426 832 9.5085469426 0.009 0.008 0.001 0.0
9.53711691877 833 9.52811691877 0.009 0.008 0.001 0.0
9.54511691877 834 9.53305633954 0.0120605792212 0.008 0.001 0.00306057922115
9.56715062688 835 9.55815062688 0.009 0.008 0.001 0.0
9.57515062688 836 9.56589469238 0.00925593449215 0.008 0.001 0.000255934492149
9.58315062688 837 9.56747531468 0.0156753121981 0.008 0.001 0.00667531219812
9.5925126976 838 9.5835126976 0.009 0.008 0.001 0.0
9.63482650603 839 9.62582650603 0.009 0.008 0.001 0.0
9.67048251257 840 9.66148251257 0.009 0.008 0.001 0.0
9.68948253768 841 9.68048253768 0.009 0.008 0.001 0.0
9.70264124583 842 9.69364124583 0.009 0.008 0.001 0.0
9.71064124583 843 9.6955637911 0.0150774547289 0.008 0.001 0.00607745472889
9.71864124583 844 9.70637291989 0.0122683259423 0.008 0.001 0.00326832594226
9.72664124583 845 9.70933847779 0.0173027680449 0.008 0.001 0.00830276804486
9.73464124583 846 9.71399183844 0.0206494073906 0.008 0.001 0.0116494073906
9.74264124583 847 9.71757413617 0.0250671096602 0.008 0.001 0.0160671096602
9.75064124583 848 9.72433376583 0.0263074800001 0.008 0.001 0.0173074800001
9.75864124583 849 9.7327227264 0.0259185194258 0.008 0.001 0.0169185194258
9.76664124583 850 9.7346268305 0.0320144153325 0.008 0.001 0.0230144153325
9.77464124583 851 9.73585137317 0.0387898726586 0.008 0.001 0.0297898726586
9.78264124583 852 9.73849280502 0.0441484408086 0.008 0.001 0.0351484408086
9.79064124583 853 9.7511480394 0.0394932064304 0.008 0.001 0.0304932064304
9.79864124583 854 9.75132804692 0.0473131989114 0.008 0.001 0.0383131989114
9.80664124583 855 9.75298765165 0.0536535941813 0.008 0.001 0.0446535941813
9.81464124583 856 9.76795906375 0.0466821820827 0.008 0.001 0.0376821820827
9.82264124583 857 9.77621667785 0.0464245679756 0.008 0.001 0.0374245679756
9.83064124583 858 9.77902406171 0.051617184118 0.008 0.001 0.042617184118
9.83864124583 859 9.78220948073 0.0564317651022 0.008 0.001 0.0474317651022
9.84664124583 860 9.78258688009 0.06405436574 0.008 0.001 0.05505436574
9.85464124583 861 9.78461653065 0.0700247151834 0.008 0.001 0.0610247151834
9.86264124583 862 9.80530182892 0.0573394169098 0.008 0.001 0.0483394169098
9.87064124583 863 9.80801884145 0.0626224043766 0.008 0.001 0.0536224043766
9.87864124583 864 9.81360035787 0.0650408879641 0.008 0.001 0.0560408879641
9.88664124583 865 9.82606232148 0.0605789243487 0.008 0.001 0.0515789243487
9.89531176032 866 9.88631176032 0.009 0.008 0.001 0.0
9.91451459532 867 9.90551459532 0.009 0.008 0.001 0.0
9.94007195358 868 9.93107195358 0.009 0.008 0.001 0.0
9.95059458578 869 9.94159458578 0.009 0.008 0.001 0.0
9.95859458578 870 9.94301744297 0.0155771428113 0.008 0.001 0.0065771428113
9.96659458578 871 9.94334031895 0.02325426683 0.008 0.001 0.01425426683
9.98494587638 872 9.97594587638 0.009 0.008 0.001 0.0
9.99411192256 873 9.98511192256 0.009 0.008 0.001 0.0
10.0021119226 874 9.98532358014 0.016788342423 0.008 0.001 0.00778834242304
