0.009 2 0 0.009 0.008 0.001 0
0.0339294958144 3 0.0249294958144 0.009 0.008 0.001 0.0
0.075530748414 4 0.066530748414 0.009 0.008 0.001 0.0
0.0840037731037 5 0.0750037731037 0.009 0.008 0.001 0.0
0.0960363659116 6 0.0870363659116 0.009 0.008 0.001 0.0
0.116405398889 7 0.107405398889 0.009 0.008 0.001 0.0
0.130372149755 8 0.121372149755 0.009 0.008 0.001 0.0
0.143496727857 9 0.134496727857 0.009 0.008 0.001 0.0
0.151496727857 10 0.137835820656 0.0136609072012 0.008 0.001 0.00466090720117
0.159496727857 11 0.143524374871 0.0159723529867 0.008 0.001 0.00697235298667
0.196668897263 12 0.187668897263 0.009 0.008 0.001 0.0
0.204668897263 13 0.18897636176 0.0156925355037 0.008 0.001 0.0066925355037
0.212668897263 14 0.192490244192 0.0201786530713 0.008 0.001 0.0111786530713
0.220668897263 15 0.196392119505 0.0242767777585 0.008 0.001 0.0152767777585
0.228668897263 16 0.205075118843 0.0235937784206 0.008 0.001 0.0145937784206
0.236668897263 17 0.208908170588 0.0277607266752 0.008 0.001 0.0187607266752
0.244668897263 18 0.210925940563 0.0337429567 0.008 0.001 0.0247429567
0.252668897263 19 0.213805059653 0.0388638376099 0.008 0.001 0.0298638376099
0.260668897263 20 0.222006553139 0.0386623441239 0.008 0.001 0.0296623441239
0.268668897263 21 0.225183117806 0.0434857794574 0.008 0.001 0.0344857794574
0.276668897263 22 0.246534457238 0.0301344400254 0.008 0.001 0.0211344400254
0.284668897263 23 0.267385301742 0.0172835955212 0.008 0.001 0.00828359552121
0.292668897263 24 0.268631863231 0.0240370340322 0.008 0.001 0.0150370340322
0.300668897263 25 0.277934059648 0.022734837615 0.008 0.001 0.013734837615
0.308668897263 26 0.286243639473 0.0224252577904 0.008 0.001 0.0134252577904
0.316668897263 27 0.28642852962 0.030240367643 0.008 0.001 0.021240367643
0.324668897263 28 0.300713730514 0.0239551667493 0.008 0.001 0.0149551667493
0.332668897263 29 0.302365210317 0.0303036869465 0.008 0.001 0.0213036869465
0.340668897263 30 0.306291123504 0.0343777737592 0.008 0.001 0.0253777737592
0.348668897263 31 0.334637847185 0.0140310500779 0.008 0.001 0.00503105007792
0.356668897263 32 0.340004849983 0.0166640472801 0.008 0.001 0.00766404728011
0.364668897263 33 0.343417799352 0.0212510979113 0.008 0.001 0.0122510979113
0.372668897263 34 0.355546746189 0.0171221510739 0.008 0.001 0.00812215107393
0.425817503728 35 0.416817503728 0.009 0.008 0.001 0.0
0.445114563189 36 0.436114563189 0.009 0.008 0.001 0.0
0.471034355923 37 0.462034355923 0.009 0.008 0.001 0.0
0.479034355923 38 0.463425032656 0.0156093232664 0.008 0.001 0.00660932326641
0.487034355923 39 0.475093403593 0.0119409523299 0.008 0.001 0.00294095232993
0.498344016201 40 0.489344016201 0.009 0.008 0.001 0.0
0.512330684929 41 0.503330684929 0.009 0.008 0.001 0.0
0.520887453349 42 0.511887453349 0.009 0.008 0.001 0.0
0.586357522922 43 0.577357522922 0.009 0.008 0.001 0.0
0.599333124259 44 0.590333124259 0.009 0.008 0.001 0.0
0.607333124259 45 0.593086468202 0.0142466560569 0.008 0.001 0.00524665605687
0.615333124259 46 0.595736376194 0.0195967480654 0.008 0.001 0.0105967480654
0.623333124259 47 0.597457196893 0.0258759273661 0.008 0.001 0.0168759273661
0.631333124259 48 0.597523458678 0.0338096655818 0.008 0.001 0.0248096655818
0.639333124259 49 0.619581231984 0.0197518922749 0.008 0.001 0.0107518922749
0.647333124259 50 0.629402904376 0.0179302198829 0.008 0.001 0.00893021988293
0.658468375508 51 0.649468375508 0.009 0.008 0.001 0.0
0.67459181389 52 0.66559181389 0.009 0.008 0.001 0.0
0.693417294484 53 0.684417294484 0.009 0.008 0.001 0.0
0.701417294484 54 0.690412315733 0.0110049787518 0.008 0.001 0.00200497875182
0.709417294484 55 0.695582262019 0.0138350324653 0.008 0.001 0.00483503246531
0.717417294484 56 0.69912354805 0.0182937464341 0.008 0.001 0.00929374643413
0.725417294484 57 0.70602509523 0.0193921992546 0.008 0.001 0.0103921992546
0.733417294484 58 0.708881880611 0.0245354138732 0.008 0.001 0.0155354138732
0.741417294484 59 0.719791972961 0.0216253215235 0.008 0.001 0.0126253215235
0.749417294484 60 0.721846113145 0.0275711813394 0.008 0.001 0.0185711813394
0.757417294484 61 0.737199884794 0.0202174096901 0.008 0.001 0.0112174096901
0.765417294484 62 0.744262979781 0.0211543147031 0.008 0.001 0.0121543147031
0.773417294484 63 0.75421573992 0.0192015545639 0.008 0.001 0.0102015545639
0.808366909451 64 0.799366909451 0.009 0.008 0.001 0.0
0.816366909451 65 0.800456279431 0.0159106300197 0.008 0.001 0.00691063001967
0.824366909451 66 0.809259162051 0.0151077473995 0.008 0.001 0.00610774739954
0.836809964483 67 0.827809964483 0.009 0.008 0.001 0.0
0.847877218892 68 0.838877218892 0.009 0.008 0.001 0.0
0.855877218892 69 0.843841567284 0.0120356516081 0.008 0.001 0.00303565160808
0.863877218892 70 0.850509212114 0.0133680067781 0.008 0.001 0.00436800677806
0.871877218892 71 0.850907513255 0.0209697056369 0.008 0.001 0.0119697056369
0.902797190459 72 0.893797190459 0.009 0.008 0.001 0.0
0.910797190459 73 0.896398110297 0.0143990801623 0.008 0.001 0.0053990801623
0.918797190459 74 0.901743265018 0.0170539254418 0.008 0.001 0.00805392544182
0.926797190459 75 0.908984066144 0.0178131243154 0.008 0.001 0.00881312431542
0.934797190459 76 0.91311509127 0.0216820991891 0.008 0.001 0.0126820991891
0.942797190459 77 0.926341756028 0.0164554344311 0.008 0.001 0.00745543443114
0.950797190459 78 0.933045291851 0.0177518986086 0.008 0.001 0.00875189860855
0.958797190459 79 0.940849451272 0.017947739187 0.008 0.001 0.00894773918702
0.966797190459 80 0.957386909647 0.00941028081201 0.008 0.001 0.000410280812011
0.974797190459 81 0.960467047375 0.014330143084 0.008 0.001 0.00533014308403
0.982797190459 82 0.96065380587 0.0221433845896 0.008 0.001 0.0131433845896
0.990797190459 83 0.963858971834 0.0269382186253 0.008 0.001 0.0179382186253
0.998797190459 84 0.969890430518 0.0289067599418 0.008 0.001 0.0199067599418
1.00679719046 85 0.97098555583 0.0358116346289 0.008 0.001 0.0268116346289
1.01479719046 86 0.985245757017 0.0295514334422 0.008 0.001 0.0205514334422
1.05289193021 87 1.04389193021 0.009 0.008 0.001 0.0
1.06089193021 88 1.04680351725 0.0140884129586 0.008 0.001 0.00508841295863
1.0710046883 89 1.0620046883 0.009 0.008 0.001 0.0
1.0790046883 90 1.06902421005 0.00998047824447 0.008 0.001 0.000980478244474
1.08844325932 91 1.07944325932 0.009 0.008 0.001 0.0
1.09644325932 92 1.08632997378 0.0101132855408 0.008 0.001 0.00111328554083
1.12878344116 93 1.11978344116 0.009 0.008 0.001 0.0
1.13678344116 94 1.12592575246 0.0108576886952 0.008 0.001 0.00185768869516
1.14478344116 95 1.12648974047 0.0182937006907 0.008 0.001 0.00929370069071
1.15278344116 96 1.14213068982 0.0106527513337 0.008 0.001 0.00165275133366
1.16617285858 97 1.15717285858 0.009 0.008 0.001 0.0
1.17417285858 98 1.16004193616 0.0141309224246 0.008 0.001 0.00513092242458
1.18217285858 99 1.16646555106 0.015707307526 0.008 0.001 0.006707307526
1.19017285858 100 1.17145310588 0.0187197527011 0.008 0.001 0.00971975270113
1.19817285858 101 1.18716247652 0.0110103820592 0.008 0.001 0.00201038205918
1.21421262312 102 1.20521262312 0.009 0.008 0.001 0.0
1.22221262312 103 1.21295152863 0.00926109448668 0.008 0.001 0.000261094486678
1.2320419245 104 1.2230419245 0.009 0.008 0.001 0.0
1.25588224696 105 1.24688224696 0.009 0.008 0.001 0.0
1.26388224696 106 1.25144860519 0.0124336417677 0.008 0.001 0.0034336417677
1.27188224696 107 1.25385133251 0.0180309144495 0.008 0.001 0.00903091444952
1.27988224696 108 1.26263680123 0.0172454457226 0.008 0.001 0.00824544572262
1.28788224696 109 1.27095827362 0.0169239733321 0.008 0.001 0.00792397333209
1.30326136674 110 1.29426136674 0.009 0.008 0.001 0.0
1.32386039146 111 1.31486039146 0.009 0.008 0.001 0.0
1.35570531784 112 1.34670531784 0.009 0.008 0.001 0.0
1.36370531784 113 1.35123006219 0.0124752556465 0.008 0.001 0.00347525564653
1.37254878064 114 1.36354878064 0.009 0.008 0.001 0.0
1.38054878064 115 1.36370544242 0.0168433382206 0.008 0.001 0.00784333822062
1.38854878064 116 1.3647330559 0.0238157247476 0.008 0.001 0.0148157247476
1.39654878064 117 1.37511162616 0.0214371544849 0.008 0.001 0.0124371544849
1.40454878064 118 1.37584126207 0.0287075185761 0.008 0.001 0.0197075185761
1.41254878064 119 1.37746517626 0.0350836043802 0.008 0.001 0.0260836043802
1.42054878064 120 1.39054179855 0.0300069820942 0.008 0.001 0.0210069820942
1.42854878064 121 1.3920308723 0.036517908343 0.008 0.001 0.027517908343
1.43654878064 122 1.39984355738 0.0367052232595 0.008 0.001 0.0277052232595
1.44454878064 123 1.41968582648 0.0248629541683 0.008 0.001 0.0158629541683
1.45254878064 124 1.42901632074 0.0235324599054 0.008 0.001 0.0145324599054
1.46054878064 125 1.45007877399 0.0104700066585 0.008 0.001 0.00147000665852
1.48045967545 126 1.47145967545 0.009 0.008 0.001 0.0
1.48845967545 127 1.47405336383 0.0144063116222 0.008 0.001 0.00540631162217
1.50492248866 128 1.49592248866 0.009 0.008 0.001 0.0
1.51671976165 129 1.50771976165 0.009 0.008 0.001 0.0
1.52471976165 130 1.50978075207 0.0149390095809 0.008 0.001 0.00593900958089
1.53271976165 131 1.5128469008 0.0198728608546 0.008 0.001 0.0108728608546
1.54071976165 132 1.51327479335 0.0274449683039 0.008 0.001 0.0184449683039
1.54871976165 133 1.51972752547 0.0289922361849 0.008 0.001 0.0199922361849
1.55671976165 134 1.53296778108 0.0237519805736 0.008 0.001 0.0147519805736
1.56471976165 135 1.54614306139 0.0185767002565 0.008 0.001 0.00957670025654
1.57901186087 136 1.57001186087 0.009 0.008 0.001 0.0
1.59700662737 137 1.58800662737 0.009 0.008 0.001 0.0
1.60500662737 138 1.5914766165 0.0135300108742 0.008 0.001 0.00453001087418
1.61300662737 139 1.59445104634 0.0185555810296 0.008 0.001 0.0095555810296
1.62100662737 140 1.59725117022 0.0237554571489 0.008 0.001 0.0147554571489
1.62900662737 141 1.60412903602 0.0248775913513 0.008 0.001 0.0158775913513
1.63700662737 142 1.61106933322 0.0259372941555 0.008 0.001 0.0169372941555
1.64500662737 143 1.61717696821 0.0278296591591 0.008 0.001 0.0188296591591
1.65300662737 144 1.62242346459 0.030583162783 0.008 0.001 0.021583162783
1.66100662737 145 1.62993362481 0.0310730025633 0.008 0.001 0.0220730025633
1.66900662737 146 1.63588833701 0.0331182903603 0.008 0.001 0.0241182903603
1.67700662737 147 1.64259047274 0.0344161546312 0.008 0.001 0.0254161546312
1.68500662737 148 1.64692850618 0.0380781211944 0.008 0.001 0.0290781211944
1.69300662737 149 1.65064241193 0.0423642154416 0.008 0.001 0.0333642154416
1.70100662737 150 1.66291639456 0.0380902328104 0.008 0.001 0.0290902328104
1.70900662737 151 1.67805453364 0.0309520937362 0.008 0.001 0.0219520937362
1.71700662737 152 1.70187959246 0.015127034916 0.008 0.001 0.00612703491596
1.73387492632 153 1.72487492632 0.009 0.008 0.001 0.0
1.74187492632 154 1.72505660563 0.0168183206868 0.008 0.001 0.00781832068682
1.74987492632 155 1.73131135214 0.0185635741763 0.008 0.001 0.00956357417626
1.75787492632 156 1.73867567149 0.0191992548268 0.008 0.001 0.0101992548268
1.76733675364 157 1.75833675364 0.009 0.008 0.001 0.0
1.77596305192 158 1.76696305192 0.009 0.008 0.001 0.0
1.80467498729 159 1.79567498729 0.009 0.008 0.001 0.0
1.81267498729 160 1.79708902692 0.0155859603616 0.008 0.001 0.00658596036156
1.82067498729 161 1.80016519842 0.0205097888647 0.008 0.001 0.0115097888647
1.82867498729 162 1.80354114351 0.0251338437769 0.008 0.001 0.0161338437769
1.83667498729 163 1.80797829588 0.0286966914041 0.008 0.001 0.0196966914041
1.84467498729 164 1.83072641501 0.0139485722761 0.008 0.001 0.00494857227614
1.85267498729 165 1.83484909422 0.0178258930635 0.008 0.001 0.00882589306348
1.86067498729 166 1.84132523982 0.0193497474683 0.008 0.001 0.0103497474683
1.86867498729 167 1.84340043061 0.0252745566774 0.008 0.001 0.0162745566774
1.87667498729 168 1.84368812137 0.0329868659195 0.008 0.001 0.0239868659195
1.88467498729 169 1.84501410324 0.0396608840423 0.008 0.001 0.0306608840423
1.89267498729 170 1.85813061171 0.0345443755787 0.008 0.001 0.0255443755787
1.90067498729 171 1.86596177921 0.0347132080759 0.008 0.001 0.0257132080759
1.90867498729 172 1.86976709539 0.0389078918979 0.008 0.001 0.0299078918979
1.91667498729 173 1.86984467979 0.0468303074945 0.008 0.001 0.0378303074945
1.92467498729 174 1.87774800479 0.046926982491 0.008 0.001 0.037926982491
1.93267498729 175 1.88212486388 0.0505501234032 0.008 0.001 0.0415501234032
1.94067498729 176 1.8870520448 0.0536229424872 0.008 0.001 0.0446229424872
1.94867498729 177 1.89376228566 0.0549127016264 0.008 0.001 0.0459127016264
1.95667498729 178 1.89780465867 0.0588703286162 0.008 0.001 0.0498703286162
1.96467498729 179 1.90325101655 0.0614239707338 0.008 0.001 0.0524239707338
1.97267498729 180 1.93793718977 0.0347377975184 0.008 0.001 0.0257377975184
1.98067498729 181 1.95777288847 0.0229020988135 0.008 0.001 0.0139020988135
1.98867498729 182 1.96662834916 0.0220466381272 0.008 0.001 0.0130466381272
1.99667498729 183 1.976063018 0.0206119692822 0.008 0.001 0.0116119692822
2.00467498729 184 1.97868700789 0.0259879793925 0.008 0.001 0.0169879793925
2.01267498729 185 1.98288329855 0.0297916887342 0.008 0.001 0.0207916887342
2.02067498729 186 1.98374956252 0.0369254247655 0.008 0.001 0.0279254247655
2.02867498729 187 2.00563904964 0.0230359376462 0.008 0.001 0.0140359376462
2.03667498729 188 2.01552716466 0.021147822626 0.008 0.001 0.012147822626
2.04467498729 189 2.01594178792 0.0287331993687 0.008 0.001 0.0197331993687
2.05267498729 190 2.03190947522 0.0207655120622 0.008 0.001 0.0117655120622
2.06067498729 191 2.03216757527 0.0285074120195 0.008 0.001 0.0195074120195
2.06867498729 192 2.03250124198 0.036173745307 0.008 0.001 0.027173745307
2.08947964472 193 2.08047964472 0.009 0.008 0.001 0.0
2.09747964472 194 2.08069864161 0.016781003109 0.008 0.001 0.00778100310903
2.10547964472 195 2.08416448508 0.0213151596356 0.008 0.001 0.0123151596356
2.11347964472 196 2.0963750823 0.0171045624254 0.008 0.001 0.0081045624254
2.12147964472 197 2.10011671783 0.0213629268875 0.008 0.001 0.0123629268875
2.12947964472 198 2.1119470448 0.0175325999156 0.008 0.001 0.00853259991565
2.13747964472 199 2.11872322498 0.0187564197359 0.008 0.001 0.00975641973592
2.14547964472 200 2.13337933205 0.012100312672 0.008 0.001 0.00310031267196
2.15347964472 201 2.14170400764 0.0117756370803 0.008 0.001 0.00277563708028
2.16549032818 202 2.15649032818 0.009 0.008 0.001 0.0
2.17349032818 203 2.16117241988 0.0123179082995 0.008 0.001 0.00331790829946
2.18149032818 204 2.16819515368 0.0132951745012 0.008 0.001 0.00429517450125
2.18949032818 205 2.17654786477 0.0129424634161 0.008 0.001 0.00394246341609
2.19749032818 206 2.18216315234 0.0153271758467 0.008 0.001 0.00632717584668
2.20549032818 207 2.19418134426 0.0113089839279 0.008 0.001 0.00230898392788
2.21773313161 208 2.20873313161 0.009 0.008 0.001 0.0
2.22573313161 209 2.21118375819 0.0145493734204 0.008 0.001 0.00554937342037
2.23373313161 210 2.21403527926 0.0196978523543 0.008 0.001 0.0106978523543
2.24173313161 211 2.22383957879 0.0178935528235 0.008 0.001 0.00889355282352
2.24973313161 212 2.23679981482 0.0129333167871 0.008 0.001 0.00393331678708
2.25939756286 213 2.25039756286 0.009 0.008 0.001 0.0
2.27462993945 214 2.26562993945 0.009 0.008 0.001 0.0
2.30520195474 215 2.29620195474 0.009 0.008 0.001 0.0
2.31320195474 216 2.29635561997 0.0168463347683 0.008 0.001 0.00784633476829
2.32120195474 217 2.29987865606 0.0213232986786 0.008 0.001 0.0123232986786
2.32920195474 218 2.31052097283 0.0186809819057 0.008 0.001 0.00968098190567
2.35171316361 219 2.34271316361 0.009 0.008 0.001 0.0
2.35971316361 220 2.3476127717 0.0121003919156 0.008 0.001 0.00310039191561
2.36771316361 221 2.35545218654 0.0122609770755 0.008 0.001 0.00326097707553
2.37571316361 222 2.36316968398 0.0125434796278 0.008 0.001 0.00354347962779
2.38371316361 223 2.36388912142 0.0198240421919 0.008 0.001 0.0108240421919
2.39171316361 224 2.37837929828 0.013333865327 0.008 0.001 0.00433386532698
2.40907333497 225 2.40007333497 0.009 0.008 0.001 0.0
2.41707333497 226 2.40059593182 0.0164774031473 0.008 0.001 0.00747740314729
2.42507333497 227 2.41545645067 0.00961688430457 0.008 0.001 0.00061688430457
2.4399230743 228 2.4309230743 0.009 0.008 0.001 0.0
2.4479230743 229 2.43186650368 0.0160565706256 0.008 0.001 0.00705657062562
2.4559230743 230 2.44032613522 0.0155969390825 0.008 0.001 0.00659693908252
2.4639230743 231 2.45195741747 0.0119656568323 0.008 0.001 0.00296565683231
2.4719230743 232 2.45455896247 0.0173641118308 0.008 0.001 0.00836411183084
2.4799230743 233 2.45726683368 0.0226562406215 0.008 0.001 0.0136562406215
2.4907617327 234 2.4817617327 0.009 0.008 0.001 0.0
2.4987617327 235 2.4819011425 0.0168605901944 0.008 0.001 0.00786059019444
2.5067617327 236 2.49044886495 0.0163128677521 0.008 0.001 0.00731286775206
2.5147617327 237 2.49793073195 0.0168310007464 0.008 0.001 0.00783100074636
2.5227617327 238 2.50177215428 0.0209895784153 0.008 0.001 0.0119895784153
2.5307617327 239 2.5216336225 0.0091281101997 0.008 0.001 0.000128110199701
2.5387617327 240 2.52896125905 0.00980047365344 0.008 0.001 0.000800473653439
2.55483392026 241 2.54583392026 0.009 0.008 0.001 0.0
2.58794881767 242 2.57894881767 0.009 0.008 0.001 0.0
2.59906512605 243 2.59006512605 0.009 0.008 0.001 0.0
2.61594911515 244 2.60694911515 0.009 0.008 0.001 0.0
2.62394911515 245 2.61279517541 0.0111539397446 0.008 0.001 0.00215393974464
2.63194911515 246 2.61978829295 0.0121608222026 0.008 0.001 0.00316082220258
2.63994911515 247 2.6233617733 0.0165873418477 0.008 0.001 0.00758734184768
2.64794911515 248 2.63380374553 0.0141453696206 0.008 0.001 0.00514536962061
2.65594911515 249 2.63831023502 0.0176388801333 0.008 0.001 0.00863888013331
2.66394911515 250 2.64103522199 0.0229138931573 0.008 0.001 0.0139138931573
2.67194911515 251 2.64693820134 0.0250109138124 0.008 0.001 0.0160109138124
2.67994911515 252 2.6526745787 0.0272745364482 0.008 0.001 0.0182745364482
2.68794911515 253 2.66456264557 0.0233864695846 0.008 0.001 0.0143864695846
2.69594911515 254 2.66670574832 0.0292433668259 0.008 0.001 0.0202433668259
2.70394911515 255 2.67010798629 0.0338411288658 0.008 0.001 0.0248411288658
2.71194911515 256 2.6795916084 0.0323575067541 0.008 0.001 0.0233575067541
2.71994911515 257 2.68851475816 0.0314343569898 0.008 0.001 0.0224343569898
2.72794911515 258 2.70022544815 0.0277236670009 0.008 0.001 0.0187236670009
2.73594911515 259 2.70102838424 0.0349207309132 0.008 0.001 0.0259207309132
2.74394911515 260 2.72238720614 0.0215619090125 0.008 0.001 0.0125619090125
2.75194911515 261 2.72384810399 0.0281010111656 0.008 0.001 0.0191010111656
2.75994911515 262 2.72804745004 0.0319016651108 0.008 0.001 0.0229016651108
2.76794911515 263 2.730167328 0.0377817871528 0.008 0.001 0.0287817871528
2.77594911515 264 2.73691960835 0.0390295068052 0.008 0.001 0.0300295068052
2.78394911515 265 2.7418228607 0.0421262544553 0.008 0.001 0.0331262544553
2.79194911515 266 2.74960707398 0.0423420411669 0.008 0.001 0.0333420411669
2.79994911515 267 2.75820747402 0.0417416411304 0.008 0.001 0.0327416411304
2.80794911515 268 2.76393955075 0.0440095644051 0.008 0.001 0.0350095644051
2.81594911515 269 2.76592131539 0.0500277997592 0.008 0.001 0.0410277997593
2.82394911515 270 2.77980430964 0.0441448055066 0.008 0.001 0.0351448055066
2.83194911515 271 2.7821263562 0.049822758951 0.008 0.001 0.040822758951
2.83994911515 272 2.79158976196 0.0483593531956 0.008 0.001 0.0393593531956
2.84794911515 273 2.79232925437 0.0556198607821 0.008 0.001 0.0466198607821
2.85594911515 274 2.79266969092 0.0632794242335 0.008 0.001 0.0542794242335
2.86394911515 275 2.8000340348 0.0639150803495 0.008 0.001 0.0549150803495
2.87194911515 276 2.82835089178 0.0435982233683 0.008 0.001 0.0345982233683
2.87994911515 277 2.84538832477 0.0345607903794 0.008 0.001 0.0255607903794
2.88794911515 278 2.8601231877 0.0278259274515 0.008 0.001 0.0188259274515
2.89594911515 279 2.86253476899 0.0334143461583 0.008 0.001 0.0244143461583
2.90394911515 280 2.87272941079 0.0312197043624 0.008 0.001 0.0222197043624
2.91194911515 281 2.87545066652 0.0364984486337 0.008 0.001 0.0274984486337
2.91994911515 282 2.87750180293 0.0424473122191 0.008 0.001 0.0334473122191
2.92794911515 283 2.88111513831 0.0468339768369 0.008 0.001 0.0378339768369
2.93594911515 284 2.88418449077 0.0517646243787 0.008 0.001 0.0427646243787
2.94394911515 285 2.89474837464 0.0492007405135 0.008 0.001 0.0402007405135
2.95194911515 286 2.92771618247 0.024232932684 0.008 0.001 0.015232932684
2.95994911515 287 2.93791840696 0.0220307081942 0.008 0.001 0.0130307081942
2.96794911515 288 2.94005866965 0.0278904455049 0.008 0.001 0.0188904455049
2.97594911515 289 2.94696250643 0.0289866087214 0.008 0.001 0.0199866087214
2.98394911515 290 2.95282254539 0.0311265697631 0.008 0.001 0.0221265697631
2.99194911515 291 2.95379719996 0.0381519151886 0.008 0.001 0.0291519151886
2.99994911515 292 2.95928298459 0.040666130564 0.008 0.001 0.031666130564
3.00794911515 293 2.9656536912 0.042295423953 0.008 0.001 0.033295423953
3.01594911515 294 2.96790297337 0.0480461417762 0.008 0.001 0.0390461417762
3.02394911515 295 2.96855177242 0.0553973427335 0.008 0.001 0.0463973427335
3.03194911515 296 2.97772662716 0.0542224879898 0.008 0.001 0.0452224879898
3.03994911515 297 2.99789445827 0.0420546568833 0.008 0.001 0.0330546568833
3.04794911515 298 3.00828799917 0.0396611159835 0.008 0.001 0.0306611159835
3.05594911515 299 3.02086107986 0.0350880352877 0.008 0.001 0.0260880352877
3.06394911515 300 3.03225331821 0.0316957969431 0.008 0.001 0.0226957969431
3.07194911515 301 3.03789858182 0.034050533334 0.008 0.001 0.025050533334
3.07994911515 302 3.05293545521 0.0270136599431 0.008 0.001 0.0180136599431
3.08794911515 303 3.05316371418 0.0347854009743 0.008 0.001 0.0257854009743
3.09594911515 304 3.05692808212 0.0390210330357 0.008 0.001 0.0300210330357
3.10394911515 305 3.08411395698 0.0198351581716 0.008 0.001 0.0108351581716
3.11194911515 306 3.08839470638 0.0235544087705 0.008 0.001 0.0145544087705
3.11994911515 307 3.09988814944 0.0200609657077 0.008 0.001 0.0110609657077
3.12794911515 308 3.10418363294 0.0237654822113 0.008 0.001 0.0147654822113
3.13594911515 309 3.10969075412 0.0262583610358 0.008 0.001 0.0172583610358
3.14394911515 310 3.1168978736 0.0270512415483 0.008 0.001 0.0180512415483
3.15194911515 311 3.11849089644 0.0334582187065 0.008 0.001 0.0244582187065
3.15994911515 312 3.11956115201 0.040387963141 0.008 0.001 0.031387963141
3.16794911515 313 3.1214461138 0.0465030013524 0.008 0.001 0.0375030013524
3.17594911515 314 3.12565194293 0.0502971722183 0.008 0.001 0.0412971722183
3.18394911515 315 3.14516225583 0.0387868593187 0.008 0.001 0.0297868593187
3.19194911515 316 3.15220418799 0.0397449271624 0.008 0.001 0.0307449271624
3.19994911515 317 3.15629338284 0.0436557323112 0.008 0.001 0.0346557323112
3.21383262682 318 3.20483262682 0.009 0.008 0.001 0.0
3.24304849218 319 3.23404849218 0.009 0.008 0.001 0.0
3.25104849218 320 3.23612235321 0.0149261389788 0.008 0.001 0.00592613897878
3.25904849218 321 3.2365486602 0.022499831983 0.008 0.001 0.013499831983
3.26704849218 322 3.24140800228 0.0256404899069 0.008 0.001 0.0166404899069
3.27504849218 323 3.24591969359 0.0291287985932 0.008 0.001 0.0201287985932
3.28304849218 324 3.24786194592 0.0351865462638 0.008 0.001 0.0261865462638
3.29104849218 325 3.25193052312 0.0391179690643 0.008 0.001 0.0301179690643
3.29904849218 326 3.26490821664 0.0341402755447 0.008 0.001 0.0251402755447
3.30704849218 327 3.26945361655 0.0375948756307 0.008 0.001 0.0285948756307
3.31504849218 328 3.27233637522 0.0427121169683 0.008 0.001 0.0337121169683
3.32304849218 329 3.27725626812 0.0457922240637 0.008 0.001 0.0367922240637
3.33104849218 330 3.27884640551 0.0522020866691 0.008 0.001 0.0432020866691
3.33904849218 331 3.27997861775 0.0590698744341 0.008 0.001 0.0500698744341
3.34704849218 332 3.28895183625 0.0580966559322 0.008 0.001 0.0490966559322
3.35504849218 333 3.29181518994 0.0632333022426 0.008 0.001 0.0542333022426
3.36304849218 334 3.30513124414 0.0579172480443 0.008 0.001 0.0489172480443
3.37104849218 335 3.32285134507 0.0481971471129 0.008 0.001 0.0391971471129
3.37904849218 336 3.32367861822 0.0553698739646 0.008 0.001 0.0463698739646
3.38704849218 337 3.32897663955 0.0580718526388 0.008 0.001 0.0490718526388
3.39504849218 338 3.35323362506 0.0418148671242 0.008 0.001 0.0328148671242
3.40304849218 339 3.35531471031 0.047733781871 0.008 0.001 0.038733781871
3.41104849218 340 3.3654108757 0.045637616479 0.008 0.001 0.036637616479
3.41904849218 341 3.37903280534 0.0400156868474 0.008 0.001 0.0310156868474
3.42704849218 342 3.38349167038 0.0435568218059 0.008 0.001 0.0345568218059
3.43504849218 343 3.3924205855 0.0426279066802 0.008 0.001 0.0336279066802
3.44304849218 344 3.41159255393 0.0314559382542 0.008 0.001 0.0224559382542
3.45104849218 345 3.42123841519 0.0298100769901 0.008 0.001 0.0208100769901
3.45904849218 346 3.43096385637 0.0280846358133 0.008 0.001 0.0190846358133
3.46704849218 347 3.43958047318 0.0274680189995 0.008 0.001 0.0184680189995
3.47504849218 348 3.44346252275 0.0315859694309 0.008 0.001 0.0225859694309
3.48304849218 349 3.46292856845 0.0201199237358 0.008 0.001 0.0111199237358
3.49104849218 350 3.47663609814 0.0144123940456 0.008 0.001 0.00541239404564
3.49904849218 351 3.48975741818 0.0092910740018 0.008 0.001 0.0002910740018
3.51393902666 352 3.50493902666 0.009 0.008 0.001 0.0
3.52193902666 353 3.50727933017 0.0146596964924 0.008 0.001 0.00565969649242
3.53130498973 354 3.52230498973 0.009 0.008 0.001 0.0
3.53930498973 355 3.52595020478 0.0133547849515 0.008 0.001 0.00435478495151
3.55522719966 356 3.54622719966 0.009 0.008 0.001 0.0
3.56322719966 357 3.54795959886 0.0152676008028 0.008 0.001 0.00626760080275
3.57122719966 358 3.56216299742 0.00906420224023 0.008 0.001 6.42022402308e-05
3.57922719966 359 3.56695253594 0.0122746637191 0.008 0.001 0.00327466371907
3.60602788707 360 3.59702788707 0.009 0.008 0.001 0.0
3.61773900785 361 3.60873900785 0.009 0.008 0.001 0.0
3.62573900785 362 3.61063516666 0.0151038411894 0.008 0.001 0.00610384118937
3.63373900785 363 3.61474865549 0.0189903523637 0.008 0.001 0.00999035236369
3.64173900785 364 3.61835473997 0.0233842678798 0.008 0.001 0.0143842678798
3.64973900785 365 3.63243828558 0.0173007222723 0.008 0.001 0.00830072227232
3.66123638258 366 3.65223638258 0.009 0.008 0.001 0.0
3.66923638258 367 3.65362444352 0.0156119390606 0.008 0.001 0.00661193906055
3.67723638258 368 3.6609248274 0.0163115551844 0.008 0.001 0.00731155518445
3.68954849636 369 3.68054849636 0.009 0.008 0.001 0.0
3.71826625822 370 3.70926625822 0.009 0.008 0.001 0.0
3.72905805919 371 3.72005805919 0.009 0.008 0.001 0.0
3.73705805919 372 3.72618013237 0.010877926824 0.008 0.001 0.00187792682396
3.74505805919 373 3.72740018297 0.01765787622 0.008 0.001 0.00865787622003
3.75305805919 374 3.73560371467 0.0174543445218 0.008 0.001 0.00845434452178
3.76105805919 375 3.74684820735 0.0142098518441 0.008 0.001 0.00520985184406
3.76905805919 376 3.75646797596 0.0125900832383 0.008 0.001 0.00359008323829
3.77705805919 377 3.76785288651 0.00920517268048 0.008 0.001 0.000205172680476
3.78505805919 378 3.77093903956 0.0141190196335 0.008 0.001 0.00511901963354
3.79305805919 379 3.7805593894 0.0124986697979 0.008 0.001 0.00349866979791
3.80105805919 380 3.78708983644 0.0139682227553 0.008 0.001 0.00496822275534
3.80905805919 381 3.78891999087 0.0201380683283 0.008 0.001 0.0111380683283
3.81705805919 382 3.80024387644 0.0168141827529 0.008 0.001 0.00781418275294
3.82505805919 383 3.80666999241 0.0183880667853 0.008 0.001 0.00938806678533
3.83305805919 384 3.81911004397 0.0139480152292 0.008 0.001 0.00494801522922
3.84105805919 385 3.83159795216 0.00946010703418 0.008 0.001 0.000460107034179
3.8529570786 386 3.8439570786 0.009 0.008 0.001 0.0
3.86099838357 387 3.85199838357 0.009 0.008 0.001 0.0
3.87160688775 388 3.86260688775 0.009 0.008 0.001 0.0
3.87960688775 389 3.86430401478 0.0153028729725 0.008 0.001 0.00630287297249
3.88760688775 390 3.87061713314 0.0169897546119 0.008 0.001 0.00798975461189
3.89560688775 391 3.87959549179 0.0160113959604 0.008 0.001 0.00701139596037
3.90360688775 392 3.88457696887 0.0190299188761 0.008 0.001 0.0100299188761
3.91160688775 393 3.88558251948 0.0260243682647 0.008 0.001 0.0170243682647
3.91960688775 394 3.88682437139 0.032782516357 0.008 0.001 0.023782516357
3.92760688775 395 3.89083740936 0.0367694783913 0.008 0.001 0.0277694783913
3.93560688775 396 3.8999118625 0.0356950252491 0.008 0.001 0.0266950252491
3.94360688775 397 3.91363695097 0.029969936775 0.008 0.001 0.020969936775
3.95160688775 398 3.93278125347 0.0188256342833 0.008 0.001 0.00982563428327
3.95960688775 399 3.93500919951 0.0245976882402 0.008 0.001 0.0155976882402
3.96760688775 400 3.93501533352 0.0325915542257 0.008 0.001 0.0235915542257
3.97560688775 401 3.94309747789 0.0325094098566 0.008 0.001 0.0235094098566
3.98360688775 402 3.94765053477 0.0359563529814 0.008 0.001 0.0269563529814
3.99160688775 403 3.94777518712 0.043831700632 0.008 0.001 0.034831700632
3.99960688775 404 3.95703794035 0.0425689473971 0.008 0.001 0.0335689473971
4.00760688775 405 3.95988702253 0.0477198652224 0.008 0.001 0.0387198652224
4.01560688775 406 3.96295231187 0.0526545758774 0.008 0.001 0.0436545758774
4.02360688775 407 3.9809063004 0.0427005873478 0.008 0.001 0.0337005873478
4.03160688775 408 4.01283860704 0.0187682807084 0.008 0.001 0.00976828070839
4.03960688775 409 4.01536577975 0.0242411079975 0.008 0.001 0.0152411079975
4.04760688775 410 4.02361314375 0.0239937439982 0.008 0.001 0.0149937439982
4.05560688775 411 4.03057913954 0.0250277482041 0.008 0.001 0.0160277482041
4.06360688775 412 4.03119748794 0.0324093998126 0.008 0.001 0.0234093998126
4.07160688775 413 4.04100298289 0.0306039048587 0.008 0.001 0.0216039048587
4.07960688775 414 4.06544584895 0.0141610388004 0.008 0.001 0.0051610388004
4.09692337117 415 4.08792337117 0.009 0.008 0.001 0.0
4.10492337117 416 4.09322132378 0.0117020473876 0.008 0.001 0.00270204738756
4.11292337117 417 4.09659504818 0.0163283229877 0.008 0.001 0.00732832298767
4.13121735639 418 4.12221735639 0.009 0.008 0.001 0.0
4.14685270775 419 4.13785270775 0.009 0.008 0.001 0.0
4.17346368672 420 4.16446368672 0.009 0.008 0.001 0.0
4.20197423436 421 4.19297423436 0.009 0.008 0.001 0.0
4.20997423436 422 4.19627384171 0.0137003926422 0.008 0.001 0.00470039264224
4.21797423436 423 4.19751212619 0.020462108168 0.008 0.001 0.011462108168
4.23081594131 424 4.22181594131 0.009 0.008 0.001 0.0
4.26051682382 425 4.25151682382 0.009 0.008 0.001 0.0
4.27065997565 426 4.26165997565 0.009 0.008 0.001 0.0
4.28149515444 427 4.27249515444 0.009 0.008 0.001 0.0
4.28949515444 428 4.27401803164 0.0154771228 0.008 0.001 0.00647712279996
4.31975184087 429 4.31075184087 0.009 0.008 0.001 0.0
4.33799963004 430 4.32899963004 0.009 0.008 0.001 0.0
4.35057365279 431 4.34157365279 0.009 0.008 0.001 0.0
4.35857365279 432 4.34871994447 0.00985370831435 0.008 0.001 0.000853708314345
4.36657365279 433 4.35672376101 0.00984989177947 0.008 0.001 0.000849891779468
4.37530044474 434 4.36630044474 0.009 0.008 0.001 0.0
4.38560796622 435 4.37660796622 0.009 0.008 0.001 0.0
4.39360796622 436 4.38187344471 0.0117345215107 0.008 0.001 0.00273452151065
4.40160796622 437 4.3854475487 0.0161604175234 0.008 0.001 0.0071604175234
4.43378273818 438 4.42478273818 0.009 0.008 0.001 0.0
4.44220471746 439 4.43320471746 0.009 0.008 0.001 0.0
4.45020471746 440 4.43606085355 0.0141438639101 0.008 0.001 0.00514386391012
4.45820471746 441 4.44108170464 0.0171230128234 0.008 0.001 0.00812301282342
4.47509533902 442 4.46609533902 0.009 0.008 0.001 0.0
4.48309533902 443 4.47297170318 0.0101236358392 0.008 0.001 0.00112363583922
4.49109533902 444 4.47996654474 0.0111287942825 0.008 0.001 0.00212879428246
4.50628379788 445 4.49728379788 0.009 0.008 0.001 0.0
4.51428379788 446 4.50076861026 0.0135151876168 0.008 0.001 0.0045151876168
4.52228379788 447 4.50632331825 0.0159604796266 0.008 0.001 0.00696047962661
4.53028379788 448 4.51166607378 0.0186177241036 0.008 0.001 0.00961772410359
4.53828379788 449 4.51441908903 0.0238647088493 0.008 0.001 0.0148647088493
4.54628379788 450 4.53315207275 0.013131725125 0.008 0.001 0.00413172512496
4.55428379788 451 4.53779113473 0.0164926631514 0.008 0.001 0.00749266315139
4.57351163577 452 4.56451163577 0.009 0.008 0.001 0.0
4.58151163577 453 4.56631649167 0.0151951441014 0.008 0.001 0.00619514410135
4.58951163577 454 4.56727817147 0.022233464305 0.008 0.001 0.013233464305
4.59751163577 455 4.57304206781 0.0244695679659 0.008 0.001 0.0154695679659
4.60551163577 456 4.5838989845 0.021612651277 0.008 0.001 0.012612651277
4.61351163577 457 4.60253218723 0.010979448543 0.008 0.001 0.00197944854299
4.6225073209 458 4.6135073209 0.009 0.008 0.001 0.0
4.65524723854 459 4.64624723854 0.009 0.008 0.001 0.0
4.66482660733 460 4.65582660733 0.009 0.008 0.001 0.0
4.67282660733 461 4.65943192838 0.0133946789528 0.008 0.001 0.00439467895281
4.68932513822 462 4.68032513822 0.009 0.008 0.001 0.0
4.69732513822 463 4.68057282362 0.0167523145913 0.008 0.001 0.00775231459133
4.70532513822 464 4.68201968255 0.0233054556674 0.008 0.001 0.0143054556674
4.71332513822 465 4.68912965909 0.0241954791211 0.008 0.001 0.0151954791211
4.72132513822 466 4.70095104108 0.0203740971339 0.008 0.001 0.0113740971339
4.72932513822 467 4.71214517989 0.0171799583229 0.008 0.001 0.00817995832295
4.74021036204 468 4.73121036204 0.009 0.008 0.001 0.0
4.74821036204 469 4.73475359496 0.0134567670806 0.008 0.001 0.00445676708061
4.76540800832 470 4.75640800832 0.009 0.008 0.001 0.0
4.77340800832 471 4.76179879829 0.0116092100279 0.008 0.001 0.00260921002787
4.78140800832 472 4.7629326939 0.0184753144195 0.008 0.001 0.00947531441953
4.78940800832 473 4.76967710723 0.019730901091 0.008 0.001 0.010730901091
4.79740800832 474 4.77296190487 0.02444610345 0.008 0.001 0.01544610345
4.80540800832 475 4.79130539118 0.0141026171447 0.008 0.001 0.00510261714472
4.81340800832 476 4.80331531086 0.0100926974648 0.008 0.001 0.0010926974648
4.82140800832 477 4.8042557034 0.0171523049195 0.008 0.001 0.00815230491948
4.82940800832 478 4.81939356375 0.0100144445723 0.008 0.001 0.00101444457226
4.83740800832 479 4.823392699 0.014015309317 0.008 0.001 0.00501530931702
4.84542686651 480 4.83642686651 0.009 0.008 0.001 0.0
4.85342686651 481 4.83708748729 0.0163393792252 0.008 0.001 0.00733937922516
4.86142686651 482 4.83757587942 0.0238509870978 0.008 0.001 0.0148509870978
4.86942686651 483 4.8489709276 0.0204559389182 0.008 0.001 0.0114559389182
4.87742686651 484 4.85703031225 0.0203965542613 0.008 0.001 0.0113965542613
4.88542686651 485 4.86576197846 0.0196648880584 0.008 0.001 0.0106648880584
4.89342686651 486 4.86958264698 0.023844219539 0.008 0.001 0.014844219539
4.90142686651 487 4.89117508131 0.0102517852016 0.008 0.001 0.00125178520164
4.93559378085 488 4.92659378085 0.009 0.008 0.001 0.0
4.94359378085 489 4.93222950619 0.0113642746625 0.008 0.001 0.0023642746625
4.96732660022 490 4.95832660022 0.009 0.008 0.001 0.0
4.97584876128 491 4.96684876128 0.009 0.008 0.001 0.0
4.98384876128 492 4.971814045 0.012034716277 0.008 0.001 0.00303471627703
4.99184876128 493 4.97329600927 0.0185527520107 0.008 0.001 0.0095527520107
4.99984876128 494 4.98239251832 0.0174562429578 0.008 0.001 0.00845624295784
5.00784876128 495 4.99860772589 0.00924103539362 0.008 0.001 0.000241035393617
5.01584876128 496 5.00293277965 0.0129159816293 0.008 0.001 0.00391598162927
5.02384876128 497 5.00748336353 0.0163653977469 0.008 0.001 0.00736539774687
5.03184876128 498 5.01697149324 0.0148772680349 0.008 0.001 0.00587726803488
5.03984876128 499 5.0269481644 0.0129005968815 0.008 0.001 0.00390059688146
5.05193406112 500 5.04293406112 0.009 0.008 0.001 0.0
5.05993406112 501 5.04379125781 0.0161428033131 0.008 0.001 0.00714280331308
5.06793406112 502 5.05817630057 0.00975776055647 0.008 0.001 0.000757760556468
5.07593406112 503 5.06302268201 0.0129113791129 0.008 0.001 0.00391137911294
5.08393406112 504 5.07376243875 0.010171622373 0.008 0.001 0.00117162237297
5.09193406112 505 5.07760418225 0.0143298788714 0.008 0.001 0.00532987887141
5.09993406112 506 5.07791113943 0.0220229216902 0.008 0.001 0.0130229216902
5.10793406112 507 5.08316550691 0.0247685542141 0.008 0.001 0.0157685542141
5.11593406112 508 5.08833435667 0.0275997044496 0.008 0.001 0.0185997044496
5.12393406112 509 5.09619280381 0.0277412573119 0.008 0.001 0.0187412573119
5.13193406112 510 5.10034016219 0.0315938989369 0.008 0.001 0.0225938989369
5.15418498602 511 5.14518498602 0.009 0.008 0.001 0.0
5.16218498602 512 5.14648107007 0.015703915956 0.008 0.001 0.00670391595596
5.17018498602 513 5.14797017367 0.0222148123538 0.008 0.001 0.0132148123538
5.17818498602 514 5.16093444191 0.017250544113 0.008 0.001 0.008250544113
5.18618498602 515 5.16096335778 0.0252216282494 0.008 0.001 0.0162216282494
5.19418498602 516 5.18415210359 0.0100328824381 0.008 0.001 0.00103288243815
5.20218498602 517 5.18826231259 0.013922673438 0.008 0.001 0.00492267343797
5.21018498602 518 5.19082962197 0.0193553640558 0.008 0.001 0.0103553640558
5.21818498602 519 5.19584552446 0.0223394615682 0.008 0.001 0.0133394615682
5.22618498602 520 5.1962880193 0.0298969667231 0.008 0.001 0.0208969667231
5.23418498602 521 5.20226003568 0.0319249503407 0.008 0.001 0.0229249503407
5.24218498602 522 5.2273181287 0.014866857321 0.008 0.001 0.00586685732102
5.25018498602 523 5.23684851403 0.0133364719961 0.008 0.001 0.0043364719961
5.25818498602 524 5.23697184207 0.0212131439578 0.008 0.001 0.0122131439578
5.26618498602 525 5.24276582772 0.0234191583003 0.008 0.001 0.0144191583003
5.27418498602 526 5.24391721962 0.0302677664029 0.008 0.001 0.0212677664029
5.28218498602 527 5.25907970924 0.0231052767796 0.008 0.001 0.0141052767796
5.29018498602 528 5.26663904461 0.0235459414113 0.008 0.001 0.0145459414113
5.30151253464 529 5.29251253464 0.009 0.008 0.001 0.0
5.30951253464 530 5.29760001889 0.011912515753 0.008 0.001 0.00291251575301
5.32078450183 531 5.31178450183 0.009 0.008 0.001 0.0
5.32878450183 532 5.31686037721 0.0119241246179 0.008 0.001 0.00292412461787
5.33678450183 533 5.32191046987 0.0148740319535 0.008 0.001 0.00587403195347
5.34478450183 534 5.32216512724 0.0226193745871 0.008 0.001 0.0136193745871
5.35278450183 535 5.32647289417 0.0263116076593 0.008 0.001 0.0173116076593
5.36078450183 536 5.3347604065 0.0260240953304 0.008 0.001 0.0170240953304
5.37409965499 537 5.36509965499 0.009 0.008 0.001 0.0
5.38378087397 538 5.37478087397 0.009 0.008 0.001 0.0
5.39178087397 539 5.37990445422 0.0118764197489 0.008 0.001 0.00287641974886
5.39978087397 540 5.38429064094 0.0154902330255 0.008 0.001 0.00649023302549
5.40778087397 541 5.38481027838 0.0229705955855 0.008 0.001 0.0139705955855
5.41578087397 542 5.38500124738 0.0307796265894 0.008 0.001 0.0217796265894
5.42378087397 543 5.38734636807 0.036434505892 0.008 0.001 0.027434505892
5.43178087397 544 5.39109811975 0.0406827542122 0.008 0.001 0.0316827542122
5.43978087397 545 5.3925023066 0.047278567367 0.008 0.001 0.038278567367
5.44778087397 546 5.40621606393 0.0415648100379 0.008 0.001 0.0325648100379
5.45578087397 547 5.40857267994 0.0472081940313 0.008 0.001 0.0382081940313
5.46378087397 548 5.41945013868 0.0443307352855 0.008 0.001 0.0353307352855
5.47178087397 549 5.44955358839 0.0222272855756 0.008 0.001 0.0132272855756
5.47978087397 550 5.45304593467 0.0267349392966 0.008 0.001 0.0177349392966
5.48778087397 551 5.47578228658 0.0119985873896 0.008 0.001 0.00299858738955
5.52289808748 552 5.51389808748 0.009 0.008 0.001 0.0
5.54458950886 553 5.53558950886 0.009 0.008 0.001 0.0
5.55258950886 554 5.53591014054 0.0166793683195 0.008 0.001 0.00767936831949
5.56058950886 555 5.54227911615 0.0183103927075 0.008 0.001 0.00931039270747
5.56858950886 556 5.54587190413 0.0227176047234 0.008 0.001 0.0137176047234
5.57658950886 557 5.55575662595 0.0208328829071 0.008 0.001 0.0118328829071
5.58458950886 558 5.56686164413 0.0177278647303 0.008 0.001 0.00872786473031
5.59258950886 559 5.57930254765 0.0132869612051 0.008 0.001 0.00428696120513
5.65174335217 560 5.64274335217 0.009 0.008 0.001 0.0
5.67033960263 561 5.66133960263 0.009 0.008 0.001 0.0
5.68396254465 562 5.67496254465 0.009 0.008 0.001 0.0
5.69196254465 563 5.67685371391 0.0151088307363 0.008 0.001 0.00610883073633
5.69996254465 564 5.68448178715 0.0154807575026 0.008 0.001 0.00648075750263
5.70796254465 565 5.69014606802 0.0178164766252 0.008 0.001 0.00881647662523
5.71596254465 566 5.69652758767 0.0194349569768 0.008 0.001 0.0104349569768
5.72396254465 567 5.70376124457 0.0202013000796 0.008 0.001 0.0112013000796
5.73196254465 568 5.71066427965 0.0212982650017 0.008 0.001 0.0122982650017
5.73996254465 569 5.71669676248 0.0232657821698 0.008 0.001 0.0142657821698
5.74796254465 570 5.71883943366 0.0291231109898 0.008 0.001 0.0201231109898
5.75596254465 571 5.72372955025 0.0322329943948 0.008 0.001 0.0232329943948
5.76396254465 572 5.72527785475 0.0386846899023 0.008 0.001 0.0296846899023
5.77196254465 573 5.74199044222 0.0299721024325 0.008 0.001 0.0209721024325
5.77996254465 574 5.74410869448 0.0358538501677 0.008 0.001 0.0268538501677
5.78796254465 575 5.75378830161 0.0341742430408 0.008 0.001 0.0251742430408
5.79596254465 576 5.7648697302 0.0310928144445 0.008 0.001 0.0220928144445
5.80396254465 577 5.7669475584 0.0370149862504 0.008 0.001 0.0280149862504
5.81196254465 578 5.76796724459 0.0439953000579 0.008 0.001 0.0349953000579
5.81996254465 579 5.76914308018 0.0508194644722 0.008 0.001 0.0418194644722
5.82796254465 580 5.78109354644 0.0468689982121 0.008 0.001 0.0378689982121
5.83596254465 581 5.79348857309 0.0424739715632 0.008 0.001 0.0334739715632
5.84396254465 582 5.81023799395 0.0337245506959 0.008 0.001 0.0247245506959
5.85196254465 583 5.81190559537 0.0400569492758 0.008 0.001 0.0310569492758
5.85996254465 584 5.81679626305 0.0431662816003 0.008 0.001 0.0341662816003
5.86796254465 585 5.82106376272 0.0468987819293 0.008 0.001 0.0378987819293
5.87596254465 586 5.8311662012 0.0447963434487 0.008 0.001 0.0357963434487
5.88396254465 587 5.83493852185 0.049024022796 0.008 0.001 0.040024022796
5.89196254465 588 5.83733741203 0.0546251326174 0.008 0.001 0.0456251326174
5.89996254465 589 5.84269614035 0.057266404298 0.008 0.001 0.048266404298
5.90796254465 590 5.89057724834 0.0173852963122 0.008 0.001 0.00838529631217
5.91596254465 591 5.89233592407 0.0236266205755 0.008 0.001 0.0146266205755
5.92396254465 592 5.89721477205 0.0267477726021 0.008 0.001 0.0177477726021
5.93196254465 593 5.90469201124 0.0272705334122 0.008 0.001 0.0182705334122
5.93996254465 594 5.91122615885 0.0287363858007 0.008 0.001 0.0197363858007
5.94796254465 595 5.91218114453 0.0357814001237 0.008 0.001 0.0267814001237
5.95596254465 596 5.94263119592 0.0133313487258 0.008 0.001 0.00433134872583
5.96396254465 597 5.94760332832 0.0163592163306 0.008 0.001 0.00735921633062
5.97196254465 598 5.95688255312 0.0150799915278 0.008 0.001 0.00607999152781
5.97996254465 599 5.96397316408 0.0159893805727 0.008 0.001 0.00698938057273
5.98796254465 600 5.96984071183 0.0181218328234 0.008 0.001 0.00912183282336
5.99596254465 601 5.97729222495 0.018670319701 0.008 0.001 0.00967031970103
6.00396254465 602 5.97928135917 0.0246811854807 0.008 0.001 0.0156811854807
6.01196254465 603 5.98962556466 0.0223369799845 0.008 0.001 0.0133369799845
6.01996254465 604 5.99268262714 0.0272799175102 0.008 0.001 0.0182799175102
6.02796254465 605 5.99749094672 0.0304715979327 0.008 0.001 0.0214715979327
6.03596254465 606 5.99986134118 0.0361012034654 0.008 0.001 0.0271012034654
6.04396254465 607 6.00381902776 0.0401435168908 0.008 0.001 0.0311435168908
6.05196254465 608 6.03613193617 0.0158306084819 0.008 0.001 0.00683060848186
6.05996254465 609 6.04111937772 0.0188431669319 0.008 0.001 0.00984316693187
6.06796254465 610 6.04483339976 0.0231291448926 0.008 0.001 0.0141291448926
6.07596254465 611 6.04833802205 0.0276245226017 0.008 0.001 0.0186245226017
6.08396254465 612 6.05464003984 0.0293225048076 0.008 0.001 0.0203225048076
6.09196254465 613 6.06174675172 0.0302157929279 0.008 0.001 0.0212157929279
6.09996254465 614 6.06715650188 0.0328060427732 0.008 0.001 0.0238060427732
6.10796254465 615 6.0703796576 0.0375828870441 0.008 0.001 0.0285828870441
6.11596254465 616 6.08269901717 0.0332635274825 0.008 0.001 0.0242635274825
6.12396254465 617 6.08357697681 0.0403855678387 0.008 0.001 0.0313855678387
6.13196254465 618 6.08369561683 0.0482669278183 0.008 0.001 0.0392669278183
6.13996254465 619 6.09928975701 0.0406727876367 0.008 0.001 0.0316727876367
6.14796254465 620 6.10200300712 0.0459595375335 0.008 0.001 0.0369595375335
6.15596254465 621 6.1186800721 0.0372824725473 0.008 0.001 0.0282824725473
6.16396254465 622 6.1320693167 0.0318932279501 0.008 0.001 0.0228932279501
6.17196254465 623 6.14999452891 0.0219680157363 0.008 0.001 0.0129680157363
6.17996254465 624 6.1512683722 0.0286941724471 0.008 0.001 0.0196941724471
6.18796254465 625 6.15911621481 0.0288463298359 0.008 0.001 0.0198463298359
6.19596254465 626 6.16224085809 0.0337216865591 0.008 0.001 0.0247216865591
6.20396254465 627 6.18313464695 0.0208278977033 0.008 0.001 0.0118278977033
6.21196254465 628 6.19467450664 0.0172880380123 0.008 0.001 0.0082880380123
6.21996254465 629 6.20628720101 0.0136753436411 0.008 0.001 0.00467534364113
6.22796254465 630 6.21104228212 0.0169202625316 0.008 0.001 0.00792026253164
6.23596254465 631 6.21445236875 0.0215101759021 0.008 0.001 0.0125101759021
6.24396254465 632 6.21517059651 0.0287919481406 0.008 0.001 0.0197919481406
6.25196254465 633 6.22677228808 0.0251902565642 0.008 0.001 0.0161902565642
6.25996254465 634 6.24260443135 0.0173581132973 0.008 0.001 0.00835811329731
6.26796254465 635 6.25825306154 0.00970948310671 0.008 0.001 0.000709483106707
6.27596254465 636 6.26000465021 0.0159578944413 0.008 0.001 0.00695789444134
6.28396254465 637 6.2622994458 0.0216630988491 0.008 0.001 0.0126630988491
6.29196254465 638 6.27841793027 0.0135446143812 0.008 0.001 0.00454461438119
6.29996254465 639 6.28574276683 0.0142197778162 0.008 0.001 0.00521977781623
6.30796254465 640 6.29268638377 0.0152761608811 0.008 0.001 0.00627616088107
6.32297939015 641 6.31397939015 0.009 0.008 0.001 0.0
6.33190162203 642 6.32290162203 0.009 0.008 0.001 0.0
6.35472320042 643 6.34572320042 0.009 0.008 0.001 0.0
6.36574943609 644 6.35674943609 0.009 0.008 0.001 0.0
6.38512002651 645 6.37612002651 0.009 0.008 0.001 0.0
6.45991597326 646 6.45091597326 0.009 0.008 0.001 0.0
6.46791597326 647 6.45315614091 0.0147598323517 0.008 0.001 0.00575983235172
6.48631309893 648 6.47731309893 0.009 0.008 0.001 0.0
6.49431309893 649 6.4827772052 0.0115358937317 0.008 0.001 0.00253589373175
6.50879349267 650 6.49979349267 0.009 0.008 0.001 0.0
6.51810629056 651 6.50910629056 0.009 0.008 0.001 0.0
6.52610629056 652 6.51014985845 0.0159564321087 0.008 0.001 0.00695643210872
6.54048060491 653 6.53148060491 0.009 0.008 0.001 0.0
6.56368180304 654 6.55468180304 0.009 0.008 0.001 0.0
6.57168180304 655 6.56022431964 0.011457483408 0.008 0.001 0.00245748340805
6.61503227044 656 6.60603227044 0.009 0.008 0.001 0.0
6.64773226108 657 6.63873226108 0.009 0.008 0.001 0.0
6.65952459694 658 6.65052459694 0.009 0.008 0.001 0.0
6.67284182388 659 6.66384182388 0.009 0.008 0.001 0.0
6.68084182388 660 6.67158463551 0.00925718836986 0.008 0.001 0.000257188369859
6.70376343097 661 6.69476343097 0.009 0.008 0.001 0.0
6.71605585382 662 6.70705585382 0.009 0.008 0.001 0.0
6.72405585382 663 6.70746548463 0.0165903691936 0.008 0.001 0.0075903691936
6.73677083691 664 6.72777083691 0.009 0.008 0.001 0.0
6.76611043883 665 6.75711043883 0.009 0.008 0.001 0.0
6.77411043883 666 6.75849708489 0.0156133539432 0.008 0.001 0.00661335394316
6.78211043883 667 6.77028367105 0.0118267677854 0.008 0.001 0.00282676778538
6.79011043883 668 6.77129213238 0.0188183064502 0.008 0.001 0.00981830645016
6.79811043883 669 6.77519762486 0.0229128139759 0.008 0.001 0.0139128139759
6.80611043883 670 6.79534047398 0.0107699648476 0.008 0.001 0.00176996484757
6.8168609504 671 6.8078609504 0.009 0.008 0.001 0.0
6.8248609504 672 6.81292087659 0.0119400738113 0.008 0.001 0.00294007381127
6.8328609504 673 6.81373171466 0.0191292357402 0.008 0.001 0.0101292357402
6.8408609504 674 6.82524725797 0.0156136924297 0.008 0.001 0.00661369242972
6.85930378309 675 6.85030378309 0.009 0.008 0.001 0.0
6.88561711266 676 6.87661711266 0.009 0.008 0.001 0.0
6.89401956273 677 6.88501956273 0.009 0.008 0.001 0.0
6.90201956273 678 6.88542285448 0.0165967082541 0.008 0.001 0.00759670825406
6.91001956273 679 6.89625027003 0.013769292697 0.008 0.001 0.00476929269699
6.91801956273 680 6.90511755947 0.012902003263 0.008 0.001 0.00390200326304
6.932630911 681 6.923630911 0.009 0.008 0.001 0.0
6.940630911 682 6.92437893787 0.0162519731289 0.008 0.001 0.00725197312887
6.95583965474 683 6.94683965474 0.009 0.008 0.001 0.0
6.96383965474 684 6.95035752212 0.0134821326221 0.008 0.001 0.00448213262209
6.97183965474 685 6.95512955494 0.0167100998009 0.008 0.001 0.00771009980088
6.98952811547 686 6.98052811547 0.009 0.008 0.001 0.0
6.99752811547 687 6.98527887222 0.0122492432506 0.008 0.001 0.00324924325061
7.00552811547 688 6.99396059289 0.0115675225803 0.008 0.001 0.00256752258026
7.0196584995 689 7.0106584995 0.009 0.008 0.001 0.0
7.0276584995 690 7.01820473707 0.00945376242996 0.008 0.001 0.000453762429959
7.0356584995 691 7.01948795927 0.0161705402328 0.008 0.001 0.00717054023283
7.0436584995 692 7.02397229002 0.0196862094775 0.008 0.001 0.0106862094775
7.0516584995 693 7.04198554612 0.00967295338357 0.008 0.001 0.000672953383574
7.06099062422 694 7.05199062422 0.009 0.008 0.001 0.0
7.06899062422 695 7.05387819992 0.0151124243051 0.008 0.001 0.00611242430512
7.07699062422 696 7.05558024023 0.0214103839928 0.008 0.001 0.0124103839928
7.08499062422 697 7.05790328879 0.0270873354328 0.008 0.001 0.0180873354328
7.09299062422 698 7.06494929393 0.028041330294 0.008 0.001 0.019041330294
7.10099062422 699 7.08422116589 0.0167694583318 0.008 0.001 0.00776945833185
7.10956273513 700 7.10056273513 0.009 0.008 0.001 0.0
7.16119490146 701 7.15219490146 0.009 0.008 0.001 0.0
7.16919490146 702 7.15822868428 0.010966217173 0.008 0.001 0.001966217173
7.18308212114 703 7.17408212114 0.009 0.008 0.001 0.0
7.2032503887 704 7.1942503887 0.009 0.008 0.001 0.0
7.21318201988 705 7.20418201988 0.009 0.008 0.001 0.0
7.22235388598 706 7.21335388598 0.009 0.008 0.001 0.0
7.23514851824 707 7.22614851824 0.009 0.008 0.001 0.0
7.24314851824 708 7.22790635329 0.0152421649464 0.008 0.001 0.00624216494639
7.25184565841 709 7.24284565841 0.009 0.008 0.001 0.0
7.25984565841 710 7.24392288325 0.015922775159 0.008 0.001 0.00692277515905
7.26784565841 711 7.25143308734 0.0164125710666 0.008 0.001 0.00741257106656
7.27584565841 712 7.26385606439 0.0119895940118 0.008 0.001 0.00298959401176
7.28384565841 713 7.26657598045 0.0172696779586 0.008 0.001 0.00826967795856
7.30422055164 714 7.29522055164 0.009 0.008 0.001 0.0
7.31222055164 715 7.29987583898 0.0123447126578 0.008 0.001 0.00334471265784
7.32022055164 716 7.31063457596 0.00958597568346 0.008 0.001 0.000585975683463
7.33739066823 717 7.32839066823 0.009 0.008 0.001 0.0
7.36266213369 718 7.35366213369 0.009 0.008 0.001 0.0
7.37066213369 719 7.35911972744 0.0115424062518 0.008 0.001 0.00254240625176
7.37866213369 720 7.36120248404 0.0174596496532 0.008 0.001 0.00845964965318
7.38666213369 721 7.36328731366 0.023374820035 0.008 0.001 0.014374820035
7.39466213369 722 7.37818672788 0.0164754058109 0.008 0.001 0.00747540581085
7.41525635184 723 7.40625635184 0.009 0.008 0.001 0.0
7.43008508084 724 7.42108508084 0.009 0.008 0.001 0.0
7.44089911912 725 7.43189911912 0.009 0.008 0.001 0.0
7.44889911912 726 7.43330443299 0.0155946861295 0.008 0.001 0.00659468612953
7.45689911912 727 7.43384837737 0.0230507417471 0.008 0.001 0.0140507417471
7.46489911912 728 7.44574586315 0.0191532559631 0.008 0.001 0.0101532559631
7.47289911912 729 7.45310095401 0.0197981651058 0.008 0.001 0.0107981651058
7.48089911912 730 7.45338478382 0.0275143352954 0.008 0.001 0.0185143352954
7.48889911912 731 7.45379506955 0.0351040495683 0.008 0.001 0.0261040495683
7.49689911912 732 7.45445676918 0.0424423499388 0.008 0.001 0.0334423499388
7.50489911912 733 7.4739934363 0.0309056828211 0.008 0.001 0.0219056828211
7.51289911912 734 7.49675869815 0.0161404209655 0.008 0.001 0.00714042096548
7.52089911912 735 7.49882891534 0.0220702037821 0.008 0.001 0.0130702037821
7.52889911912 736 7.50490079043 0.0239983286894 0.008 0.001 0.0149983286894
7.53689911912 737 7.50540169048 0.0314974286406 0.008 0.001 0.0224974286406
7.54489911912 738 7.51073672441 0.0341623947059 0.008 0.001 0.0251623947059
7.55289911912 739 7.52030953106 0.0325895880594 0.008 0.001 0.0235895880594
7.56089911912 740 7.52053048831 0.0403686308071 0.008 0.001 0.0313686308071
7.56889911912 741 7.52461005194 0.0442890671798 0.008 0.001 0.0352890671798
7.57689911912 742 7.52976668463 0.0471324344853 0.008 0.001 0.0381324344853
7.58489911912 743 7.53352830452 0.0513708145934 0.008 0.001 0.0423708145934
7.59289911912 744 7.5412643714 0.0516347477218 0.008 0.001 0.0426347477218
7.60089911912 745 7.54216983912 0.058729280002 0.008 0.001 0.049729280002
7.60889911912 746 7.54353132913 0.0653677899912 0.008 0.001 0.0563677899912
7.61689911912 747 7.5454690574 0.07143006172 0.008 0.001 0.06243006172
7.62489911912 748 7.5477041175 0.077195001622 0.008 0.001 0.068195001622
7.63289911912 749 7.55690723981 0.0759918793073 0.008 0.001 0.0669918793073
7.64089911912 750 7.59115910534 0.0497400137762 0.008 0.001 0.0407400137762
7.64889911912 751 7.60285066365 0.046048455464 0.008 0.001 0.037048455464
7.65689911912 752 7.6077838239 0.0491152952137 0.008 0.001 0.0401152952137
7.66489911912 753 7.6214919181 0.0434072010132 0.008 0.001 0.0344072010132
7.67289911912 754 7.62760204082 0.0452970782957 0.008 0.001 0.0362970782957
7.68089911912 755 7.63741134263 0.0434877764848 0.008 0.001 0.0344877764848
7.68889911912 756 7.64375584303 0.0451432760901 0.008 0.001 0.0361432760901
7.69689911912 757 7.64955301964 0.047346099476 0.008 0.001 0.038346099476
7.70489911912 758 7.65344706122 0.0514520578989 0.008 0.001 0.0424520578989
7.71289911912 759 7.66374887166 0.0491502474554 0.008 0.001 0.0401502474554
7.72089911912 760 7.66529474689 0.055604372228 0.008 0.001 0.046604372228
7.72889911912 761 7.68713483314 0.0417642859763 0.008 0.001 0.0327642859763
7.73689911912 762 7.70049395821 0.0364051609065 0.008 0.001 0.0274051609065
7.74489911912 763 7.7077432142 0.037155904921 0.008 0.001 0.028155904921
7.75289911912 764 7.71291265232 0.0399864667973 0.008 0.001 0.0309864667973
7.76089911912 765 7.7150949399 0.0458041792133 0.008 0.001 0.0368041792133
7.76889911912 766 7.71915118351 0.0497479356121 0.008 0.001 0.0407479356121
7.77689911912 767 7.73149845497 0.0454006641465 0.008 0.001 0.0364006641465
7.78489911912 768 7.7500384907 0.0348606284165 0.008 0.001 0.0258606284165
7.79289911912 769 7.77490536155 0.0179937575668 0.008 0.001 0.00899375756677
7.80089911912 770 7.77527974795 0.0256193711723 0.008 0.001 0.0166193711723
7.80978370981 771 7.80078370981 0.009 0.008 0.001 0.0
7.81778370981 772 7.80519733966 0.0125863701485 0.008 0.001 0.00358637014849
7.83015747848 773 7.82115747848 0.009 0.008 0.001 0.0
7.83815747848 774 7.82401540934 0.014142069138 0.008 0.001 0.00514206913804
7.84615747848 775 7.83687972675 0.00927775172958 0.008 0.001 0.000277751729581
7.85415747848 776 7.84069684044 0.0134606380439 0.008 0.001 0.00446063804394
7.86215747848 777 7.84118471712 0.0209727613607 0.008 0.001 0.0119727613607
7.87015747848 778 7.84840278126 0.0217546972215 0.008 0.001 0.0127546972215
7.87815747848 779 7.85719791869 0.020959559792 0.008 0.001 0.011959559792
7.88615747848 780 7.86042569859 0.0257317798924 0.008 0.001 0.0167317798924
7.89415747848 781 7.87405267876 0.0201047997205 0.008 0.001 0.0111047997205
7.90215747848 782 7.87600043505 0.0261570434291 0.008 0.001 0.0171570434291
7.91015747848 783 7.90013529362 0.0100221848551 0.008 0.001 0.00102218485508
7.91815747848 784 7.90021852618 0.0179389523046 0.008 0.001 0.00893895230459
7.92615747848 785 7.90363350643 0.0225239720474 0.008 0.001 0.0135239720474
7.93415747848 786 7.90680706972 0.0273504087598 0.008 0.001 0.0183504087598
7.94215747848 787 7.9106065256 0.0315509528773 0.008 0.001 0.0225509528773
7.95015747848 788 7.91518547771 0.0349720007745 0.008 0.001 0.0259720007745
7.95815747848 789 7.93420819151 0.0239492869681 0.008 0.001 0.0149492869681
7.96615747848 790 7.93964764789 0.0265098305939 0.008 0.001 0.0175098305939
7.97415747848 791 7.96336629644 0.0107911820419 0.008 0.001 0.00179118204189
7.98866213417 792 7.97966213417 0.009 0.008 0.001 0.0
7.99824910219 793 7.98924910219 0.009 0.008 0.001 0.0
8.00624910219 794 7.99543102926 0.0108180729345 0.008 0.001 0.00181807293455
8.02508402463 795 8.01608402463 0.009 0.008 0.001 0.0
8.03308402463 796 8.02318083699 0.00990318764238 0.008 0.001 0.000903187642379
8.04627750607 797 8.03727750607 0.009 0.008 0.001 0.0
8.07254139307 798 8.06354139307 0.009 0.008 0.001 0.0
8.08413486157 799 8.07513486157 0.009 0.008 0.001 0.0
8.09213486157 800 8.07902302752 0.0131118340508 0.008 0.001 0.00411183405077
8.10013486157 801 8.07933335957 0.0208015020029 0.008 0.001 0.0118015020029
8.10813486157 802 8.08424233342 0.0238925281494 0.008 0.001 0.0148925281494
8.11613486157 803 8.09493731256 0.0211975490088 0.008 0.001 0.0121975490088
8.12413486157 804 8.11296130245 0.0111735591215 0.008 0.001 0.00217355912147
8.13213486157 805 8.1172836687 0.0148511928743 0.008 0.001 0.00585119287425
8.14013486157 806 8.11977172159 0.0203631399801 0.008 0.001 0.0113631399801
8.14813486157 807 8.1214590171 0.0266758444733 0.008 0.001 0.0176758444733
8.15613486157 808 8.13149543052 0.0246394310497 0.008 0.001 0.0156394310497
8.16413486157 809 8.15095968951 0.0131751720598 0.008 0.001 0.00417517205982
8.17762717617 810 8.16862717617 0.009 0.008 0.001 0.0
8.18562717617 811 8.169169852 0.0164573241701 0.008 0.001 0.00745732417007
8.19362717617 812 8.17061711327 0.0230100628943 0.008 0.001 0.0140100628943
8.20162717617 813 8.18674920676 0.0148779694098 0.008 0.001 0.0058779694098
8.20962717617 814 8.1990091455 0.0106180306681 0.008 0.001 0.00161803066812
8.21762717617 815 8.20726635258 0.0103608235911 0.008 0.001 0.00136082359109
8.22562717617 816 8.21328283887 0.0123443373023 0.008 0.001 0.00334433730227
8.23362717617 817 8.21530929252 0.0183178836456 0.008 0.001 0.00931788364563
8.24162717617 818 8.21806497575 0.0235622004141 0.008 0.001 0.0145622004141
8.24962717617 819 8.22943016519 0.0201970109786 0.008 0.001 0.0111970109786
8.26301377332 820 8.25401377332 0.009 0.008 0.001 0.0
8.27101377332 821 8.26197096425 0.00904280907427 0.008 0.001 4.28090742659e-05
8.27901377332 822 8.26249993268 0.0165138406394 0.008 0.001 0.00751384063939
8.30098910373 823 8.29198910373 0.009 0.008 0.001 0.0
8.30898910373 824 8.2938788408 0.0151102629366 0.008 0.001 0.00611026293661
8.32237099563 825 8.31337099563 0.009 0.008 0.001 0.0
8.33037099563 826 8.31748742238 0.0128835732513 0.008 0.001 0.0038835732513
8.34001593304 827 8.33101593304 0.009 0.008 0.001 0.0
8.34801593304 828 8.336530324 0.0114856090382 0.008 0.001 0.00248560903815
8.35601593304 829 8.33719278205 0.0188231509948 0.008 0.001 0.00982315099478
8.36401593304 830 8.3453525468 0.0186633862436 0.008 0.001 0.00966338624357
8.37201593304 831 8.35277697543 0.0192389576166 0.008 0.001 0.0102389576166
8.38001593304 832 8.37003329842 0.0099826346271 0.008 0.001 0.000982634627103
8.38871627208 833 8.37971627208 0.009 0.008 0.001 0.0
8.39671627208 834 8.3871397882 0.00957648387878 0.008 0.001 0.000576483878776
8.41975731573 835 8.41075731573 0.009 0.008 0.001 0.0
8.42775731573 836 8.41192257695 0.0158347387815 0.008 0.001 0.00683473878145
8.43655651406 837 8.42755651406 0.009 0.008 0.001 0.0
8.44455651406 838 8.43063309353 0.0139234205302 0.008 0.001 0.00492342053023
8.45255651406 839 8.43437781146 0.0181787025977 0.008 0.001 0.00917870259767
8.46055651406 840 8.43697985003 0.0235766640291 0.008 0.001 0.0145766640291
8.46855651406 841 8.44117534258 0.0273811714853 0.008 0.001 0.0183811714853
8.47655651406 842 8.45707577377 0.0194807402877 0.008 0.001 0.0104807402877
8.48455651406 843 8.46194494686 0.022611567198 0.008 0.001 0.013611567198
8.49255651406 844 8.46393597371 0.0286205403521 0.008 0.001 0.0196205403521
8.50055651406 845 8.46484580085 0.0357107132152 0.008 0.001 0.0267107132152
8.50855651406 846 8.47090534507 0.0376511689929 0.008 0.001 0.0286511689929
8.51655651406 847 8.4756548121 0.0409017019582 0.008 0.001 0.0319017019582
8.52455651406 848 8.49627298584 0.0282835282221 0.008 0.001 0.0192835282221
8.53255651406 849 8.50088247698 0.0316740370858 0.008 0.001 0.0226740370858
8.54055651406 850 8.5179006364 0.0226558776635 0.008 0.001 0.0136558776635
8.54855651406 851 8.5222682559 0.0262882581655 0.008 0.001 0.0172882581655
8.55655651406 852 8.53339284867 0.0231636653947 0.008 0.001 0.0141636653947
8.56455651406 853 8.53558205316 0.0289744609028 0.008 0.001 0.0199744609028
8.57255651406 854 8.54544357894 0.0271129351242 0.008 0.001 0.0181129351242
8.58055651406 855 8.55173335458 0.0288231594791 0.008 0.001 0.0198231594791
8.58855651406 856 8.55588438957 0.0326721244884 0.008 0.001 0.0236721244884
8.59655651406 857 8.5573808565 0.0391756575596 0.008 0.001 0.0301756575596
8.60455651406 858 8.55808074093 0.0464757731346 0.008 0.001 0.0374757731346
8.61255651406 859 8.56053513679 0.0520213772695 0.008 0.001 0.0430213772695
8.62055651406 860 8.56284102844 0.0577154856219 0.008 0.001 0.0487154856219
8.62855651406 861 8.56724018627 0.0613163277874 0.008 0.001 0.0523163277874
8.63655651406 862 8.56839833957 0.0681581744967 0.008 0.001 0.0591581744967
8.64455651406 863 8.57173094169 0.0728255723717 0.008 0.001 0.0638255723717
8.65255651406 864 8.57174365357 0.0808128604895 0.008 0.001 0.0718128604895
8.66055651406 865 8.57689294724 0.083663566825 0.008 0.001 0.074663566825
8.66855651406 866 8.58172459323 0.0868319208299 0.008 0.001 0.0778319208299
8.67655651406 867 8.58361614877 0.0929403652932 0.008 0.001 0.0839403652932
8.68455651406 868 8.60072429788 0.0838322161821 0.008 0.001 0.0748322161821
8.69255651406 869 8.60728240293 0.0852741111354 0.008 0.001 0.0762741111354
8.70055651406 870 8.61394541223 0.0866111018293 0.008 0.001 0.0776111018293
8.70855651406 871 8.62469286188 0.0838636521823 0.008 0.001 0.0748636521823
8.71655651406 872 8.6258375558 0.0907189582576 0.008 0.001 0.0817189582576
8.72455651406 873 8.63436183019 0.09019468387 0.008 0.001 0.08119468387
8.73255651406 874 8.65717316413 0.0753833499326 0.008 0.001 0.0663833499326
8.74055651406 875 8.65742160822 0.0831349058443 0.008 0.001 0.0741349058443
8.74855651406 876 8.66189633528 0.0866601787775 0.008 0.001 0.0776601787775
8.75655651406 877 8.66227691592 0.0942795981398 0.008 0.001 0.0852795981398
8.76455651406 878 8.66518059271 0.0993759213542 0.008 0.001 0.0903759213542
8.77255651406 879 8.67363266809 0.0989238459688 0.008 0.001 0.0899238459688
8.78055651406 880 8.69961138546 0.0809451286068 0.008 0.001 0.0719451286068
8.78855651406 881 8.71531164659 0.0732448674722 0.008 0.001 0.0642448674722
8.79655651406 882 8.72166589763 0.0748906164321 0.008 0.001 0.0658906164321
8.80455651406 883 8.73884215035 0.0657143637143 0.008 0.001 0.0567143637143
8.81255651406 884 8.75447600237 0.0580805116874 0.008 0.001 0.0490805116874
8.82055651406 885 8.76456752343 0.0559889906298 0.008 0.001 0.0469889906298
8.82855651406 886 8.78380415824 0.0447523558225 0.008 0.001 0.0357523558225
8.83655651406 887 8.79289754273 0.043658971331 0.008 0.001 0.034658971331
8.84455651406 888 8.80484497551 0.0397115385503 0.008 0.001 0.0307115385503
8.85255651406 889 8.80650231029 0.0460542037754 0.008 0.001 0.0370542037754
8.86055651406 890 8.80662948212 0.053927031941 0.008 0.001 0.044927031941
8.86855651406 891 8.81164123794 0.0569152761189 0.008 0.001 0.0479152761189
8.87655651406 892 8.81352271224 0.0630338018182 0.008 0.001 0.0540338018182
8.88455651406 893 8.81721099633 0.0673455177283 0.008 0.001 0.0583455177283
8.89255651406 894 8.82509371536 0.0674627987028 0.008 0.001 0.0584627987028
8.90055651406 895 8.83426254818 0.0662939658805 0.008 0.001 0.0572939658805
8.90855651406 896 8.84390077878 0.0646557352814 0.008 0.001 0.0556557352814
8.91655651406 897 8.85957713895 0.0569793751103 0.008 0.001 0.0479793751103
8.92455651406 898 8.86529286191 0.0592636521547 0.008 0.001 0.0502636521547
8.93255651406 899 8.87568859397 0.056867920089 0.008 0.001 0.047867920089
8.94055651406 900 8.89875285429 0.0418036597768 0.008 0.001 0.0328036597768
8.94855651406 901 8.89963705448 0.0489194595812 0.008 0.001 0.0399194595812
8.95655651406 902 8.90086155073 0.0556949633341 0.008 0.001 0.0466949633341
8.96455651406 903 8.91004093247 0.0545155815952 0.008 0.001 0.0455155815952
8.97255651406 904 8.9132189613 0.0593375527608 0.008 0.001 0.0503375527608
8.98055651406 905 8.92603280368 0.0545237103854 0.008 0.001 0.0455237103854
8.98855651406 906 8.92608137962 0.0624751344433 0.008 0.001 0.0534751344433
8.99655651406 907 8.92753579701 0.0690207170529 0.008 0.001 0.0600207170529
9.00455651406 908 8.93030458576 0.0742519283052 0.008 0.001 0.0652519283052
9.01255651406 909 8.94020847851 0.0723480355484 0.008 0.001 0.0633480355484
9.02055651406 910 8.9645421098 0.0560144042651 0.008 0.001 0.0470144042651
9.02855651406 911 8.99529630103 0.0332602130335 0.008 0.001 0.0242602130335
9.03655651406 912 8.99608607717 0.0404704368899 0.008 0.001 0.0314704368899
9.04455651406 913 9.02878574719 0.0157707668716 0.008 0.001 0.00677076687163
9.05255651406 914 9.03568551191 0.0168710021487 0.008 0.001 0.00787100214869
9.06055651406 915 9.03653958785 0.0240169262138 0.008 0.001 0.0150169262138
9.06855651406 916 9.04384131472 0.0247151993438 0.008 0.001 0.0157151993438
9.07655651406 917 9.05205781355 0.0244987005127 0.008 0.001 0.0154987005127
9.08455651406 918 9.07262026368 0.011936250384 0.008 0.001 0.00293625038399
9.09255651406 919 9.07325693743 0.0192995766301 0.008 0.001 0.0102995766301
9.10055651406 920 9.07857069503 0.0219858190317 0.008 0.001 0.0129858190317
9.10855651406 921 9.08828498514 0.0202715289195 0.008 0.001 0.0112715289195
9.11655651406 922 9.10010896583 0.0164475482352 0.008 0.001 0.00744754823517
9.12455651406 923 9.11112028692 0.01343622714 0.008 0.001 0.00443622714004
9.13255651406 924 9.11862810963 0.0139284044326 0.008 0.001 0.0049284044326
9.14055651406 925 9.12702514355 0.0135313705101 0.008 0.001 0.00453137051007
9.14855651406 926 9.13263767066 0.0159188434029 0.008 0.001 0.00691884340285
9.15655651406 927 9.13392555807 0.0226309559958 0.008 0.001 0.0136309559958
9.16455651406 928 9.13820340439 0.0263531096721 0.008 0.001 0.0173531096721
9.17295377177 929 9.16395377177 0.009 0.008 0.001 0.0
9.22519098227 930 9.21619098227 0.009 0.008 0.001 0.0
9.23764499271 931 9.22864499271 0.009 0.008 0.001 0.0
9.2582160542 932 9.2492160542 0.009 0.008 0.001 0.0
9.2662160542 933 9.25299973625 0.0132163179505 0.008 0.001 0.00421631795047
9.28041284563 934 9.27141284563 0.009 0.008 0.001 0.0
9.29917571634 935 9.29017571634 0.009 0.008 0.001 0.0
9.31576807847 936 9.30676807847 0.009 0.008 0.001 0.0
9.33233448544 937 9.32333448544 0.009 0.008 0.001 0.0
9.34033448544 938 9.32346180262 0.0168726828201 0.008 0.001 0.00787268282014
9.34833448544 939 9.33793910062 0.010395384818 0.008 0.001 0.00139538481799
9.35633448544 940 9.34294334324 0.0133911421976 0.008 0.001 0.00439114219761
9.38795211864 941 9.37895211864 0.009 0.008 0.001 0.0
9.39595211864 942 9.38326775779 0.0126843608488 0.008 0.001 0.00368436084882
9.40395211864 943 9.39006637222 0.0138857464177 0.008 0.001 0.00488574641768
9.41195211864 944 9.40096895215 0.0109831664847 0.008 0.001 0.0019831664847
9.41995211864 945 9.40519347501 0.0147586436337 0.008 0.001 0.00575864363369
9.43989204989 946 9.43089204989 0.009 0.008 0.001 0.0
9.45027559874 947 9.44127559874 0.009 0.008 0.001 0.0
9.45827559874 948 9.44666157181 0.0116140269284 0.008 0.001 0.00261402692844
9.46627559874 949 9.45073963072 0.0155359680137 0.008 0.001 0.00653596801368
9.47427559874 950 9.45120372032 0.0230718784171 0.008 0.001 0.0140718784171
9.48227559874 951 9.465506018 0.0167695807354 0.008 0.001 0.00776958073537
9.50603333288 952 9.49703333288 0.009 0.008 0.001 0.0
9.52029877626 953 9.51129877626 0.009 0.008 0.001 0.0
9.52829877626 954 9.51819250155 0.0101062747165 0.008 0.001 0.00110627471655
9.53629877626 955 9.51983347574 0.016465300526 0.008 0.001 0.00746530052598
9.54429877626 956 9.52139343861 0.0229053376586 0.008 0.001 0.0139053376586
9.55229877626 957 9.52560438636 0.0266943899059 0.008 0.001 0.0176943899059
9.56029877626 958 9.53380783211 0.0264909441549 0.008 0.001 0.0174909441549
9.56829877626 959 9.54823757382 0.0200612024399 0.008 0.001 0.0110612024399
9.57629877626 960 9.55961368341 0.0166850928555 0.008 0.001 0.00768509285545
9.58429877626 961 9.56278211877 0.0215166574902 0.008 0.001 0.0125166574902
9.59229877626 962 9.57894852135 0.0133502549122 0.008 0.001 0.0043502549122
9.60029877626 963 9.58548755133 0.0148112249309 0.008 0.001 0.00581122493089
9.61677250679 964 9.60777250679 0.009 0.008 0.001 0.0
9.62786427637 965 9.61886427637 0.009 0.008 0.001 0.0
9.63664773555 966 9.62764773555 0.009 0.008 0.001 0.0
9.64464773555 967 9.62987336839 0.0147743671606 0.008 0.001 0.00577436716056
9.65264773555 968 9.63423965335 0.0184080821957 0.008 0.001 0.00940808219574
9.66064773555 969 9.639568176 0.0210795595496 0.008 0.001 0.0120795595496
9.66864773555 970 9.64321298187 0.0254347536789 0.008 0.001 0.0164347536789
9.67664773555 971 9.64383933182 0.0328084037295 0.008 0.001 0.0238084037295
9.68464773555 972 9.66058654299 0.0240611925529 0.008 0.001 0.0150611925529
9.69264773555 973 9.66240157665 0.0302461588982 0.008 0.001 0.0212461588982
9.70064773555 974 9.66680267481 0.0338450607359 0.008 0.001 0.0248450607359
9.70864773555 975 9.69420803299 0.0144397025541 0.008 0.001 0.00543970255413
9.71664773555 976 9.70222127218 0.0144264633701 0.008 0.001 0.00542646337014
9.72464773555 977 9.70696246996 0.0176852655827 0.008 0.001 0.00868526558271
9.73264773555 978 9.7089677347 0.023680000845 0.008 0.001 0.014680000845
9.74103935153 979 9.73203935153 0.009 0.008 0.001 0.0
9.75031417958 980 9.74131417958 0.009 0.008 0.001 0.0
9.75831417958 981 9.74310974473 0.0152044348488 0.008 0.001 0.00620443484879
9.77751013727 982 9.76851013727 0.009 0.008 0.001 0.0
9.78568415714 983 9.77668415714 0.009 0.008 0.001 0.0
9.79368415714 984 9.77717625292 0.0165079042146 0.008 0.001 0.00750790421462
9.80168415714 985 9.78429949124 0.0173846658935 0.008 0.001 0.00838466589351
9.80968415714 986 9.78913085947 0.0205532976695 0.008 0.001 0.0115532976695
9.81768415714 987 9.79155102556 0.0261331315761 0.008 0.001 0.0171331315761
9.82568415714 988 9.80539224355 0.020291913583 0.008 0.001 0.011291913583
9.83368415714 989 9.81059973643 0.0230844207039 0.008 0.001 0.0140844207039
9.84168415714 990 9.82598477729 0.0156993798471 0.008 0.001 0.00669937984712
9.84968415714 991 9.82720023767 0.0224839194622 0.008 0.001 0.0134839194622
9.85768415714 992 9.82793932752 0.0297448296183 0.008 0.001 0.0207448296183
9.86568415714 993 9.83899105996 0.026693097175 0.008 0.001 0.017693097175
9.87368415714 994 9.8474014843 0.0262826728338 0.008 0.001 0.0172826728338
9.88168415714 995 9.86525623436 0.0164279227722 0.008 0.001 0.00742792277221
9.88968415714 996 9.86619487778 0.0234892793596 0.008 0.001 0.0144892793596
9.89768415714 997 9.87100357925 0.0266805778838 0.008 0.001 0.0176805778838
9.9071024755 998 9.8981024755 0.009 0.008 0.001 0.0
9.9492537741 999 9.9402537741 0.009 0.008 0.001 0.0
9.9572537741 1000 9.94192841727 0.0153253568245 0.008 0.001 0.00632535682453
9.9652537741 1001 9.94414106035 0.0211127137408 0.008 0.001 0.0121127137408
9.9732537741 1002 9.94848944478 0.0247643293165 0.008 0.001 0.0157643293165
9.9812537741 1003 9.95124906437 0.0300047097271 0.008 0.001 0.0210047097271
9.9892537741 1004 9.975587859 0.013665915097 0.008 0.001 0.00466591509701
9.9972537741 1005 9.98291874518 0.0143350289175 0.008 0.001 0.00533502891754
10.0052537741 1006 9.99606891298 0.00918486111889 0.008 0.001 0.000184861118885
