0.009 2 0 0.009 0.008 0.001 0
0.0262371697761 3 0.0172371697761 0.009 0.008 0.001 0.0
0.0342371697761 4 0.0213658526186 0.0128713171575 0.008 0.001 0.00387131715753
0.0422371697761 5 0.0228386811836 0.0193984885925 0.008 0.001 0.0103984885925
0.0502371697761 6 0.0245001355545 0.0257370342215 0.008 0.001 0.0167370342215
0.0582371697761 7 0.0277458111304 0.0304913586457 0.008 0.001 0.0214913586457
0.0662371697761 8 0.0470005229919 0.0192366467842 0.008 0.001 0.0102366467842
0.0900178176441 9 0.0810178176441 0.009 0.008 0.001 0.0
0.0980178176441 10 0.087405826088 0.0106119915561 0.008 0.001 0.00161199155608
0.106017817644 11 0.0880274495453 0.0179903680988 0.008 0.001 0.00899036809882
0.114017817644 12 0.097693839992 0.0163239776521 0.008 0.001 0.00732397765213
0.122017817644 13 0.109038596926 0.0129792207178 0.008 0.001 0.00397922071779
0.130017817644 14 0.110927783125 0.0190900345195 0.008 0.001 0.0100900345195
0.138017817644 15 0.114355535442 0.0236622822017 0.008 0.001 0.0146622822017
0.146017817644 16 0.116994367804 0.0290234498404 0.008 0.001 0.0200234498404
0.154017817644 17 0.12924776879 0.0247700488537 0.008 0.001 0.0157700488537
0.162017817644 18 0.135378534285 0.0266392833588 0.008 0.001 0.0176392833588
0.173630397951 19 0.164630397951 0.009 0.008 0.001 0.0
0.188249948745 20 0.179249948745 0.009 0.008 0.001 0.0
0.196249948745 21 0.185026725524 0.0112232232211 0.008 0.001 0.00222322322107
0.207102421424 22 0.198102421424 0.009 0.008 0.001 0.0
0.215102421424 23 0.202671700721 0.0124307207031 0.008 0.001 0.00343072070312
0.23256105548 24 0.22356105548 0.009 0.008 0.001 0.0
0.24056105548 25 0.224392567402 0.0161684880778 0.008 0.001 0.00716848807781
0.24856105548 26 0.229535624848 0.0190254306326 0.008 0.001 0.0100254306326
0.25656105548 27 0.239117961993 0.017443093487 0.008 0.001 0.00844309348695
0.26456105548 28 0.246800384663 0.0177606708175 0.008 0.001 0.00876067081754
0.27256105548 29 0.256502658331 0.0160583971493 0.008 0.001 0.00705839714927
0.28056105548 30 0.262754903957 0.0178061515235 0.008 0.001 0.00880615152348
0.28856105548 31 0.26398851311 0.0245725423705 0.008 0.001 0.0155725423705
0.29656105548 32 0.274797767433 0.0217632880472 0.008 0.001 0.0127632880472
0.30456105548 33 0.284194342215 0.0203667132657 0.008 0.001 0.0113667132657
0.31256105548 34 0.292888170853 0.0196728846277 0.008 0.001 0.0106728846277
0.32056105548 35 0.294914454601 0.0256466008792 0.008 0.001 0.0166466008792
0.32856105548 36 0.294946857778 0.0336141977026 0.008 0.001 0.0246141977026
0.33656105548 37 0.314683133726 0.0218779217539 0.008 0.001 0.0128779217539
0.34456105548 38 0.320094152247 0.0244669032331 0.008 0.001 0.0154669032331
0.35256105548 39 0.325264868707 0.0272961867735 0.008 0.001 0.0182961867735
0.36056105548 40 0.325591492919 0.0349695625611 0.008 0.001 0.0259695625611
0.36856105548 41 0.348234767911 0.0203262875695 0.008 0.001 0.0113262875695
0.37656105548 42 0.356763712182 0.019797343298 0.008 0.001 0.010797343298
0.38456105548 43 0.375123676361 0.00943737911959 0.008 0.001 0.000437379119587
0.39256105548 44 0.378466828211 0.0140942272694 0.008 0.001 0.00509422726938
0.40056105548 45 0.383981435258 0.0165796202224 0.008 0.001 0.00757962022238
0.40856105548 46 0.384987654744 0.0235734007359 0.008 0.001 0.0145734007359
0.41656105548 47 0.386386000616 0.0301750548638 0.008 0.001 0.0211750548638
0.42456105548 48 0.404160256037 0.0204007994429 0.008 0.001 0.0114007994429
0.457382445928 49 0.448382445928 0.009 0.008 0.001 0.0
0.466629995148 50 0.457629995148 0.009 0.008 0.001 0.0
0.474988452169 51 0.465988452169 0.009 0.008 0.001 0.0
0.492357156832 52 0.483357156832 0.009 0.008 0.001 0.0
0.506939662514 53 0.497939662514 0.009 0.008 0.001 0.0
0.514939662514 54 0.499941488833 0.014998173681 0.008 0.001 0.005998173681
0.5233167132 55 0.5143167132 0.009 0.008 0.001 0.0
0.5313167132 56 0.522218061214 0.00909865198627 0.008 0.001 9.86519862741e-05
0.542000676454 57 0.533000676454 0.009 0.008 0.001 0.0
0.550000676454 58 0.533759670539 0.0162410059157 0.008 0.001 0.00724100591569
0.558000676454 59 0.535413168733 0.0225875077218 0.008 0.001 0.0135875077218
0.566000676454 60 0.540937084664 0.0250635917906 0.008 0.001 0.0160635917906
0.598132138666 61 0.589132138666 0.009 0.008 0.001 0.0
0.606132138666 62 0.596993846754 0.00913829191209 0.008 0.001 0.000138291912092
0.614132138666 63 0.600703572597 0.0134285660697 0.008 0.001 0.00442856606971
0.622847476604 64 0.613847476604 0.009 0.008 0.001 0.0
0.636321666757 65 0.627321666757 0.009 0.008 0.001 0.0
0.644321666757 66 0.627962985653 0.0163586811042 0.008 0.001 0.00735868110422
0.652321666757 67 0.631480008207 0.0208416585503 0.008 0.001 0.0118416585503
0.660321666757 68 0.635069125875 0.0252525408824 0.008 0.001 0.0162525408824
0.668321666757 69 0.645713103682 0.0226085630755 0.008 0.001 0.0136085630755
0.676321666757 70 0.646396892761 0.0299247739969 0.008 0.001 0.0209247739969
0.684321666757 71 0.659367131066 0.0249545356919 0.008 0.001 0.0159545356919
0.692321666757 72 0.670876105424 0.021445561333 0.008 0.001 0.012445561333
0.700321666757 73 0.672993015981 0.0273286507765 0.008 0.001 0.0183286507765
0.708321666757 74 0.675119487748 0.0332021790094 0.008 0.001 0.0242021790094
0.716321666757 75 0.689465012639 0.0268566541183 0.008 0.001 0.0178566541183
0.724321666757 76 0.689742408721 0.0345792580363 0.008 0.001 0.0255792580363
0.732321666757 77 0.691396884733 0.040924782024 0.008 0.001 0.031924782024
0.740321666757 78 0.715252637147 0.0250690296106 0.008 0.001 0.0160690296106
0.750309122393 79 0.741309122393 0.009 0.008 0.001 0.0
0.759091842272 80 0.750091842272 0.009 0.008 0.001 0.0
0.767091842272 81 0.751062557632 0.0160292846402 0.008 0.001 0.00702928464021
0.775091842272 82 0.76013740274 0.0149544395321 0.008 0.001 0.00595443953212
0.783091842272 83 0.760158986945 0.022932855327 0.008 0.001 0.013932855327
0.791091842272 84 0.763612991074 0.0274788511979 0.008 0.001 0.0184788511979
0.799091842272 85 0.778928225049 0.0201636172231 0.008 0.001 0.0111636172231
0.807091842272 86 0.79393693853 0.0131549037427 0.008 0.001 0.00415490374265
0.815091842272 87 0.803261106747 0.0118307355254 0.008 0.001 0.00283073552539
0.846488430881 88 0.837488430881 0.009 0.008 0.001 0.0
0.859330403017 89 0.850330403017 0.009 0.008 0.001 0.0
0.870591523203 90 0.861591523203 0.009 0.008 0.001 0.0
0.878591523203 91 0.863471794844 0.0151197283588 0.008 0.001 0.00611972835876
0.886591523203 92 0.869745086021 0.0168464371819 0.008 0.001 0.00784643718189
0.912531732142 93 0.903531732142 0.009 0.008 0.001 0.0
0.920531732142 94 0.907136947552 0.01339478459 0.008 0.001 0.00439478458997
0.928531732142 95 0.907947612925 0.0205841192166 0.008 0.001 0.0115841192166
0.936531732142 96 0.927051901401 0.00947983074061 0.008 0.001 0.000479830740613
0.944531732142 97 0.931755738797 0.012775993345 0.008 0.001 0.00377599334502
0.952531732142 98 0.937719195669 0.0148125364723 0.008 0.001 0.00581253647226
0.960531732142 99 0.939668594339 0.020863137803 0.008 0.001 0.011863137803
0.968531732142 100 0.945214488915 0.0233172432266 0.008 0.001 0.0143172432266
0.976531732142 101 0.952573515358 0.0239582167834 0.008 0.001 0.0149582167834
0.984531732142 102 0.955293873032 0.0292378591095 0.008 0.001 0.0202378591095
0.992531732142 103 0.957199392251 0.035332339891 0.008 0.001 0.026332339891
1.00053173214 104 0.968691024934 0.0318407072075 0.008 0.001 0.0228407072075
1.00853173214 105 0.973093412851 0.0354383192906 0.008 0.001 0.0264383192906
1.01653173214 106 0.978469087697 0.0380626444444 0.008 0.001 0.0290626444444
1.02453173214 107 0.983685455949 0.0408462761929 0.008 0.001 0.0318462761929
1.03253173214 108 0.985950705605 0.0465810265367 0.008 0.001 0.0375810265367
1.04053173214 109 0.993155929483 0.0473758026584 0.008 0.001 0.0383758026584
1.04853173214 110 1.00708743212 0.0414443000194 0.008 0.001 0.0324443000194
1.05653173214 111 1.03167184238 0.0248598897648 0.008 0.001 0.0158598897648
1.06453173214 112 1.03959675619 0.0249349759504 0.008 0.001 0.0159349759504
1.07253173214 113 1.04356526455 0.028966467588 0.008 0.001 0.019966467588
1.08726611454 114 1.07826611454 0.009 0.008 0.001 0.0
1.09526611454 115 1.08208123788 0.0131848766598 0.008 0.001 0.00418487665976
1.10326611454 116 1.08882857529 0.0144375392561 0.008 0.001 0.00543753925614
1.11126611454 117 1.09650540366 0.0147607108825 0.008 0.001 0.00576071088252
1.11926611454 118 1.0989486513 0.0203174632392 0.008 0.001 0.0113174632392
1.12777077631 119 1.11877077631 0.009 0.008 0.001 0.0
1.14107758828 120 1.13207758828 0.009 0.008 0.001 0.0
1.15890300363 121 1.14990300363 0.009 0.008 0.001 0.0
1.16690300363 122 1.15742773582 0.00947526780612 0.008 0.001 0.000475267806116
1.1824859366 123 1.1734859366 0.009 0.008 0.001 0.0
1.1904859366 124 1.17906781319 0.0114181234131 0.008 0.001 0.00241812341315
1.20298182145 125 1.19398182145 0.009 0.008 0.001 0.0
1.21098182145 126 1.1948275005 0.0161543209571 0.008 0.001 0.00715432095707
1.21898182145 127 1.19543462724 0.0235471942156 0.008 0.001 0.0145471942156
1.22698182145 128 1.20383283162 0.0231489898318 0.008 0.001 0.0141489898318
1.23498182145 129 1.20413634138 0.0308454800702 0.008 0.001 0.0218454800702
1.24298182145 130 1.20802697945 0.0349548420079 0.008 0.001 0.0259548420079
1.25098182145 131 1.2153011564 0.0356806650541 0.008 0.001 0.0266806650541
1.25898182145 132 1.23935148856 0.0196303328912 0.008 0.001 0.0106303328912
1.26698182145 133 1.25764613161 0.00933568984253 0.008 0.001 0.000335689842526
1.2751870395 134 1.2661870395 0.009 0.008 0.001 0.0
1.28457772946 135 1.27557772946 0.009 0.008 0.001 0.0
1.29257772946 136 1.27917873293 0.0133989965265 0.008 0.001 0.00439899652654
1.3068318456 137 1.2978318456 0.009 0.008 0.001 0.0
1.3148318456 138 1.30238185504 0.0124499905665 0.008 0.001 0.00344999056648
1.3228318456 139 1.30927482306 0.013557022544 0.008 0.001 0.00455702254398
1.3308318456 140 1.3094632353 0.0213686103071 0.008 0.001 0.0123686103071
1.3388318456 141 1.31128800801 0.0275438375969 0.008 0.001 0.0185438375969
1.3468318456 142 1.32508788763 0.021743957976 0.008 0.001 0.012743957976
1.3548318456 143 1.329464308 0.0253675376035 0.008 0.001 0.0163675376035
1.3628318456 144 1.34397455146 0.0188572941469 0.008 0.001 0.00985729414687
1.3708318456 145 1.35071187597 0.0201199696353 0.008 0.001 0.0111199696353
1.3788318456 146 1.35108978519 0.0277420604115 0.008 0.001 0.0187420604115
1.3868318456 147 1.36609668418 0.0207351614288 0.008 0.001 0.0117351614288
1.3948318456 148 1.36743955235 0.0273922932595 0.008 0.001 0.0183922932595
1.4028318456 149 1.36961394938 0.0332178962266 0.008 0.001 0.0242178962266
1.4201578742 150 1.4111578742 0.009 0.008 0.001 0.0
1.4281578742 151 1.4144925883 0.0136652858965 0.008 0.001 0.00466528589647
1.44067594726 152 1.43167594726 0.009 0.008 0.001 0.0
1.45101257204 153 1.44201257204 0.009 0.008 0.001 0.0
1.47232715377 154 1.46332715377 0.009 0.008 0.001 0.0
1.48032715377 155 1.46439191657 0.0159352372023 0.008 0.001 0.00693523720228
1.48832715377 156 1.46484528761 0.0234818661634 0.008 0.001 0.0144818661634
1.49632715377 157 1.47402954969 0.0222976040807 0.008 0.001 0.0132976040807
1.50432715377 158 1.47748263529 0.0268445184766 0.008 0.001 0.0178445184766
1.51232715377 159 1.47825314371 0.0340740100624 0.008 0.001 0.0250740100624
1.52562940354 160 1.51662940354 0.009 0.008 0.001 0.0
1.55549667319 161 1.54649667319 0.009 0.008 0.001 0.0
1.56889368303 162 1.55989368303 0.009 0.008 0.001 0.0
1.59115373484 163 1.58215373484 0.009 0.008 0.001 0.0
1.59915373484 164 1.58238113969 0.0167725951452 0.008 0.001 0.00777259514518
1.60715373484 165 1.59486446977 0.0122892650629 0.008 0.001 0.0032892650629
1.61515373484 166 1.60179753763 0.0133561972004 0.008 0.001 0.00435619720042
1.62315373484 167 1.60528043259 0.0178733022475 0.008 0.001 0.00887330224749
1.63115373484 168 1.60885381341 0.0222999214242 0.008 0.001 0.0132999214242
1.63915373484 169 1.60974703719 0.0294066976416 0.008 0.001 0.0204066976416
1.64715373484 170 1.611416808 0.0357369268387 0.008 0.001 0.0267369268387
1.65515373484 171 1.61454317919 0.0406105556412 0.008 0.001 0.0316105556412
1.66315373484 172 1.61597933925 0.0471743955872 0.008 0.001 0.0381743955872
1.67115373484 173 1.62545783827 0.0456958965613 0.008 0.001 0.0366958965613
1.67915373484 174 1.63299718909 0.0461565457423 0.008 0.001 0.0371565457423
1.68715373484 175 1.63309869824 0.0540550365918 0.008 0.001 0.0450550365918
1.69515373484 176 1.64312994968 0.0520237851502 0.008 0.001 0.0430237851502
1.70315373484 177 1.6623165209 0.040837213933 0.008 0.001 0.031837213933
1.71115373484 178 1.67850059434 0.0326531404952 0.008 0.001 0.0236531404952
1.71915373484 179 1.68218555323 0.0369681816066 0.008 0.001 0.0279681816066
1.72715373484 180 1.68624545218 0.040908282659 0.008 0.001 0.031908282659
1.73515373484 181 1.69071119788 0.0444425369552 0.008 0.001 0.0354425369552
1.74315373484 182 1.731934943 0.0112187918382 0.008 0.001 0.00221879183821
1.75115373484 183 1.74004722399 0.0111065108498 0.008 0.001 0.00210651084982
1.76287763328 184 1.75387763328 0.009 0.008 0.001 0.0
1.77087763328 185 1.75520800913 0.0156696241497 0.008 0.001 0.00666962414972
1.77887763328 186 1.7582007803 0.0206768529833 0.008 0.001 0.0116768529833
1.78687763328 187 1.7592885103 0.0275891229788 0.008 0.001 0.0185891229788
1.79487763328 188 1.76084962043 0.0340280128488 0.008 0.001 0.0250280128488
1.80287763328 189 1.76424822992 0.0386294033607 0.008 0.001 0.0296294033607
1.81087763328 190 1.77414224474 0.0367353885424 0.008 0.001 0.0277353885424
1.81887763328 191 1.79901333286 0.0198643004171 0.008 0.001 0.0108643004171
1.82687763328 192 1.80071224532 0.0261653879619 0.008 0.001 0.0171653879619
1.83487763328 193 1.81267985338 0.0221977798986 0.008 0.001 0.0131977798986
1.84287763328 194 1.82926540438 0.0136122289026 0.008 0.001 0.00461222890256
1.85087763328 195 1.8388960538 0.0119815794795 0.008 0.001 0.00298157947949
1.87677071306 196 1.86777071306 0.009 0.008 0.001 0.0
1.88477071306 197 1.87369815227 0.0110725607904 0.008 0.001 0.00207256079036
1.90186900245 198 1.89286900245 0.009 0.008 0.001 0.0
1.91090067191 199 1.90190067191 0.009 0.008 0.001 0.0
1.92321446591 200 1.91421446591 0.009 0.008 0.001 0.0
1.93360613188 201 1.92460613188 0.009 0.008 0.001 0.0
1.94347531657 202 1.93447531657 0.009 0.008 0.001 0.0
1.96237238072 203 1.95337238072 0.009 0.008 0.001 0.0
1.974431002 204 1.965431002 0.009 0.008 0.001 0.0
2.01775337597 205 2.00875337597 0.009 0.008 0.001 0.0
2.03405985626 206 2.02505985626 0.009 0.008 0.001 0.0
2.04279377648 207 2.03379377648 0.009 0.008 0.001 0.0
2.05079377648 208 2.04034323793 0.0104505385576 0.008 0.001 0.00145053855765
2.06440647699 209 2.05540647699 0.009 0.008 0.001 0.0
2.07240647699 210 2.05596129227 0.0164451847183 0.008 0.001 0.00744518471835
2.08040647699 211 2.06878113542 0.0116253415655 0.008 0.001 0.00262534156547
2.08840647699 212 2.06994061292 0.0184658640648 0.008 0.001 0.00946586406483
2.09640647699 213 2.0791688759 0.0172376010901 0.008 0.001 0.00823760109015
2.1050311223 214 2.0960311223 0.009 0.008 0.001 0.0
2.1130311223 215 2.1038420594 0.00918906290381 0.008 0.001 0.000189062903811
2.1210311223 216 2.10593973995 0.0150913823547 0.008 0.001 0.00609138235471
2.1290311223 217 2.10918072319 0.0198503991163 0.008 0.001 0.0108503991163
2.1370311223 218 2.11741993736 0.0196111849436 0.008 0.001 0.0106111849436
2.1450311223 219 2.12091432255 0.0241167997522 0.008 0.001 0.0151167997522
2.1530311223 220 2.12590205532 0.0271290669891 0.008 0.001 0.0181290669891
2.1610311223 221 2.14914919138 0.0118819309257 0.008 0.001 0.00288193092572
2.1690311223 222 2.15204756795 0.0169835543524 0.008 0.001 0.00798355435242
2.1770311223 223 2.15277477939 0.0242563429171 0.008 0.001 0.0152563429171
2.18671924393 224 2.17771924393 0.009 0.008 0.001 0.0
2.22186457993 225 2.21286457993 0.009 0.008 0.001 0.0
2.24211511058 226 2.23311511058 0.009 0.008 0.001 0.0
2.25011511058 227 2.2332390648 0.0168760457837 0.008 0.001 0.00787604578369
2.25811511058 228 2.24310708784 0.0150080227389 0.008 0.001 0.00600802273893
2.26611511058 229 2.24820526557 0.0179098450092 0.008 0.001 0.00890984500923
2.27411511058 230 2.25718327539 0.0169318351891 0.008 0.001 0.00793183518907
2.28211511058 231 2.26355105986 0.0185640507204 0.008 0.001 0.00956405072041
2.29011511058 232 2.26535572887 0.0247593817125 0.008 0.001 0.0157593817125
2.30229383307 233 2.29329383307 0.009 0.008 0.001 0.0
2.32139870086 234 2.31239870086 0.009 0.008 0.001 0.0
2.33236914271 235 2.32336914271 0.009 0.008 0.001 0.0
2.35028826225 236 2.34128826225 0.009 0.008 0.001 0.0
2.35828826225 237 2.343134167 0.0151540952566 0.008 0.001 0.00615409525658
2.37835579308 238 2.36935579308 0.009 0.008 0.001 0.0
2.38635579308 239 2.37028339832 0.0160723947666 0.008 0.001 0.00707239476658
2.39435579308 240 2.38081587977 0.0135399133108 0.008 0.001 0.00453991331078
2.41474366169 241 2.40574366169 0.009 0.008 0.001 0.0
2.42274366169 242 2.41314787814 0.00959578355549 0.008 0.001 0.000595783555487
2.43866221251 243 2.42966221251 0.009 0.008 0.001 0.0
2.44915552875 244 2.44015552875 0.009 0.008 0.001 0.0
2.46998127923 245 2.46098127923 0.009 0.008 0.001 0.0
2.48745870391 246 2.47845870391 0.009 0.008 0.001 0.0
2.5004834221 247 2.4914834221 0.009 0.008 0.001 0.0
2.5084834221 248 2.492073151 0.0164102710954 0.008 0.001 0.00741027109537
2.52381261526 249 2.51481261526 0.009 0.008 0.001 0.0
2.53181261526 250 2.51842224448 0.0133903707772 0.008 0.001 0.00439037077723
2.53981261526 251 2.52575875277 0.0140538624861 0.008 0.001 0.00505386248615
2.54781261526 252 2.53616225678 0.0116503584827 0.008 0.001 0.00265035848266
2.55581261526 253 2.54637215625 0.00944045900991 0.008 0.001 0.000440459009906
2.56942217638 254 2.56042217638 0.009 0.008 0.001 0.0
2.57742217638 255 2.56783423908 0.00958793730032 0.008 0.001 0.000587937300317
2.58542217638 256 2.57613754583 0.00928463055247 0.008 0.001 0.000284630552475
2.59342217638 257 2.57983820223 0.0135839741463 0.008 0.001 0.00458397414628
2.60142217638 258 2.58088961132 0.0205325650582 0.008 0.001 0.0115325650582
2.60942217638 259 2.58451260047 0.0249095759078 0.008 0.001 0.0159095759078
2.61742217638 260 2.59069844553 0.0267237308462 0.008 0.001 0.0177237308462
2.62542217638 261 2.6005684543 0.0248537220749 0.008 0.001 0.0158537220749
2.63342217638 262 2.60514917 0.0282730063834 0.008 0.001 0.0192730063834
2.64142217638 263 2.60732492098 0.0340972554022 0.008 0.001 0.0250972554022
2.64942217638 264 2.61341610934 0.0360060670374 0.008 0.001 0.0270060670374
2.65742217638 265 2.62379161 0.0336305663776 0.008 0.001 0.0246305663776
2.66542217638 266 2.6366601374 0.0287620389791 0.008 0.001 0.0197620389791
2.67342217638 267 2.64867198457 0.0247501918105 0.008 0.001 0.0157501918105
2.68142217638 268 2.6573842683 0.0240379080758 0.008 0.001 0.0150379080758
2.68942217638 269 2.66257193714 0.0268502392432 0.008 0.001 0.0178502392432
2.69742217638 270 2.66453771793 0.0328844584506 0.008 0.001 0.0238844584506
2.70542217638 271 2.6647263724 0.0406958039836 0.008 0.001 0.0316958039836
2.71342217638 272 2.66481408011 0.0486080962714 0.008 0.001 0.0396080962714
2.72142217638 273 2.66613258457 0.0552895918106 0.008 0.001 0.0462895918106
2.72942217638 274 2.67759200513 0.0518301712538 0.008 0.001 0.0428301712538
2.73742217638 275 2.67840259717 0.0590195792142 0.008 0.001 0.0500195792142
2.74542217638 276 2.68319262958 0.0622295467972 0.008 0.001 0.0532295467972
2.75342217638 277 2.69394619662 0.0594759797554 0.008 0.001 0.0504759797554
2.76142217638 278 2.73075921333 0.0306629630524 0.008 0.001 0.0216629630524
2.76942217638 279 2.73514660503 0.0342755713514 0.008 0.001 0.0252755713514
2.77742217638 280 2.7383385743 0.0390836020769 0.008 0.001 0.0300836020769
2.78542217638 281 2.74893438669 0.0364877896935 0.008 0.001 0.0274877896935
2.79342217638 282 2.76103439803 0.0323877783479 0.008 0.001 0.0233877783479
2.80142217638 283 2.76227684226 0.0391453341205 0.008 0.001 0.0301453341205
2.80942217638 284 2.77620215275 0.0332200236275 0.008 0.001 0.0242200236275
2.81742217638 285 2.78886101299 0.0285611633939 0.008 0.001 0.0195611633939
2.82542217638 286 2.78914085223 0.0362813241516 0.008 0.001 0.0272813241516
2.83342217638 287 2.78954232953 0.0438798468462 0.008 0.001 0.0348798468462
2.84142217638 288 2.80816718824 0.0332549881387 0.008 0.001 0.0242549881387
2.84942217638 289 2.8083373609 0.0410848154758 0.008 0.001 0.0320848154758
2.85742217638 290 2.83152834837 0.0258938280125 0.008 0.001 0.0168938280125
2.86542217638 291 2.83197087792 0.033451298462 0.008 0.001 0.024451298462
2.87342217638 292 2.83870438852 0.0347177878575 0.008 0.001 0.0257177878575
2.88142217638 293 2.84115539134 0.0402667850353 0.008 0.001 0.0312667850353
2.88942217638 294 2.86346651097 0.0259556654094 0.008 0.001 0.0169556654094
2.89742217638 295 2.86747996039 0.0299422159847 0.008 0.001 0.0209422159847
2.90542217638 296 2.87744189047 0.0279802859074 0.008 0.001 0.0189802859074
2.91342217638 297 2.87758293909 0.0358392372884 0.008 0.001 0.0268392372884
2.92142217638 298 2.87953098365 0.0418911927331 0.008 0.001 0.0328911927331
2.92942217638 299 2.90120676662 0.0282154097564 0.008 0.001 0.0192154097564
2.93742217638 300 2.90880024931 0.0286219270707 0.008 0.001 0.0196219270707
2.94542217638 301 2.91864472897 0.0267774474058 0.008 0.001 0.0177774474058
2.95473583552 302 2.94573583552 0.009 0.008 0.001 0.0
2.96769105083 303 2.95869105083 0.009 0.008 0.001 0.0
2.97915192784 304 2.97015192784 0.009 0.008 0.001 0.0
2.99168052802 305 2.98268052802 0.009 0.008 0.001 0.0
3.00838739853 306 2.99938739853 0.009 0.008 0.001 0.0
3.01638739853 307 3.00592921743 0.0104581810997 0.008 0.001 0.00145818109966
3.02438739853 308 3.0105362274 0.0138511711308 0.008 0.001 0.00485117113085
3.03238739853 309 3.01109450466 0.021292893878 0.008 0.001 0.012292893878
3.04038739853 310 3.01290029916 0.0274870993769 0.008 0.001 0.0184870993769
3.04838739853 311 3.02094338724 0.0274440112938 0.008 0.001 0.0184440112938
3.05638739853 312 3.03818211503 0.0182052835044 0.008 0.001 0.00920528350436
3.06574391499 313 3.05674391499 0.009 0.008 0.001 0.0
3.07430848187 314 3.06530848187 0.009 0.008 0.001 0.0
3.09301287164 315 3.08401287164 0.009 0.008 0.001 0.0
3.10101287164 316 3.08666959503 0.0143432766055 0.008 0.001 0.00534327660548
3.1130454399 317 3.1040454399 0.009 0.008 0.001 0.0
3.1210454399 318 3.10542606397 0.0156193759303 0.008 0.001 0.00661937593033
3.1290454399 319 3.1147293553 0.0143160845988 0.008 0.001 0.00531608459878
3.1370454399 320 3.12018601309 0.0168594268126 0.008 0.001 0.00785942681258
3.1450454399 321 3.12045563195 0.0245898079497 0.008 0.001 0.0155898079497
3.1530454399 322 3.12182855893 0.0312168809728 0.008 0.001 0.0222168809728
3.1610454399 323 3.1273985564 0.0336468834985 0.008 0.001 0.0246468834985
3.1690454399 324 3.14129434304 0.0277510968606 0.008 0.001 0.0187510968606
3.1770454399 325 3.14313179752 0.033913642381 0.008 0.001 0.024913642381
3.1850454399 326 3.14925338661 0.0357920532907 0.008 0.001 0.0267920532907
3.1930454399 327 3.1493125011 0.0437329387993 0.008 0.001 0.0347329387993
3.2010454399 328 3.16109391883 0.0399515210758 0.008 0.001 0.0309515210758
3.2090454399 329 3.16305131585 0.0459941240535 0.008 0.001 0.0369941240535
3.2170454399 330 3.16579192333 0.0512535165686 0.008 0.001 0.0422535165686
3.2250454399 331 3.17671768484 0.0483277550649 0.008 0.001 0.0393277550649
3.2330454399 332 3.17806343493 0.0549820049765 0.008 0.001 0.0459820049765
3.2410454399 333 3.17881736075 0.0622280791471 0.008 0.001 0.0532280791471
3.2490454399 334 3.18121298779 0.067832452112 0.008 0.001 0.058832452112
3.2570454399 335 3.18981603347 0.0672294064357 0.008 0.001 0.0582294064357
3.2650454399 336 3.20014802378 0.0648974161173 0.008 0.001 0.0558974161173
3.2730454399 337 3.20788097881 0.0651644610968 0.008 0.001 0.0561644610968
3.2810454399 338 3.22134378497 0.0597016549275 0.008 0.001 0.0507016549275
3.2890454399 339 3.22743848202 0.0616069578859 0.008 0.001 0.0526069578859
3.2970454399 340 3.24476544951 0.052279990392 0.008 0.001 0.043279990392
3.3050454399 341 3.25782318297 0.04722225693 0.008 0.001 0.03822225693
3.3130454399 342 3.25873642811 0.0543090117945 0.008 0.001 0.0453090117945
3.3210454399 343 3.25894041231 0.0621050275925 0.008 0.001 0.0531050275925
3.3290454399 344 3.26824638066 0.060799059245 0.008 0.001 0.051799059245
3.3370454399 345 3.27345631309 0.0635891268098 0.008 0.001 0.0545891268098
3.3450454399 346 3.27346860575 0.0715768341487 0.008 0.001 0.0625768341487
3.3530454399 347 3.27598303049 0.0770624094072 0.008 0.001 0.0680624094072
3.3610454399 348 3.28071666281 0.0803287770899 0.008 0.001 0.0713287770899
3.3690454399 349 3.28857797766 0.0804674622371 0.008 0.001 0.0714674622371
3.3770454399 350 3.29445093032 0.0825945095867 0.008 0.001 0.0735945095867
3.3850454399 351 3.29973290103 0.0853125388675 0.008 0.001 0.0763125388675
3.3930454399 352 3.3212650019 0.0717804380054 0.008 0.001 0.0627804380054
3.4010454399 353 3.3293843623 0.0716610776017 0.008 0.001 0.0626610776017
3.4090454399 354 3.33645928997 0.072586149936 0.008 0.001 0.063586149936
3.4170454399 355 3.35055140796 0.0664940319398 0.008 0.001 0.0574940319398
3.4250454399 356 3.39152624985 0.0335191900491 0.008 0.001 0.0245191900491
3.4330454399 357 3.40816098686 0.0248844530434 0.008 0.001 0.0158844530434
3.4410454399 358 3.42799239983 0.0130530400729 0.008 0.001 0.00405304007294
3.45910752411 359 3.45010752411 0.009 0.008 0.001 0.0
3.46710752411 360 3.45226217297 0.0148453511411 0.008 0.001 0.00584535114112
3.47510752411 361 3.46065563755 0.0144518865669 0.008 0.001 0.00545188656691
3.48310752411 362 3.46384447276 0.0192630513492 0.008 0.001 0.0102630513492
3.49110752411 363 3.46677487824 0.0243326458733 0.008 0.001 0.0153326458733
3.49910752411 364 3.46807044838 0.0310370757342 0.008 0.001 0.0220370757342
3.50710752411 365 3.46857773756 0.0385297865555 0.008 0.001 0.0295297865555
3.51510752411 366 3.50066457932 0.0144429447914 0.008 0.001 0.00544294479143
3.52310752411 367 3.50285515845 0.0202523656626 0.008 0.001 0.0112523656626
3.53110752411 368 3.51184915984 0.0192583642691 0.008 0.001 0.0102583642691
3.53910752411 369 3.51658872856 0.0225187955547 0.008 0.001 0.0135187955547
3.54710752411 370 3.51852394194 0.0285835821725 0.008 0.001 0.0195835821725
3.55510752411 371 3.51929788037 0.0358096437404 0.008 0.001 0.0268096437404
3.56310752411 372 3.55028169619 0.0128258279209 0.008 0.001 0.00382582792088
3.57110752411 373 3.55990944823 0.0111980758825 0.008 0.001 0.00219807588245
3.57910752411 374 3.56551481359 0.0135927105197 0.008 0.001 0.00459271051974
3.59603790349 375 3.58703790349 0.009 0.008 0.001 0.0
3.60403790349 376 3.59401525992 0.0100226435708 0.008 0.001 0.00102264357081
3.61219114285 377 3.60319114285 0.009 0.008 0.001 0.0
3.62019114285 378 3.61004477052 0.0101463723363 0.008 0.001 0.00114637233632
3.62819114285 379 3.61405236963 0.0141387732219 0.008 0.001 0.00513877322193
3.63619114285 380 3.61760629261 0.0185848502409 0.008 0.001 0.00958485024095
3.64419114285 381 3.62091814742 0.0232729954338 0.008 0.001 0.0142729954338
3.66249784861 382 3.65349784861 0.009 0.008 0.001 0.0
3.67049784861 383 3.65952043486 0.0109774137485 0.008 0.001 0.00197741374851
3.67849784861 384 3.66199362502 0.0165042235873 0.008 0.001 0.00750422358729
3.68649784861 385 3.66978375149 0.0167140971114 0.008 0.001 0.00771409711138
3.69449784861 386 3.67394661822 0.0205512303832 0.008 0.001 0.0115512303832
3.70249784861 387 3.67588299115 0.0266148574505 0.008 0.001 0.0176148574505
3.71049784861 388 3.68160486654 0.0288929820695 0.008 0.001 0.0198929820695
3.71849784861 389 3.69494756681 0.0235502817994 0.008 0.001 0.0145502817994
3.72649784861 390 3.70524797416 0.0212498744483 0.008 0.001 0.0122498744483
3.73449784861 391 3.70872033059 0.0257775180176 0.008 0.001 0.0167775180176
3.74249784861 392 3.71164302711 0.0308548214986 0.008 0.001 0.0218548214986
3.75049784861 393 3.71491816821 0.0355796803911 0.008 0.001 0.0265796803911
3.75849784861 394 3.71619413841 0.0423037101981 0.008 0.001 0.0333037101981
3.76649784861 395 3.72207205653 0.044425792074 0.008 0.001 0.035425792074
3.77449784861 396 3.7439628625 0.0305349861084 0.008 0.001 0.0215349861084
3.78249784861 397 3.76428871547 0.0182091331366 0.008 0.001 0.00920913313657
3.79049784861 398 3.77779370427 0.0127041443385 0.008 0.001 0.00370414433848
3.81470819022 399 3.80570819022 0.009 0.008 0.001 0.0
3.83503790095 400 3.82603790095 0.009 0.008 0.001 0.0
3.84303790095 401 3.8267790133 0.0162588876511 0.008 0.001 0.00725888765112
3.85103790095 402 3.82997164915 0.0210662518017 0.008 0.001 0.0120662518017
3.85903790095 403 3.84082130089 0.0182166000583 0.008 0.001 0.00921660005827
3.86703790095 404 3.84230680046 0.0247311004895 0.008 0.001 0.0157311004895
3.87503790095 405 3.84376415813 0.0312737428145 0.008 0.001 0.0222737428145
3.88303790095 406 3.85401322739 0.0290246735572 0.008 0.001 0.0200246735572
3.89103790095 407 3.87058314683 0.0204547541208 0.008 0.001 0.0114547541208
3.89903790095 408 3.87265628746 0.0263816134857 0.008 0.001 0.0173816134857
3.90703790095 409 3.87947648711 0.0275614138384 0.008 0.001 0.0185614138384
3.91503790095 410 3.88527033734 0.0297675636041 0.008 0.001 0.0207675636041
3.92303790095 411 3.88598190258 0.037055998371 0.008 0.001 0.028055998371
3.93103790095 412 3.90267728032 0.0283606206265 0.008 0.001 0.0193606206265
3.93903790095 413 3.91301892391 0.0260189770399 0.008 0.001 0.0170189770399
3.94703790095 414 3.91569936122 0.0313385397267 0.008 0.001 0.0223385397267
3.95503790095 415 3.91708037752 0.0379575234273 0.008 0.001 0.0289575234273
3.96303790095 416 3.9231741633 0.03986373765 0.008 0.001 0.03086373765
3.97103790095 417 3.92823516423 0.0428027367151 0.008 0.001 0.0338027367151
3.97903790095 418 3.93078471019 0.0482531907554 0.008 0.001 0.0392531907554
3.98703790095 419 3.93972390386 0.0473139970915 0.008 0.001 0.0383139970915
3.99503790095 420 3.96652304321 0.0285148577409 0.008 0.001 0.0195148577409
4.00303790095 421 3.97325295012 0.0297849508323 0.008 0.001 0.0207849508323
4.01103790095 422 3.97927676939 0.0317611315613 0.008 0.001 0.0227611315613
4.01903790095 423 3.99583564061 0.0232022603329 0.008 0.001 0.0142022603329
4.02703790095 424 4.00629395305 0.020743947902 0.008 0.001 0.011743947902
4.03503790095 425 4.02122888536 0.0138090155845 0.008 0.001 0.0048090155845
4.04303790095 426 4.02204915364 0.0209887473093 0.008 0.001 0.0119887473093
4.05103790095 427 4.02413077558 0.0269071253681 0.008 0.001 0.0179071253681
4.05903790095 428 4.03200912246 0.0270287784884 0.008 0.001 0.0180287784884
4.06703790095 429 4.04401767042 0.0230202305255 0.008 0.001 0.0140202305255
4.07503790095 430 4.04580531318 0.0292325877655 0.008 0.001 0.0202325877655
4.08303790095 431 4.05276119245 0.0302767085011 0.008 0.001 0.0212767085011
4.09103790095 432 4.05560129946 0.0354366014905 0.008 0.001 0.0264366014905
4.09903790095 433 4.05720671096 0.0418311899894 0.008 0.001 0.0328311899894
4.10703790095 434 4.06238196753 0.0446559334193 0.008 0.001 0.0356559334193
4.11503790095 435 4.06596520739 0.0490726935557 0.008 0.001 0.0400726935557
4.12303790095 436 4.07301684269 0.0500210582531 0.008 0.001 0.0410210582531
4.13103790095 437 4.11737601093 0.0136618900142 0.008 0.001 0.00466189001422
4.15139919895 438 4.14239919895 0.009 0.008 0.001 0.0
4.15939919895 439 4.14609491793 0.0133042810145 0.008 0.001 0.00430428101446
4.16739919895 440 4.1518911016 0.015508097342 0.008 0.001 0.006508097342
4.17539919895 441 4.15912622698 0.0162729719614 0.008 0.001 0.00727297196136
4.18339919895 442 4.1716863936 0.0117128053454 0.008 0.001 0.00271280534542
4.19139919895 443 4.18024894309 0.0111502558548 0.008 0.001 0.00215025585485
4.20786138341 444 4.19886138341 0.009 0.008 0.001 0.0
4.21586138341 445 4.19977034272 0.0160910406924 0.008 0.001 0.00709104069235
4.22386138341 446 4.20209173257 0.0217696508389 0.008 0.001 0.0127696508389
4.23186138341 447 4.2082257879 0.0236355955131 0.008 0.001 0.0146355955131
4.23986138341 448 4.21614375847 0.0237176249423 0.008 0.001 0.0147176249423
4.24786138341 449 4.22405627879 0.0238051046205 0.008 0.001 0.0148051046205
4.25586138341 450 4.22958881144 0.0262725719674 0.008 0.001 0.0172725719674
4.26386138341 451 4.24174561305 0.0221157703624 0.008 0.001 0.0131157703624
4.27186138341 452 4.25567797448 0.0161834089239 0.008 0.001 0.00718340892387
4.27986138341 453 4.26587264127 0.0139887421388 0.008 0.001 0.00498874213879
4.28786138341 454 4.27103983455 0.0168215488551 0.008 0.001 0.00782154885513
4.30889863818 455 4.29989863818 0.009 0.008 0.001 0.0
4.31981236301 456 4.31081236301 0.009 0.008 0.001 0.0
4.34004926502 457 4.33104926502 0.009 0.008 0.001 0.0
4.36871284432 458 4.35971284432 0.009 0.008 0.001 0.0
4.37671284432 459 4.36353185522 0.0131809890988 0.008 0.001 0.00418098909881
4.38471284432 460 4.36990520197 0.0148076423495 0.008 0.001 0.00580764234951
4.40484753524 461 4.39584753524 0.009 0.008 0.001 0.0
4.41284753524 462 4.39834016343 0.0145073718069 0.008 0.001 0.00550737180687
4.43496390686 463 4.42596390686 0.009 0.008 0.001 0.0
4.44296390686 464 4.4304024528 0.0125614540546 0.008 0.001 0.00356145405457
4.45096390686 465 4.43080737298 0.0201565338798 0.008 0.001 0.0111565338798
4.45896390686 466 4.43369994491 0.0252639619431 0.008 0.001 0.0162639619431
4.46696390686 467 4.43859157401 0.0283723328424 0.008 0.001 0.0193723328424
4.47496390686 468 4.45995032144 0.0150135854132 0.008 0.001 0.00601358541324
4.48296390686 469 4.46385156755 0.0191123393081 0.008 0.001 0.0101123393081
4.49096390686 470 4.4718158126 0.0191480942605 0.008 0.001 0.0101480942605
4.49896390686 471 4.47214568858 0.026818218275 0.008 0.001 0.017818218275
4.50696390686 472 4.47667181986 0.0302920869942 0.008 0.001 0.0212920869942
4.51496390686 473 4.48604833353 0.0289155733279 0.008 0.001 0.0199155733279
4.52296390686 474 4.49006732679 0.0328965800648 0.008 0.001 0.0238965800648
4.53096390686 475 4.49554135711 0.0354225497485 0.008 0.001 0.0264225497485
4.53896390686 476 4.51127044935 0.0276934575065 0.008 0.001 0.0186934575065
4.54696390686 477 4.51419612661 0.0327677802486 0.008 0.001 0.0237677802486
4.55496390686 478 4.533306145 0.0216577618533 0.008 0.001 0.0126577618533
4.56296390686 479 4.54162945966 0.0213344471931 0.008 0.001 0.0123344471931
4.57114417008 480 4.56214417008 0.009 0.008 0.001 0.0
4.58803650012 481 4.57903650012 0.009 0.008 0.001 0.0
4.59603650012 482 4.58631173842 0.00972476170001 0.008 0.001 0.000724761700005
4.62444475654 483 4.61544475654 0.009 0.008 0.001 0.0
4.63262167502 484 4.62362167502 0.009 0.008 0.001 0.0
4.64062167502 485 4.62396597547 0.0166556995551 0.008 0.001 0.00765569955509
4.64862167502 486 4.62529879166 0.0233228833644 0.008 0.001 0.0143228833644
4.65662167502 487 4.63160443099 0.0250172440318 0.008 0.001 0.0160172440318
4.68375107038 488 4.67475107038 0.009 0.008 0.001 0.0
4.69175107038 489 4.68006682387 0.0116842465093 0.008 0.001 0.00268424650934
4.69975107038 490 4.68413768735 0.0156133830352 0.008 0.001 0.00661338303517
4.70775107038 491 4.68527025268 0.0224808176987 0.008 0.001 0.0134808176987
4.71575107038 492 4.69013336773 0.0256177026467 0.008 0.001 0.0166177026467
4.72375107038 493 4.69622262918 0.0275284412037 0.008 0.001 0.0185284412037
4.73175107038 494 4.70091901197 0.0308320584107 0.008 0.001 0.0218320584107
4.73975107038 495 4.70392261753 0.0358284528545 0.008 0.001 0.0268284528545
4.74775107038 496 4.70753811491 0.0402129554668 0.008 0.001 0.0312129554668
4.75575107038 497 4.72158798428 0.0341630861047 0.008 0.001 0.0251630861047
4.76375107038 498 4.7279216775 0.0358293928844 0.008 0.001 0.0268293928844
4.77175107038 499 4.74534780449 0.0264032658928 0.008 0.001 0.0174032658928
4.77975107038 500 4.7669800497 0.0127710206822 0.008 0.001 0.00377102068222
4.78775107038 501 4.77030770196 0.0174433684166 0.008 0.001 0.00844336841663
4.79575107038 502 4.78333295154 0.0124181188451 0.008 0.001 0.00341811884506
4.80375107038 503 4.79146125525 0.0122898151307 0.008 0.001 0.00328981513073
4.81302096471 504 4.80402096471 0.009 0.008 0.001 0.0
4.82102096471 505 4.80537733564 0.0156436290705 0.008 0.001 0.0066436290705
4.82902096471 506 4.80958298227 0.0194379824435 0.008 0.001 0.0104379824435
4.83702096471 507 4.82076629723 0.0162546674811 0.008 0.001 0.00725466748108
4.84601803219 508 4.83701803219 0.009 0.008 0.001 0.0
4.85401803219 509 4.84309554264 0.0109224895518 0.008 0.001 0.00192248955175
4.86201803219 510 4.84355931678 0.0184587154133 0.008 0.001 0.00945871541335
4.8753396352 511 4.8663396352 0.009 0.008 0.001 0.0
4.88543432313 512 4.87643432313 0.009 0.008 0.001 0.0
4.89343432313 513 4.88384922402 0.009585099117 0.008 0.001 0.000585099117004
4.90143432313 514 4.88408934462 0.0173449785156 0.008 0.001 0.00834497851565
4.91383906409 515 4.90483906409 0.009 0.008 0.001 0.0
4.92183906409 516 4.90884670552 0.0129923585649 0.008 0.001 0.00399235856486
4.9321366941 517 4.9231366941 0.009 0.008 0.001 0.0
4.96163652727 518 4.95263652727 0.009 0.008 0.001 0.0
4.96963652727 519 4.95849418134 0.0111423459285 0.008 0.001 0.00214234592848
4.97763652727 520 4.96034156326 0.0172949640114 0.008 0.001 0.00829496401137
4.98563652727 521 4.96591555397 0.0197209733004 0.008 0.001 0.0107209733004
4.99363652727 522 4.97137225916 0.022264268113 0.008 0.001 0.013264268113
5.00163652727 523 4.9735691528 0.0280673744748 0.008 0.001 0.0190673744748
5.00963652727 524 4.98068031229 0.0289562149786 0.008 0.001 0.0199562149786
5.01763652727 525 4.98717970832 0.0304568189507 0.008 0.001 0.0214568189507
5.02563652727 526 4.9887053608 0.0369311664686 0.008 0.001 0.0279311664686
5.05044328931 527 5.04144328931 0.009 0.008 0.001 0.0
5.06222053728 528 5.05322053728 0.009 0.008 0.001 0.0
5.07022053728 529 5.05687543719 0.0133451000931 0.008 0.001 0.00434510009307
5.07955829288 530 5.07055829288 0.009 0.008 0.001 0.0
5.09411492221 531 5.08511492221 0.009 0.008 0.001 0.0
5.10211492221 532 5.08917665444 0.0129382677687 0.008 0.001 0.00393826776869
5.11487984017 533 5.10587984017 0.009 0.008 0.001 0.0
5.12287984017 534 5.10688717748 0.0159926626911 0.008 0.001 0.00699266269107
5.13087984017 535 5.11862877245 0.0122510677206 0.008 0.001 0.00325106772058
5.13887984017 536 5.11986984142 0.0190099987532 0.008 0.001 0.0100099987532
5.16025060289 537 5.15125060289 0.009 0.008 0.001 0.0
5.16825060289 538 5.15779607177 0.0104545311156 0.008 0.001 0.00145453111564
5.18478009286 539 5.17578009286 0.009 0.008 0.001 0.0
5.19278009286 540 5.18254624644 0.0102338464249 0.008 0.001 0.00123384642487
5.20078009286 541 5.18370519818 0.017074894677 0.008 0.001 0.00807489467702
5.23899634274 542 5.22999634274 0.009 0.008 0.001 0.0
5.24699634274 543 5.23189467695 0.0151016657844 0.008 0.001 0.00610166578438
5.25499634274 544 5.23209107338 0.0229052693582 0.008 0.001 0.0139052693582
5.26299634274 545 5.24299562139 0.0200007213477 0.008 0.001 0.0110007213477
5.27099634274 546 5.24501082149 0.0259855212501 0.008 0.001 0.0169855212501
5.27899634274 547 5.24537898843 0.0336173543063 0.008 0.001 0.0246173543063
5.28699634274 548 5.25067436455 0.0363219781831 0.008 0.001 0.0273219781831
5.29499634274 549 5.26170350578 0.0332928369559 0.008 0.001 0.0242928369559
5.30299634274 550 5.26686943403 0.0361269087121 0.008 0.001 0.0271269087121
5.31725628928 551 5.30825628928 0.009 0.008 0.001 0.0
5.32525628928 552 5.31592353871 0.00933275056437 0.008 0.001 0.000332750564373
5.33325628928 553 5.32131332643 0.0119429628444 0.008 0.001 0.00294296284445
5.34125628928 554 5.33196830319 0.00928798608781 0.008 0.001 0.000287986087813
5.3719191485 555 5.3629191485 0.009 0.008 0.001 0.0
5.3799191485 556 5.36620200669 0.0137171418074 0.008 0.001 0.00471714180737
5.3879191485 557 5.36774678557 0.0201723629291 0.008 0.001 0.0111723629291
5.3959191485 558 5.37961271926 0.0163064292329 0.008 0.001 0.00730642923286
5.41082404553 559 5.40182404553 0.009 0.008 0.001 0.0
5.41882404553 560 5.40693196421 0.0118920813201 0.008 0.001 0.00289208132012
5.42682404553 561 5.40892908365 0.0178949618826 0.008 0.001 0.00889496188256
5.43482404553 562 5.41194168077 0.0228823647583 0.008 0.001 0.0138823647583
5.44282404553 563 5.41397282539 0.0288512201424 0.008 0.001 0.0198512201424
5.45096861913 564 5.44196861913 0.009 0.008 0.001 0.0
5.48121562161 565 5.47221562161 0.009 0.008 0.001 0.0
5.50195587263 566 5.49295587263 0.009 0.008 0.001 0.0
5.54127756009 567 5.53227756009 0.009 0.008 0.001 0.0
5.54927756009 568 5.53775134341 0.0115262166729 0.008 0.001 0.0025262166729
5.55727756009 569 5.53783726401 0.019440296071 0.008 0.001 0.010440296071
5.56527756009 570 5.54749435805 0.0177832020401 0.008 0.001 0.0087832020401
5.57327756009 571 5.54776701236 0.0255105477238 0.008 0.001 0.0165105477238
5.58127756009 572 5.55149319903 0.0297843610573 0.008 0.001 0.0207843610573
5.58927756009 573 5.5699712554 0.0193063046892 0.008 0.001 0.0103063046892
5.59727756009 574 5.57663464429 0.0206429157951 0.008 0.001 0.0116429157951
5.60527756009 575 5.59320230632 0.012075253766 0.008 0.001 0.00307525376603
5.61327756009 576 5.59467208491 0.0186054751782 0.008 0.001 0.00960547517819
5.64317778521 577 5.63417778521 0.009 0.008 0.001 0.0
5.65529198853 578 5.64629198853 0.009 0.008 0.001 0.0
5.69250721727 579 5.68350721727 0.009 0.008 0.001 0.0
5.70050721727 580 5.68452079419 0.0159864230775 0.008 0.001 0.00698642307748
5.70850721727 581 5.68499951719 0.0235077000802 0.008 0.001 0.0145077000802
5.71650721727 582 5.69165883853 0.0248483787399 0.008 0.001 0.0158483787399
5.72450721727 583 5.70334376181 0.0211634554646 0.008 0.001 0.0121634554646
5.75340580609 584 5.74440580609 0.009 0.008 0.001 0.0
5.77496942359 585 5.76596942359 0.009 0.008 0.001 0.0
5.78296942359 586 5.76609029123 0.0168791323594 0.008 0.001 0.0078791323594
5.79096942359 587 5.78072008904 0.010249334551 0.008 0.001 0.00124933455096
5.79896942359 588 5.78897226329 0.00999716029643 0.008 0.001 0.000997160296425
5.80830818119 589 5.79930818119 0.009 0.008 0.001 0.0
5.8328027017 590 5.8238027017 0.009 0.008 0.001 0.0
5.8408027017 591 5.82401480659 0.0167878951022 0.008 0.001 0.00778789510221
5.8488027017 592 5.83180343772 0.0169992639728 0.008 0.001 0.00799926397278
5.8568027017 593 5.8332874562 0.0235152454921 0.008 0.001 0.0145152454921
5.8648027017 594 5.84034961128 0.0244530904182 0.008 0.001 0.0154530904182
5.8728027017 595 5.8408813283 0.0319213733911 0.008 0.001 0.0229213733911
5.8808027017 596 5.84444372975 0.0363589719456 0.008 0.001 0.0273589719456
5.8888027017 597 5.84459149371 0.0442112079839 0.008 0.001 0.0352112079839
5.8968027017 598 5.85058365398 0.0462190477117 0.008 0.001 0.0372190477117
5.9048027017 599 5.86671246642 0.0380902352782 0.008 0.001 0.0290902352782
5.9128027017 600 5.88667293168 0.0261297700168 0.008 0.001 0.0171297700168
5.9208027017 601 5.89014090458 0.0306617971195 0.008 0.001 0.0216617971195
5.9288027017 602 5.89732547899 0.0314772227043 0.008 0.001 0.0224772227043
5.9368027017 603 5.90886394442 0.0279387572755 0.008 0.001 0.0189387572755
5.9448027017 604 5.93044051829 0.0143621834024 0.008 0.001 0.00536218340237
5.9528027017 605 5.93509583176 0.0177068699318 0.008 0.001 0.0087068699318
5.9608027017 606 5.93648735539 0.024315346306 0.008 0.001 0.015315346306
5.9688027017 607 5.94179936621 0.0270033354869 0.008 0.001 0.0180033354869
5.9768027017 608 5.94712539549 0.0296773062033 0.008 0.001 0.0206773062033
5.9848027017 609 5.96001225885 0.0247904428444 0.008 0.001 0.0157904428444
5.9928027017 610 5.96330607192 0.0294966297797 0.008 0.001 0.0204966297797
6.0008027017 611 5.96466631623 0.0361363854653 0.008 0.001 0.0271363854653
6.0088027017 612 5.980072731 0.0287299706933 0.008 0.001 0.0197299706933
6.0168027017 613 5.98277882019 0.0340238815084 0.008 0.001 0.0250238815084
6.0248027017 614 5.98306651914 0.0417361825517 0.008 0.001 0.0327361825517
6.0328027017 615 6.02005793031 0.0127447713888 0.008 0.001 0.00374477138883
6.0408027017 616 6.02174394551 0.0190587561908 0.008 0.001 0.0100587561908
6.05008435736 617 6.04108435736 0.009 0.008 0.001 0.0
6.05808435736 618 6.04855366219 0.00953069517136 0.008 0.001 0.000530695171364
6.07509013793 619 6.06609013793 0.009 0.008 0.001 0.0
6.08309013793 620 6.06952892164 0.0135612162957 0.008 0.001 0.00456121629568
6.09109013793 621 6.07154527568 0.0195448622511 0.008 0.001 0.0105448622511
6.09909013793 622 6.0724063159 0.0266838220332 0.008 0.001 0.0176838220332
6.10709013793 623 6.09139058981 0.0156995481245 0.008 0.001 0.00669954812448
6.11692015573 624 6.10792015573 0.009 0.008 0.001 0.0
6.12566294325 625 6.11666294325 0.009 0.008 0.001 0.0
6.13366294325 626 6.12048370245 0.0131792408007 0.008 0.001 0.00417924080073
6.14166294325 627 6.12752826638 0.0141346768703 0.008 0.001 0.00513467687034
6.16453483405 628 6.15553483405 0.009 0.008 0.001 0.0
6.18167324766 629 6.17267324766 0.009 0.008 0.001 0.0
6.18967324766 630 6.17571214656 0.0139611011015 0.008 0.001 0.00496110110152
6.19767324766 631 6.18467362667 0.0129996209882 0.008 0.001 0.00399962098818
6.20567324766 632 6.1909515737 0.014721673963 0.008 0.001 0.00572167396302
6.21367324766 633 6.19220722329 0.0214660243754 0.008 0.001 0.0124660243754
6.22167324766 634 6.19682411987 0.0248491277907 0.008 0.001 0.0158491277907
6.22967324766 635 6.20128827785 0.0283849698135 0.008 0.001 0.0193849698135
6.23767324766 636 6.20891193818 0.0287613094792 0.008 0.001 0.0197613094792
6.24567324766 637 6.20971016999 0.0359630776669 0.008 0.001 0.0269630776669
6.25367324766 638 6.21105615316 0.0426170944966 0.008 0.001 0.0336170944966
6.26167324766 639 6.21156817249 0.0501050751686 0.008 0.001 0.0411050751686
6.26967324766 640 6.23568604213 0.0339872055304 0.008 0.001 0.0249872055304
6.27767324766 641 6.2533833758 0.0242898718572 0.008 0.001 0.0152898718572
6.28567324766 642 6.27394421725 0.0117290304073 0.008 0.001 0.00272903040729
6.31404406758 643 6.30504406758 0.009 0.008 0.001 0.0
6.33225209337 644 6.32325209337 0.009 0.008 0.001 0.0
6.34025209337 645 6.3242232541 0.01602883927 0.008 0.001 0.00702883927001
6.34825209337 646 6.32532614221 0.0229259511609 0.008 0.001 0.0139259511609
6.35721057735 647 6.34821057735 0.009 0.008 0.001 0.0
6.36521057735 648 6.35464640116 0.0105641761856 0.008 0.001 0.00156417618563
6.37321057735 649 6.3551165283 0.0180940490537 0.008 0.001 0.00909404905369
6.38121057735 650 6.35755830761 0.0236522697344 0.008 0.001 0.0146522697344
6.38921057735 651 6.37039530113 0.0188152762167 0.008 0.001 0.00981527621666
6.39721057735 652 6.37112602596 0.0260845513873 0.008 0.001 0.0170845513873
6.40521057735 653 6.39442809829 0.0107824790605 0.008 0.001 0.00178247906054
6.41321057735 654 6.39917819932 0.0140323780316 0.008 0.001 0.0050323780316
6.42329753491 655 6.41429753491 0.009 0.008 0.001 0.0
6.43129753491 656 6.41552295452 0.0157745803944 0.008 0.001 0.00677458039443
6.45041733946 657 6.44141733946 0.009 0.008 0.001 0.0
6.45841733946 658 6.44255094355 0.0158663959157 0.008 0.001 0.00686639591568
6.46641733946 659 6.4462996248 0.0201177146597 0.008 0.001 0.0111177146597
6.47441733946 660 6.45302877913 0.0213885603366 0.008 0.001 0.0123885603366
6.48241733946 661 6.45359105488 0.0288262845792 0.008 0.001 0.0198262845792
6.49041733946 662 6.46444294555 0.025974393917 0.008 0.001 0.016974393917
6.49841733946 663 6.4663498081 0.0320675313593 0.008 0.001 0.0230675313593
6.50641733946 664 6.46779900422 0.0386183352439 0.008 0.001 0.0296183352439
6.51441733946 665 6.48400999571 0.0304073437498 0.008 0.001 0.0214073437498
6.52241733946 666 6.48751906124 0.0348982782222 0.008 0.001 0.0258982782222
6.53041733946 667 6.49052237231 0.0398949671536 0.008 0.001 0.0308949671536
6.53841733946 668 6.49423280197 0.0441845374938 0.008 0.001 0.0351845374938
6.54641733946 669 6.49435901018 0.0520583292811 0.008 0.001 0.0430583292811
6.55441733946 670 6.51320216662 0.0412151728392 0.008 0.001 0.0322151728392
6.56241733946 671 6.51460345497 0.0478138844903 0.008 0.001 0.0388138844903
6.57041733946 672 6.51478931593 0.0556280235292 0.008 0.001 0.0466280235292
6.57841733946 673 6.51938414949 0.059033189975 0.008 0.001 0.050033189975
6.58641733946 674 6.55712714709 0.0292901923739 0.008 0.001 0.0202901923739
6.59441733946 675 6.56301824305 0.0313990964165 0.008 0.001 0.0223990964165
6.60241733946 676 6.56702224198 0.0353950974808 0.008 0.001 0.0263950974808
6.61041733946 677 6.57065003927 0.0397673001934 0.008 0.001 0.0307673001934
6.61841733946 678 6.57463681664 0.0437805228245 0.008 0.001 0.0347805228245
6.62641733946 679 6.57711892929 0.0492984101779 0.008 0.001 0.0402984101779
6.63441733946 680 6.60238211029 0.0320352291695 0.008 0.001 0.0230352291695
6.64241733946 681 6.61405219921 0.0283651402527 0.008 0.001 0.0193651402527
6.65041733946 682 6.62086602052 0.0295513189449 0.008 0.001 0.0205513189449
6.65841733946 683 6.62112833005 0.0372890094135 0.008 0.001 0.0282890094135
6.66641733946 684 6.6423922937 0.0240250457596 0.008 0.001 0.0150250457596
6.67441733946 685 6.65337502741 0.0210423120563 0.008 0.001 0.0120423120563
6.68241733946 686 6.67306717645 0.00935016301556 0.008 0.001 0.00035016301556
6.69041733946 687 6.67447643605 0.015940903412 0.008 0.001 0.00694090341199
6.69841733946 688 6.67697483463 0.0214425048371 0.008 0.001 0.0124425048371
6.7112170098 689 6.7022170098 0.009 0.008 0.001 0.0
6.73689539583 690 6.72789539583 0.009 0.008 0.001 0.0
6.75539441632 691 6.74639441632 0.009 0.008 0.001 0.0
6.76339441632 692 6.75340991531 0.00998450101544 0.008 0.001 0.000984501015438
6.77579754601 693 6.76679754601 0.009 0.008 0.001 0.0
6.78379754601 694 6.76681113946 0.0169864065478 0.008 0.001 0.00798640654777
6.79179754601 695 6.77450289369 0.0172946523185 0.008 0.001 0.00829465231853
6.79979754601 696 6.78911785671 0.0106796893071 0.008 0.001 0.00167968930708
6.80779754601 697 6.79214341866 0.0156541273556 0.008 0.001 0.00665412735562
6.83181339615 698 6.82281339615 0.009 0.008 0.001 0.0
6.83981339615 699 6.82613631165 0.0136770844977 0.008 0.001 0.00467708449773
6.84781339615 700 6.83857057902 0.00924281712903 0.008 0.001 0.000242817129028
6.86607331458 701 6.85707331458 0.009 0.008 0.001 0.0
6.87407331458 702 6.85982597037 0.0142473442118 0.008 0.001 0.00524734421177
6.88207331458 703 6.86687932244 0.0151939921378 0.008 0.001 0.00619399213782
6.89007331458 704 6.87323674637 0.0168365682027 0.008 0.001 0.00783656820275
6.89807331458 705 6.87388432632 0.0241889882555 0.008 0.001 0.0151889882555
6.90607331458 706 6.87423160505 0.0318417095321 0.008 0.001 0.0228417095321
6.91407331458 707 6.87484247473 0.0392308398512 0.008 0.001 0.0302308398512
6.92207331458 708 6.8955255409 0.0265477736817 0.008 0.001 0.0175477736817
6.93007331458 709 6.91282913112 0.0172441834573 0.008 0.001 0.00824418345725
6.93807331458 710 6.92175084838 0.0163224661989 0.008 0.001 0.00732246619885
6.94607331458 711 6.927777172 0.0182961425802 0.008 0.001 0.00929614258024
6.95769716583 712 6.94869716583 0.009 0.008 0.001 0.0
6.96569716583 713 6.94930151284 0.0163956529941 0.008 0.001 0.00739565299406
6.97369716583 714 6.95346782991 0.0202293359172 0.008 0.001 0.0112293359172
6.98169716583 715 6.95779691407 0.0239002517594 0.008 0.001 0.0149002517594
6.98969716583 716 6.96394763211 0.0257495337158 0.008 0.001 0.0167495337158
6.99769716583 717 6.97239843541 0.025298730425 0.008 0.001 0.016298730425
7.00569716583 718 6.99489659914 0.0108005666906 0.008 0.001 0.00180056669062
7.01369716583 719 6.99623119719 0.0174659686381 0.008 0.001 0.00846596863813
7.02169716583 720 6.99771456532 0.0239826005121 0.008 0.001 0.0149826005121
7.02969716583 721 7.01324225905 0.016454906783 0.008 0.001 0.00745490678302
7.03769716583 722 7.01799276064 0.0197044051934 0.008 0.001 0.0107044051934
7.04569716583 723 7.0293351795 0.0163619863314 0.008 0.001 0.00736198633138
7.05369716583 724 7.03381508607 0.0198820797582 0.008 0.001 0.0108820797582
7.06169716583 725 7.03577157153 0.0259255942958 0.008 0.001 0.0169255942958
7.06969716583 726 7.0373334788 0.0323636870354 0.008 0.001 0.0233636870354
7.07769716583 727 7.05898977693 0.0187073889025 0.008 0.001 0.00970738890253
7.08569716583 728 7.06061391364 0.0250832521919 0.008 0.001 0.0160832521919
7.12496907216 729 7.11596907216 0.009 0.008 0.001 0.0
7.13296907216 730 7.12207500522 0.010894066934 0.008 0.001 0.00189406693405
7.14096907216 731 7.12271299686 0.0182560752994 0.008 0.001 0.00925607529939
7.14896907216 732 7.12893225782 0.020036814333 0.008 0.001 0.011036814333
7.15696907216 733 7.13572191028 0.0212471618811 0.008 0.001 0.0122471618811
7.16496907216 734 7.13811030758 0.0268587645803 0.008 0.001 0.0178587645803
7.17660462548 735 7.16760462548 0.009 0.008 0.001 0.0
7.18460462548 736 7.16854423168 0.0160603937989 0.008 0.001 0.00706039379892
7.19260462548 737 7.17497149564 0.0176331298419 0.008 0.001 0.00863312984189
7.20060462548 738 7.17928000995 0.0213246155319 0.008 0.001 0.0123246155319
7.20860462548 739 7.18569353467 0.0229110908073 0.008 0.001 0.0139110908073
7.21660462548 740 7.1877101515 0.0288944739794 0.008 0.001 0.0198944739794
7.22460462548 741 7.20344275264 0.0211618728428 0.008 0.001 0.0121618728428
7.23260462548 742 7.20353653045 0.0290680950281 0.008 0.001 0.0200680950281
7.24060462548 743 7.20915570586 0.0314489196233 0.008 0.001 0.0224489196233
7.24860462548 744 7.21908668567 0.0295179398062 0.008 0.001 0.0205179398062
7.25660462548 745 7.22228242023 0.0343222052496 0.008 0.001 0.0253222052496
7.26460462548 746 7.22380971922 0.0407949062638 0.008 0.001 0.0317949062638
7.27260462548 747 7.22814552595 0.0444590995242 0.008 0.001 0.0354590995242
7.28060462548 748 7.24733216617 0.033272459307 0.008 0.001 0.024272459307
7.28860462548 749 7.25076928083 0.0378353446476 0.008 0.001 0.0288353446476
7.29660462548 750 7.25328265852 0.0433219669553 0.008 0.001 0.0343219669553
7.30460462548 751 7.26502660636 0.0395780191162 0.008 0.001 0.0305780191162
7.31260462548 752 7.26770866025 0.0448959652299 0.008 0.001 0.0358959652299
7.32060462548 753 7.26964037834 0.0509642471429 0.008 0.001 0.0419642471429
7.32860462548 754 7.28492726819 0.0436773572857 0.008 0.001 0.0346773572857
7.33660462548 755 7.29552916176 0.0410754637188 0.008 0.001 0.0320754637188
7.34460462548 756 7.30886933669 0.0357352887872 0.008 0.001 0.0267352887872
7.35429255595 757 7.34529255595 0.009 0.008 0.001 0.0
7.3762140766 758 7.3672140766 0.009 0.008 0.001 0.0
7.38643444986 759 7.37743444986 0.009 0.008 0.001 0.0
7.39443444986 760 7.3838965389 0.0105379109554 0.008 0.001 0.00153791095538
7.40243444986 761 7.38456862171 0.0178658281474 0.008 0.001 0.00886582814743
7.41043444986 762 7.38607220014 0.0243622497158 0.008 0.001 0.0153622497158
7.41843444986 763 7.38980067603 0.0286337738222 0.008 0.001 0.0196337738222
7.42643444986 764 7.39867623727 0.0277582125896 0.008 0.001 0.0187582125896
7.43443444986 765 7.40331696795 0.0311174819029 0.008 0.001 0.0221174819029
7.44243444986 766 7.40346266501 0.0389717848495 0.008 0.001 0.0299717848495
7.45043444986 767 7.408008672 0.0424257778523 0.008 0.001 0.0334257778523
7.45843444986 768 7.40950250955 0.0489319403021 0.008 0.001 0.0399319403021
7.46643444986 769 7.41624543709 0.0501890127653 0.008 0.001 0.0411890127653
7.47443444986 770 7.42959528157 0.0448391682832 0.008 0.001 0.0358391682832
7.48243444986 771 7.44119417397 0.0412402758812 0.008 0.001 0.0322402758812
7.49043444986 772 7.4523708947 0.0380635551595 0.008 0.001 0.0290635551595
7.49843444986 773 7.45381753008 0.0446169197733 0.008 0.001 0.0356169197733
7.50643444986 774 7.46457689286 0.0418575569985 0.008 0.001 0.0328575569985
7.51443444986 775 7.46802429951 0.0464101503491 0.008 0.001 0.0374101503491
7.52243444986 776 7.47487805051 0.0475563993467 0.008 0.001 0.0385563993467
7.53043444986 777 7.47533502961 0.0550994202472 0.008 0.001 0.0460994202472
7.53843444986 778 7.47657188634 0.0618625635171 0.008 0.001 0.0528625635171
7.54643444986 779 7.50568653904 0.0407479108115 0.008 0.001 0.0317479108115
7.55443444986 780 7.51546608325 0.0389683666088 0.008 0.001 0.0299683666088
7.56243444986 781 7.52652995506 0.0359044947985 0.008 0.001 0.0269044947985
7.57043444986 782 7.53759015352 0.0328442963402 0.008 0.001 0.0238442963402
7.57843444986 783 7.54106873984 0.0373657100166 0.008 0.001 0.0283657100166
7.58643444986 784 7.54259004073 0.0438444091289 0.008 0.001 0.0348444091289
7.59443444986 785 7.54547505649 0.0489593933654 0.008 0.001 0.0399593933654
7.60243444986 786 7.5486074547 0.0538269951514 0.008 0.001 0.0448269951514
7.61043444986 787 7.5643586117 0.0460758381523 0.008 0.001 0.0370758381523
7.61843444986 788 7.58233608451 0.0360983653475 0.008 0.001 0.0270983653475
7.62643444986 789 7.58417549459 0.0422589552702 0.008 0.001 0.0332589552702
7.63443444986 790 7.59884815553 0.0355862943214 0.008 0.001 0.0265862943214
7.64243444986 791 7.5989402228 0.0434942270524 0.008 0.001 0.0344942270524
7.65043444986 792 7.61507825473 0.0353561951287 0.008 0.001 0.0263561951287
7.65843444986 793 7.64147442663 0.0169600232242 0.008 0.001 0.00796002322422
7.66643444986 794 7.64539445326 0.0210399965974 0.008 0.001 0.0120399965974
7.67443444986 795 7.64854958312 0.0258848667381 0.008 0.001 0.0168848667381
7.68243444986 796 7.65277712083 0.0296573290268 0.008 0.001 0.0206573290268
7.69043444986 797 7.66782275331 0.0226116965431 0.008 0.001 0.0136116965431
7.69843444986 798 7.66851580713 0.0299186427258 0.008 0.001 0.0209186427258
7.70643444986 799 7.67523063449 0.0312038153634 0.008 0.001 0.0222038153634
7.71443444986 800 7.69169266434 0.0227417855207 0.008 0.001 0.0137417855207
7.72243444986 801 7.69514525734 0.0272891925189 0.008 0.001 0.0182891925189
7.73043444986 802 7.70311901014 0.027315439718 0.008 0.001 0.018315439718
7.73843444986 803 7.70446217525 0.0339722746035 0.008 0.001 0.0249722746035
7.74643444986 804 7.72487390085 0.0215605490085 0.008 0.001 0.0125605490085
7.75443444986 805 7.73618276277 0.0182516870866 0.008 0.001 0.00925168708658
7.76243444986 806 7.73621497327 0.0262194765902 0.008 0.001 0.0172194765902
7.77043444986 807 7.73837101877 0.0320634310906 0.008 0.001 0.0230634310906
7.77843444986 808 7.75549287934 0.0229415705138 0.008 0.001 0.0139415705138
7.78643444986 809 7.75748779332 0.0289466565403 0.008 0.001 0.0199466565403
7.79443444986 810 7.7608832625 0.0335511873564 0.008 0.001 0.0245511873564
7.80243444986 811 7.76347371276 0.0389607371003 0.008 0.001 0.0299607371003
7.81043444986 812 7.76691951977 0.0435149300868 0.008 0.001 0.0345149300868
7.81843444986 813 7.77158720615 0.0468472437015 0.008 0.001 0.0378472437015
7.83803030068 814 7.82903030068 0.009 0.008 0.001 0.0
7.84603030068 815 7.83650809808 0.00952220260158 0.008 0.001 0.000522202601577
7.85403030068 816 7.8425669726 0.0114633280832 0.008 0.001 0.00246332808319
7.89586981776 817 7.88686981776 0.009 0.008 0.001 0.0
7.90386981776 818 7.89205051448 0.0118193032804 0.008 0.001 0.00281930328044
7.91186981776 819 7.89553341242 0.0163364053474 0.008 0.001 0.00733640534743
7.91986981776 820 7.90372092526 0.0161488924995 0.008 0.001 0.00714889249952
7.92786981776 821 7.91146296799 0.0164068497769 0.008 0.001 0.00740684977688
7.93586981776 822 7.92280510982 0.0130647079488 0.008 0.001 0.00406470794877
7.94386981776 823 7.92717920477 0.0166906129958 0.008 0.001 0.00769061299577
7.95186981776 824 7.93214497122 0.0197248465482 0.008 0.001 0.0107248465482
7.95986981776 825 7.93914218277 0.0207276349981 0.008 0.001 0.0117276349981
7.96786981776 826 7.93988775243 0.0279820653385 0.008 0.001 0.0189820653385
7.97586981776 827 7.95835251675 0.0175173010132 0.008 0.001 0.0085173010132
7.98386981776 828 7.96162466045 0.0222451573121 0.008 0.001 0.0132451573121
8.00205547806 829 7.99305547806 0.009 0.008 0.001 0.0
8.01005547806 830 7.99456716978 0.0154883082739 0.008 0.001 0.00648830827395
8.01805547806 831 7.99707413335 0.0209813447046 0.008 0.001 0.0119813447046
8.02605547806 832 8.00607584476 0.0199796332989 0.008 0.001 0.0109796332989
8.03405547806 833 8.01599991904 0.0180555590151 0.008 0.001 0.00905555901513
8.04205547806 834 8.01890138801 0.0231540900494 0.008 0.001 0.0141540900494
8.05005547806 835 8.03443204864 0.01562342942 0.008 0.001 0.00662342942004
8.05805547806 836 8.03681874067 0.0212367373847 0.008 0.001 0.0122367373847
8.06605547806 837 8.05192860224 0.0141268758202 0.008 0.001 0.00512687582019
8.07405547806 838 8.05255607694 0.0214994011145 0.008 0.001 0.0124994011145
8.08205547806 839 8.05442728709 0.027628190969 0.008 0.001 0.018628190969
8.09005547806 840 8.05470421456 0.0353512635006 0.008 0.001 0.0263512635006
8.09805547806 841 8.06055223914 0.0375032389131 0.008 0.001 0.0285032389131
8.10605547806 842 8.06337351977 0.0426819582858 0.008 0.001 0.0336819582858
8.11405547806 843 8.07973319692 0.0343222811366 0.008 0.001 0.0253222811366
8.12205547806 844 8.09734828492 0.0247071931333 0.008 0.001 0.0157071931333
8.13005547806 845 8.09924416316 0.0308113149017 0.008 0.001 0.0218113149017
8.13805547806 846 8.12428168512 0.0137737929334 0.008 0.001 0.00477379293335
8.15048139697 847 8.14148139697 0.009 0.008 0.001 0.0
8.15848139697 848 8.14580953017 0.0126718667979 0.008 0.001 0.00367186679791
8.16648139697 849 8.14891582337 0.0175655736022 0.008 0.001 0.00856557360219
8.17448139697 850 8.16440311203 0.0100782849419 0.008 0.001 0.00107828494192
8.18293232724 851 8.17393232724 0.009 0.008 0.001 0.0
8.193726094 852 8.184726094 0.009 0.008 0.001 0.0
8.201726094 853 8.19247937059 0.00924672341194 0.008 0.001 0.000246723411937
8.209726094 854 8.19817319099 0.0115529030128 0.008 0.001 0.00255290301279
8.217726094 855 8.19881041929 0.0189156747163 0.008 0.001 0.00991567471625
8.2274874461 856 8.2184874461 0.009 0.008 0.001 0.0
8.2354874461 857 8.21850127697 0.0169861691345 0.008 0.001 0.00798616913455
8.24395449534 858 8.23495449534 0.009 0.008 0.001 0.0
8.26245042599 859 8.25345042599 0.009 0.008 0.001 0.0
8.27629942637 860 8.26729942637 0.009 0.008 0.001 0.0
8.28824454887 861 8.27924454887 0.009 0.008 0.001 0.0
8.29624454887 862 8.28093897881 0.0153055700672 0.008 0.001 0.00630557006718
8.30424454887 863 8.29133090393 0.0129136449403 0.008 0.001 0.00391364494032
8.31224454887 864 8.29487897415 0.0173655747197 0.008 0.001 0.00836557471967
8.32024454887 865 8.29742641384 0.0228181350317 0.008 0.001 0.0138181350317
8.32824454887 866 8.30624031886 0.0220042300107 0.008 0.001 0.0130042300107
8.33624454887 867 8.31031806359 0.025926485284 0.008 0.001 0.016926485284
8.34424454887 868 8.31295684351 0.0312877053666 0.008 0.001 0.0222877053666
8.35224454887 869 8.31318277312 0.039061775753 0.008 0.001 0.030061775753
8.36024454887 870 8.32112323385 0.0391213150256 0.008 0.001 0.0301213150256
8.36824454887 871 8.33328859489 0.0349559539832 0.008 0.001 0.0259559539832
8.37624454887 872 8.3343674744 0.0418770744697 0.008 0.001 0.0328770744697
8.38424454887 873 8.33870069481 0.0455438540648 0.008 0.001 0.0365438540648
8.39224454887 874 8.34739395585 0.0448505930213 0.008 0.001 0.0358505930213
8.40024454887 875 8.37822284999 0.0220216988826 0.008 0.001 0.0130216988826
8.40824454887 876 8.38822634784 0.0200182010314 0.008 0.001 0.0110182010314
8.41624454887 877 8.39643468788 0.0198098609904 0.008 0.001 0.0108098609904
8.43682875706 878 8.42782875706 0.009 0.008 0.001 0.0
8.44482875706 879 8.43114788178 0.0136808752854 0.008 0.001 0.00468087528544
8.45282875706 880 8.43897255732 0.0138561997421 0.008 0.001 0.00485619974212
8.46082875706 881 8.44239257 0.0184361870579 0.008 0.001 0.00943618705792
8.46882875706 882 8.44674785515 0.0220809019118 0.008 0.001 0.0130809019118
8.47682875706 883 8.44988775313 0.0269410039301 0.008 0.001 0.0179410039301
8.48482875706 884 8.47335432781 0.0114744292529 0.008 0.001 0.00247442925289
8.49282875706 885 8.47771031459 0.0151184424696 0.008 0.001 0.0061184424696
8.50082875706 886 8.47808794525 0.0227408118169 0.008 0.001 0.0137408118169
8.50882875706 887 8.48283281875 0.0259959383097 0.008 0.001 0.0169959383097
8.51682875706 888 8.50596722571 0.0108615313563 0.008 0.001 0.00186153135634
8.52482875706 889 8.50717239134 0.0176563657209 0.008 0.001 0.00865636572088
8.53282875706 890 8.50804568156 0.0247830755004 0.008 0.001 0.0157830755004
8.54082875706 891 8.50823197386 0.0325967832014 0.008 0.001 0.0235967832014
8.54882875706 892 8.53559315866 0.0132355984016 0.008 0.001 0.00423559840161
8.55682875706 893 8.53694040976 0.0198883473005 0.008 0.001 0.0108883473005
8.56482875706 894 8.53712322275 0.0277055343157 0.008 0.001 0.0187055343157
8.57282875706 895 8.54108464389 0.0317441131701 0.008 0.001 0.0227441131701
8.58082875706 896 8.56686059152 0.0139681655452 0.008 0.001 0.00496816554524
8.58882875706 897 8.57914865108 0.00968010598554 0.008 0.001 0.000680105985541
8.60229606167 898 8.59329606167 0.009 0.008 0.001 0.0
8.61779184738 899 8.60879184738 0.009 0.008 0.001 0.0
8.62579184738 900 8.61620107998 0.00959076740523 0.008 0.001 0.000590767405228
8.63379184738 901 8.61779442332 0.0159974240628 0.008 0.001 0.00699742406285
8.64179184738 902 8.62906138045 0.0127304669286 0.008 0.001 0.00373046692864
8.64979184738 903 8.62983795992 0.0199538874591 0.008 0.001 0.0109538874591
8.65779184738 904 8.63207958205 0.0257122653358 0.008 0.001 0.0167122653358
8.66579184738 905 8.6343240074 0.0314678399838 0.008 0.001 0.0224678399838
8.67379184738 906 8.63439650672 0.0393953406606 0.008 0.001 0.0303953406606
8.68179184738 907 8.65463949715 0.0271523502325 0.008 0.001 0.0181523502325
8.68979184738 908 8.65624005131 0.0335517960689 0.008 0.001 0.0245517960689
8.69779184738 909 8.65718833546 0.0406035119235 0.008 0.001 0.0316035119235
8.70579184738 910 8.66078669802 0.0450051493591 0.008 0.001 0.0360051493591
8.71379184738 911 8.67572713948 0.0380647079058 0.008 0.001 0.0290647079058
8.72179184738 912 8.68160667896 0.0401851684207 0.008 0.001 0.0311851684207
8.72979184738 913 8.68269778736 0.0470940600277 0.008 0.001 0.0380940600277
8.73779184738 914 8.6830831898 0.0547086575881 0.008 0.001 0.0457086575881
8.74579184738 915 8.6861085455 0.0596833018837 0.008 0.001 0.0506833018837
8.75379184738 916 8.70222115156 0.0515706958202 0.008 0.001 0.0425706958202
8.76179184738 917 8.70692988335 0.0548619640313 0.008 0.001 0.0458619640313
8.76979184738 918 8.72417513107 0.0456167163103 0.008 0.001 0.0366167163103
8.77779184738 919 8.72853463279 0.0492572145967 0.008 0.001 0.0402572145967
8.78579184738 920 8.73612267406 0.049669173326 0.008 0.001 0.040669173326
8.79379184738 921 8.73656773992 0.0572241074607 0.008 0.001 0.0482241074607
8.80179184738 922 8.74041521847 0.0613766289115 0.008 0.001 0.0523766289115
8.80979184738 923 8.75511306355 0.0546787838367 0.008 0.001 0.0456787838367
8.81779184738 924 8.76800704751 0.0497847998751 0.008 0.001 0.0407847998751
8.82579184738 925 8.77846858569 0.0473232616935 0.008 0.001 0.0383232616935
8.83379184738 926 8.7881608179 0.0456310294815 0.008 0.001 0.0366310294815
8.84179184738 927 8.79410175756 0.0476900898208 0.008 0.001 0.0386900898208
8.84979184738 928 8.79500686094 0.0547849864436 0.008 0.001 0.0457849864436
8.85779184738 929 8.79731834056 0.0604735068208 0.008 0.001 0.0514735068208
8.86579184738 930 8.81827249406 0.0475193533226 0.008 0.001 0.0385193533226
8.87379184738 931 8.83064101085 0.0431508365347 0.008 0.001 0.0341508365347
8.88179184738 932 8.84169771217 0.0400941352095 0.008 0.001 0.0310941352095
8.88979184738 933 8.84441260959 0.0453792377901 0.008 0.001 0.0363792377901
8.89779184738 934 8.84756598802 0.0502258593606 0.008 0.001 0.0412258593606
8.90579184738 935 8.85716876556 0.0486230818276 0.008 0.001 0.0396230818276
8.91379184738 936 8.8704623975 0.0433294498851 0.008 0.001 0.0343294498851
8.92179184738 937 8.87905258165 0.04273926573 0.008 0.001 0.03373926573
8.92979184738 938 8.88087628529 0.0489155620972 0.008 0.001 0.0399155620972
8.93779184738 939 8.8975418582 0.0402499891831 0.008 0.001 0.0312499891831
8.94579184738 940 8.9126206749 0.0331711724827 0.008 0.001 0.0241711724827
8.95379184738 941 8.91325688463 0.0405349627499 0.008 0.001 0.0315349627499
8.96179184738 942 8.91356574781 0.0482260995781 0.008 0.001 0.0392260995781
8.96979184738 943 8.91713708382 0.0526547635628 0.008 0.001 0.0436547635628
8.97779184738 944 8.94283132552 0.034960521866 0.008 0.001 0.025960521866
8.98579184738 945 8.95945887175 0.0263329756359 0.008 0.001 0.0173329756359
8.99379184738 946 8.96170130871 0.0320905386708 0.008 0.001 0.0230905386708
9.00179184738 947 8.98048678132 0.0213050660671 0.008 0.001 0.0123050660671
9.00979184738 948 8.98424892582 0.0255429215591 0.008 0.001 0.0165429215591
9.03326597929 949 9.02426597929 0.009 0.008 0.001 0.0
9.05383570686 950 9.04483570686 0.009 0.008 0.001 0.0
9.06183570686 951 9.04611985086 0.015715855997 0.008 0.001 0.00671585599705
9.06983570686 952 9.0483298831 0.0215058237604 0.008 0.001 0.0125058237604
9.07783570686 953 9.05893541022 0.0189002966362 0.008 0.001 0.00990029663621
9.08583570686 954 9.06063285821 0.0252028486517 0.008 0.001 0.0162028486517
9.09383570686 955 9.06535926002 0.028476446843 0.008 0.001 0.019476446843
9.10183570686 956 9.06541356466 0.0364221421965 0.008 0.001 0.0274221421965
9.10983570686 957 9.06595130506 0.0438844018003 0.008 0.001 0.0348844018003
9.11783570686 958 9.0712524315 0.0465832753612 0.008 0.001 0.0375832753612
9.12583570686 959 9.07753874026 0.0482969665971 0.008 0.001 0.0392969665971
9.13383570686 960 9.0794656223 0.0543700845555 0.008 0.001 0.0453700845555
9.14183570686 961 9.08280477992 0.0590309269453 0.008 0.001 0.0500309269453
9.14983570686 962 9.08948894252 0.0603467643374 0.008 0.001 0.0513467643374
9.15783570686 963 9.09055277161 0.067282935246 0.008 0.001 0.058282935246
9.16583570686 964 9.09992190422 0.0659138026427 0.008 0.001 0.0569138026427
9.17383570686 965 9.10159426199 0.0722414448701 0.008 0.001 0.0632414448701
9.18183570686 966 9.11625174125 0.0655839656086 0.008 0.001 0.0565839656086
9.18983570686 967 9.11645905517 0.0733766516903 0.008 0.001 0.0643766516903
9.19783570686 968 9.11826320564 0.0795725012172 0.008 0.001 0.0705725012172
9.20583570686 969 9.13035903455 0.0754766723114 0.008 0.001 0.0664766723114
9.21383570686 970 9.13379863587 0.0800370709935 0.008 0.001 0.0710370709935
9.22183570686 971 9.16024707862 0.0615886282418 0.008 0.001 0.0525886282418
9.22983570686 972 9.17400152238 0.0558341844809 0.008 0.001 0.0468341844809
9.23783570686 973 9.17854335342 0.0592923534405 0.008 0.001 0.0502923534405
9.24583570686 974 9.1825118923 0.0633238145597 0.008 0.001 0.0543238145597
9.25383570686 975 9.18503082255 0.0688048843082 0.008 0.001 0.0598048843082
9.26183570686 976 9.19004672449 0.0717889823721 0.008 0.001 0.0627889823721
9.26983570686 977 9.19526665865 0.0745690482121 0.008 0.001 0.0655690482121
9.27783570686 978 9.19912342045 0.0787122864094 0.008 0.001 0.0697122864094
9.28583570686 979 9.21603074215 0.069804964706 0.008 0.001 0.060804964706
9.29383570686 980 9.222677372 0.071158334865 0.008 0.001 0.062158334865
9.30183570686 981 9.22929008975 0.0725456171094 0.008 0.001 0.0635456171094
9.30983570686 982 9.23387605026 0.0759596566045 0.008 0.001 0.0669596566045
9.31783570686 983 9.24176519995 0.0760705069073 0.008 0.001 0.0670705069073
9.32583570686 984 9.24985502533 0.075980681535 0.008 0.001 0.066980681535
9.33383570686 985 9.28070624095 0.053129465915 0.008 0.001 0.044129465915
9.34183570686 986 9.29262742025 0.0492082866121 0.008 0.001 0.0402082866121
9.34983570686 987 9.29946651603 0.0503691908352 0.008 0.001 0.0413691908352
9.35783570686 988 9.3059104834 0.0519252234557 0.008 0.001 0.0429252234557
9.36583570686 989 9.3149260957 0.0509096111621 0.008 0.001 0.0419096111621
9.37383570686 990 9.34185998691 0.0319757199509 0.008 0.001 0.0229757199509
9.38183570686 991 9.34825502921 0.0335806776539 0.008 0.001 0.0245806776539
9.38983570686 992 9.34860667802 0.041229028845 0.008 0.001 0.032229028845
9.39783570686 993 9.3663960522 0.0314396546576 0.008 0.001 0.0224396546576
9.40583570686 994 9.36733443019 0.0385012766709 0.008 0.001 0.0295012766709
9.41383570686 995 9.39974778787 0.0140879189864 0.008 0.001 0.0050879189864
9.42183570686 996 9.4017694635 0.0200662433556 0.008 0.001 0.0110662433556
9.42983570686 997 9.40519725125 0.0246384556125 0.008 0.001 0.0156384556125
9.43783570686 998 9.40707416754 0.0307615393167 0.008 0.001 0.0217615393167
9.44583570686 999 9.41571420034 0.0301215065218 0.008 0.001 0.0211215065218
9.45383570686 1000 9.41856114834 0.0352745585236 0.008 0.001 0.0262745585236
9.46183570686 1001 9.42373484117 0.0381008656913 0.008 0.001 0.0291008656913
9.46983570686 1002 9.44524807287 0.0245876339946 0.008 0.001 0.0155876339946
9.47783570686 1003 9.45308625454 0.024749452325 0.008 0.001 0.015749452325
9.48583570686 1004 9.47665575341 0.00917995344584 0.008 0.001 0.000179953445839
9.49383570686 1005 9.47852689539 0.0153088114685 0.008 0.001 0.00630881146847
9.50183570686 1006 9.49148590066 0.0103498061967 0.008 0.001 0.00134980619674
9.50983570686 1007 9.49340739567 0.0164283111949 0.008 0.001 0.00742831119488
9.52245878183 1008 9.51345878183 0.009 0.008 0.001 0.0
9.53045878183 1009 9.51733725 0.0131215318295 0.008 0.001 0.00412153182953
9.53845878183 1010 9.51921955037 0.0192392314624 0.008 0.001 0.0102392314624
9.54645878183 1011 9.52609966792 0.020359113918 0.008 0.001 0.011359113918
9.55445878183 1012 9.53610108307 0.0183576987657 0.008 0.001 0.00935769876571
9.56245878183 1013 9.54807617655 0.0143826052866 0.008 0.001 0.00538260528662
9.57045878183 1014 9.55322125041 0.0172375314207 0.008 0.001 0.00823753142072
9.57845878183 1015 9.55396049079 0.0244982910458 0.008 0.001 0.0154982910458
9.58645878183 1016 9.56884457382 0.0176142080091 0.008 0.001 0.00861420800911
9.59445878183 1017 9.57023188814 0.0242268936913 0.008 0.001 0.0152268936913
9.60245878183 1018 9.57405741326 0.0284013685685 0.008 0.001 0.0194013685685
9.61045878183 1019 9.5814170495 0.0290417323285 0.008 0.001 0.0200417323285
9.61845878183 1020 9.59306903328 0.0253897485556 0.008 0.001 0.0163897485556
9.62645878183 1021 9.59628123787 0.0301775439591 0.008 0.001 0.0211775439591
9.63445878183 1022 9.59982235645 0.034636425379 0.008 0.001 0.025636425379
9.64245878183 1023 9.60071383418 0.041744947653 0.008 0.001 0.032744947653
9.65045878183 1024 9.62056034448 0.0298984373564 0.008 0.001 0.0208984373564
9.65845878183 1025 9.62729837123 0.0311604106056 0.008 0.001 0.0221604106056
9.66645878183 1026 9.63545222518 0.0310065566542 0.008 0.001 0.0220065566542
9.67445878183 1027 9.64775503255 0.0267037492812 0.008 0.001 0.0177037492812
9.69468638247 1028 9.68568638247 0.009 0.008 0.001 0.0
9.70268638247 1029 9.68868799262 0.0139983898487 0.008 0.001 0.00499838984872
9.71068638247 1030 9.69397474913 0.0167116333395 0.008 0.001 0.00771163333948
9.71868638247 1031 9.69932744905 0.0193589334132 0.008 0.001 0.0103589334132
9.72668638247 1032 9.70480893159 0.0218774508739 0.008 0.001 0.0128774508739
9.73468638247 1033 9.71074202189 0.0239443605776 0.008 0.001 0.0149443605776
9.74268638247 1034 9.71411780747 0.0285685750009 0.008 0.001 0.0195685750009
9.75068638247 1035 9.71917621162 0.0315101708497 0.008 0.001 0.0225101708497
9.75868638247 1036 9.72365206233 0.0350343201369 0.008 0.001 0.0260343201369
9.80677023306 1037 9.79777023306 0.009 0.008 0.001 0.0
9.81477023306 1038 9.80149513747 0.0132750955824 0.008 0.001 0.00427509558241
9.82277023306 1039 9.80433395452 0.018436278535 0.008 0.001 0.00943627853498
9.83077023306 1040 9.80950000662 0.0212702264415 0.008 0.001 0.0122702264415
9.83877023306 1041 9.81268245838 0.0260877746765 0.008 0.001 0.0170877746765
9.84677023306 1042 9.81355304204 0.0332171910154 0.008 0.001 0.0242171910154
9.85477023306 1043 9.81503450892 0.0397357241347 0.008 0.001 0.0307357241347
9.86277023306 1044 9.82001838375 0.0427518493105 0.008 0.001 0.0337518493105
9.87077023306 1045 9.82156894764 0.0492012854183 0.008 0.001 0.0402012854183
9.87877023306 1046 9.82609942871 0.0526708043503 0.008 0.001 0.0436708043503
9.88677023306 1047 9.83263240251 0.0541378305498 0.008 0.001 0.0451378305498
9.89477023306 1048 9.85128677153 0.0434834615253 0.008 0.001 0.0344834615253
9.90277023306 1049 9.87310297644 0.0296672566173 0.008 0.001 0.0206672566173
9.91077023306 1050 9.87923678086 0.0315334522006 0.008 0.001 0.0225334522006
9.91877023306 1051 9.88388298593 0.034887247123 0.008 0.001 0.025887247123
9.92677023306 1052 9.88483985491 0.0419303781501 0.008 0.001 0.0329303781501
9.93477023306 1053 9.88492763095 0.0498426021056 0.008 0.001 0.0408426021056
9.94277023306 1054 9.88961537097 0.0531548620821 0.008 0.001 0.0441548620821
9.95077023306 1055 9.89412120953 0.056649023523 0.008 0.001 0.047649023523
9.95877023306 1056 9.90824218563 0.0505280474264 0.008 0.001 0.0415280474264
9.96677023306 1057 9.9090571808 0.0577130522616 0.008 0.001 0.0487130522616
9.97477023306 1058 9.92817878829 0.046591444771 0.008 0.001 0.0375914447709
9.98277023306 1059 9.93129572306 0.0514745100018 0.008 0.001 0.0424745100018
9.99077023306 1060 9.96441567829 0.0263545547707 0.008 0.001 0.0173545547707
9.99877023306 1061 9.96934239724 0.0294278358173 0.008 0.001 0.0204278358173
10.0067702331 1062 9.98800998674 0.0187602463142 0.008 0.001 0.00976024631419
10.0147702331 1063 9.99788609418 0.0168841388727 0.008 0.001 0.00788413887269
10.0227702331 1064 9.99913583165 0.0236344014029 0.008 0.001 0.0146344014029
