0.009 2 0 0.009 0.008 0.001 0
0.017 3 0.00317422449196 0.013825775508 0.008 0.001 0.00482577550804
0.025 4 0.00769516722237 0.0173048327776 0.008 0.001 0.00830483277763
0.033 5 0.011544164343 0.021455835657 0.008 0.001 0.012455835657
0.041 6 0.0301802896481 0.0108197103519 0.008 0.001 0.00181971035191
0.049 7 0.0334472756224 0.0155527243776 0.008 0.001 0.00655272437762
0.0585499209798 8 0.0495499209798 0.009 0.008 0.001 0.0
0.0678513733132 9 0.0588513733132 0.009 0.008 0.001 0.0
0.0758513733132 10 0.0600157051493 0.0158356681639 0.008 0.001 0.0068356681639
0.0838513733132 11 0.0629039196264 0.0209474536868 0.008 0.001 0.0119474536868
0.0918513733132 12 0.0669275762981 0.024923797015 0.008 0.001 0.015923797015
0.0998513733132 13 0.0686739571288 0.0311774161843 0.008 0.001 0.0221774161843
0.107851373313 14 0.0695509152922 0.038300458021 0.008 0.001 0.029300458021
0.115851373313 15 0.083302966565 0.0325484067481 0.008 0.001 0.0235484067481
0.123851373313 16 0.083725083452 0.0401262898612 0.008 0.001 0.0311262898612
0.131851373313 17 0.0893126345415 0.0425387387717 0.008 0.001 0.0335387387717
0.139851373313 18 0.0910689843622 0.0487823889509 0.008 0.001 0.0397823889509
0.147851373313 19 0.0932477012533 0.0546036720599 0.008 0.001 0.0456036720599
0.155851373313 20 0.102557092232 0.0532942810815 0.008 0.001 0.0442942810815
0.163851373313 21 0.105793119966 0.0580582533476 0.008 0.001 0.0490582533476
0.171851373313 22 0.107500210871 0.064351162442 0.008 0.001 0.055351162442
0.179851373313 23 0.109623193611 0.0702281797017 0.008 0.001 0.0612281797017
0.187851373313 24 0.110332600455 0.077518772858 0.008 0.001 0.068518772858
0.195851373313 25 0.114511663574 0.0813397097392 0.008 0.001 0.0723397097392
0.203851373313 26 0.131264360563 0.0725870127505 0.008 0.001 0.0635870127505
0.211851373313 27 0.14373084393 0.0681205293829 0.008 0.001 0.0591205293829
0.219851373313 28 0.147579042583 0.0722723307302 0.008 0.001 0.0632723307302
0.227851373313 29 0.165995959582 0.0618554137309 0.008 0.001 0.0528554137309
0.235851373313 30 0.166524013983 0.0693273593297 0.008 0.001 0.0603273593297
0.243851373313 31 0.175471593204 0.0683797801088 0.008 0.001 0.0593797801088
0.251851373313 32 0.185544910164 0.0663064631497 0.008 0.001 0.0573064631497
0.259851373313 33 0.186576453672 0.0732749196408 0.008 0.001 0.0642749196408
0.267851373313 34 0.20025192257 0.0675994507429 0.008 0.001 0.0585994507429
0.275851373313 35 0.201777542985 0.0740738303283 0.008 0.001 0.0650738303283
0.283851373313 36 0.20198546168 0.0818659116332 0.008 0.001 0.0728659116332
0.291851373313 37 0.214461946131 0.0773894271826 0.008 0.001 0.0683894271826
0.299851373313 38 0.223187576196 0.0766637971171 0.008 0.001 0.0676637971171
0.307851373313 39 0.223931212365 0.0839201609479 0.008 0.001 0.0749201609479
0.315851373313 40 0.243734395378 0.0721169779351 0.008 0.001 0.0631169779351
0.323851373313 41 0.264778573374 0.0590727999392 0.008 0.001 0.0500727999392
0.331851373313 42 0.27561529192 0.0562360813935 0.008 0.001 0.0472360813935
0.339851373313 43 0.276918229213 0.0629331441002 0.008 0.001 0.0539331441002
0.347851373313 44 0.277495077831 0.070356295482 0.008 0.001 0.061356295482
0.355851373313 45 0.325503361146 0.0303480121671 0.008 0.001 0.0213480121671
0.363851373313 46 0.331162853614 0.0326885196987 0.008 0.001 0.0236885196987
0.371851373313 47 0.337090763806 0.034760609507 0.008 0.001 0.025760609507
0.379851373313 48 0.342486973804 0.0373643995094 0.008 0.001 0.0283643995094
0.387851373313 49 0.343512501547 0.0443388717664 0.008 0.001 0.0353388717664
0.395851373313 50 0.354485881457 0.0413654918561 0.008 0.001 0.0323654918561
0.403851373313 51 0.381154708498 0.022696664815 0.008 0.001 0.013696664815
0.411851373313 52 0.386347803713 0.0255035696004 0.008 0.001 0.0165035696004
0.421843277071 53 0.412843277071 0.009 0.008 0.001 0.0
0.429843277071 54 0.414817820935 0.0150254561366 0.008 0.001 0.00602545613659
0.437843277071 55 0.423960950831 0.0138823262402 0.008 0.001 0.00488232624018
0.445843277071 56 0.428325515413 0.017517761658 0.008 0.001 0.00851776165797
0.453843277071 57 0.430468787 0.0233744900708 0.008 0.001 0.0143744900708
0.461843277071 58 0.442808266972 0.0190350100992 0.008 0.001 0.0100350100992
0.469843277071 59 0.449948695786 0.0198945812856 0.008 0.001 0.0108945812856
0.477843277071 60 0.450066159617 0.0277771174543 0.008 0.001 0.0187771174543
0.485843277071 61 0.466792566556 0.0190507105154 0.008 0.001 0.0100507105154
0.493843277071 62 0.475286743595 0.0185565334762 0.008 0.001 0.00955653347621
0.506180685545 63 0.497180685545 0.009 0.008 0.001 0.0
0.514180685545 64 0.498711164886 0.0154695206592 0.008 0.001 0.00646952065916
0.522180685545 65 0.499250432473 0.0229302530724 0.008 0.001 0.0139302530724
0.530180685545 66 0.504941481947 0.0252392035988 0.008 0.001 0.0162392035988
0.538180685545 67 0.506043171766 0.0321375137795 0.008 0.001 0.0231375137795
0.546180685545 68 0.50619100721 0.0399896783354 0.008 0.001 0.0309896783354
0.554180685545 69 0.517971464768 0.0362092207769 0.008 0.001 0.0272092207769
0.562180685545 70 0.522981284178 0.0391994013674 0.008 0.001 0.0301994013674
0.570180685545 71 0.527127901495 0.0430527840505 0.008 0.001 0.0340527840505
0.578180685545 72 0.532410343514 0.0457703420318 0.008 0.001 0.0367703420318
0.586180685545 73 0.534151911005 0.05202877454 0.008 0.001 0.04302877454
0.594180685545 74 0.540499707646 0.053680977899 0.008 0.001 0.044680977899
0.602180685545 75 0.544900212031 0.0572804735139 0.008 0.001 0.0482804735139
0.610180685545 76 0.548640631011 0.0615400545342 0.008 0.001 0.0525400545342
0.618180685545 77 0.552190372666 0.0659903128794 0.008 0.001 0.0569903128794
0.626180685545 78 0.553469879923 0.0727108056227 0.008 0.001 0.0637108056227
0.634180685545 79 0.553751096973 0.0804295885728 0.008 0.001 0.0714295885728
0.642180685545 80 0.56086314261 0.0813175429355 0.008 0.001 0.0723175429355
0.650180685545 81 0.586192490545 0.0639881949999 0.008 0.001 0.0549881949999
0.658180685545 82 0.594758037577 0.0634226479684 0.008 0.001 0.0544226479684
0.666180685545 83 0.619081335 0.0470993505454 0.008 0.001 0.0380993505454
0.674180685545 84 0.619948945183 0.0542317403622 0.008 0.001 0.0452317403622
0.682180685545 85 0.620345779274 0.0618349062716 0.008 0.001 0.0528349062716
0.690180685545 86 0.633898215617 0.0562824699285 0.008 0.001 0.0472824699285
0.698180685545 87 0.644309490078 0.0538711954669 0.008 0.001 0.0448711954669
0.706180685545 88 0.644457296253 0.061723389292 0.008 0.001 0.052723389292
0.714180685545 89 0.648680868654 0.0654998168918 0.008 0.001 0.0564998168918
0.722180685545 90 0.661493196876 0.0606874886691 0.008 0.001 0.0516874886691
0.730180685545 91 0.684524924639 0.0456557609065 0.008 0.001 0.0366557609065
0.738180685545 92 0.688050963971 0.0501297215742 0.008 0.001 0.0411297215742
0.746180685545 93 0.695875816014 0.0503048695317 0.008 0.001 0.0413048695317
0.754180685545 94 0.703942263235 0.0502384223106 0.008 0.001 0.0412384223106
0.762180685545 95 0.705633475078 0.0565472104672 0.008 0.001 0.0475472104672
0.770180685545 96 0.706077401561 0.0641032839839 0.008 0.001 0.0551032839839
0.778180685545 97 0.711626232844 0.0665544527012 0.008 0.001 0.0575544527012
0.786180685545 98 0.71808379671 0.0680968888356 0.008 0.001 0.0590968888356
0.794180685545 99 0.739185056735 0.0549956288099 0.008 0.001 0.0459956288099
0.802180685545 100 0.749891052795 0.0522896327502 0.008 0.001 0.0432896327502
0.810180685545 101 0.752039753454 0.0581409320914 0.008 0.001 0.0491409320914
0.818180685545 102 0.761522438131 0.0566582474148 0.008 0.001 0.0476582474148
0.826180685545 103 0.774820639631 0.0513600459139 0.008 0.001 0.0423600459139
0.834180685545 104 0.782850997319 0.051329688226 0.008 0.001 0.042329688226
0.842180685545 105 0.784074390982 0.0581062945634 0.008 0.001 0.0491062945634
0.850180685545 106 0.79328419138 0.0568964941658 0.008 0.001 0.0478964941658
0.858180685545 107 0.811988194612 0.0461924909331 0.008 0.001 0.0371924909331
0.866180685545 108 0.818751292049 0.047429393496 0.008 0.001 0.038429393496
0.874180685545 109 0.824631205792 0.0495494797533 0.008 0.001 0.0405494797533
0.882180685545 110 0.84272916481 0.0394515207352 0.008 0.001 0.0304515207352
0.890180685545 111 0.843064713884 0.0471159716615 0.008 0.001 0.0381159716615
0.898180685545 112 0.844666612012 0.0535140735336 0.008 0.001 0.0445140735336
0.906180685545 113 0.850684638505 0.0554960470406 0.008 0.001 0.0464960470406
0.914180685545 114 0.859311467532 0.0548692180134 0.008 0.001 0.0458692180134
0.922180685545 115 0.861564115462 0.0606165700833 0.008 0.001 0.0516165700833
0.930180685545 116 0.863140015718 0.0670406698274 0.008 0.001 0.0580406698274
0.938180685545 117 0.869786418179 0.0683942673665 0.008 0.001 0.0593942673665
0.946180685545 118 0.873597076893 0.0725836086524 0.008 0.001 0.0635836086524
0.954180685545 119 0.882921031516 0.071259654029 0.008 0.001 0.062259654029
0.962180685545 120 0.895682875294 0.0664978102509 0.008 0.001 0.0574978102509
0.970180685545 121 0.910479296943 0.059701388602 0.008 0.001 0.050701388602
0.978180685545 122 0.912353119462 0.0658275660831 0.008 0.001 0.0568275660831
0.986180685545 123 0.913285619583 0.072895065962 0.008 0.001 0.063895065962
0.994180685545 124 0.915929774987 0.0782509105584 0.008 0.001 0.0692509105584
1.00218068555 125 0.916610652466 0.0855700330797 0.008 0.001 0.0765700330797
1.01018068555 126 0.922129683384 0.0880510021615 0.008 0.001 0.0790510021615
1.01818068555 127 0.925338848103 0.0928418374426 0.008 0.001 0.0838418374426
1.02618068555 128 0.944419494173 0.0817611913723 0.008 0.001 0.0727611913723
1.03418068555 129 0.948359865857 0.0858208196884 0.008 0.001 0.0768208196884
1.04218068555 130 0.957525669123 0.0846550164225 0.008 0.001 0.0756550164225
1.05018068555 131 0.961133968679 0.0890467168665 0.008 0.001 0.0800467168665
1.05818068555 132 0.979649322893 0.0785313626519 0.008 0.001 0.0695313626519
1.06618068555 133 0.983066068938 0.0831146166068 0.008 0.001 0.0741146166068
1.07418068555 134 0.989605146776 0.0845755387691 0.008 0.001 0.0755755387691
1.08218068555 135 0.989644093466 0.092536592079 0.008 0.001 0.083536592079
1.09018068555 136 0.995888345945 0.0942923396005 0.008 0.001 0.0852923396005
1.09818068555 137 1.01907346948 0.0791072160697 0.008 0.001 0.0701072160697
1.10618068555 138 1.03480342966 0.0713772558877 0.008 0.001 0.0623772558877
1.11418068555 139 1.04065682389 0.0735238616598 0.008 0.001 0.0645238616598
1.12218068555 140 1.04108659043 0.0810940951195 0.008 0.001 0.0720940951195
1.13018068555 141 1.04455378694 0.0856268986081 0.008 0.001 0.0766268986081
1.13818068555 142 1.07095356242 0.0672271231211 0.008 0.001 0.0582271231211
1.14618068555 143 1.07346958922 0.0727110963232 0.008 0.001 0.0637110963232
1.15418068555 144 1.07715068453 0.0770300010121 0.008 0.001 0.0680300010121
1.16218068555 145 1.07937592032 0.0828047652272 0.008 0.001 0.0738047652272
1.17018068555 146 1.08281522072 0.087365464828 0.008 0.001 0.078365464828
1.17818068555 147 1.08469740786 0.0934832776845 0.008 0.001 0.0844832776845
1.18618068555 148 1.09483083136 0.0913498541808 0.008 0.001 0.0823498541808
1.19418068555 149 1.12156297478 0.0726177107637 0.008 0.001 0.0636177107637
1.20218068555 150 1.12833240794 0.0738482776079 0.008 0.001 0.0648482776079
1.21018068555 151 1.15723269804 0.0529479875048 0.008 0.001 0.0439479875048
1.21818068555 152 1.17191090834 0.0462697772023 0.008 0.001 0.0372697772023
1.22618068555 153 1.1816522091 0.0445284764412 0.008 0.001 0.0355284764412
1.23418068555 154 1.2006177508 0.0335629347425 0.008 0.001 0.0245629347425
1.24218068555 155 1.21639773708 0.0257829484646 0.008 0.001 0.0167829484646
1.25018068555 156 1.21751867029 0.0326620152584 0.008 0.001 0.0236620152584
1.25818068555 157 1.22590963586 0.0322710496849 0.008 0.001 0.0232710496849
1.26618068555 158 1.23462145445 0.0315592310928 0.008 0.001 0.0225592310928
1.27418068555 159 1.23507206766 0.0391086178809 0.008 0.001 0.0301086178809
1.28218068555 160 1.23919134413 0.0429893414146 0.008 0.001 0.0339893414146
1.29018068555 161 1.24640871878 0.0437719667607 0.008 0.001 0.0347719667607
1.29818068555 162 1.24971276916 0.0484679163895 0.008 0.001 0.0394679163895
1.30618068555 163 1.26118071317 0.0449999723768 0.008 0.001 0.0359999723768
1.31418068555 164 1.26305463682 0.0511260487284 0.008 0.001 0.0421260487284
1.32218068555 165 1.2649689902 0.0572116953411 0.008 0.001 0.0482116953411
1.33018068555 166 1.27237930102 0.0578013845254 0.008 0.001 0.0488013845254
1.33818068555 167 1.27985112942 0.0583295561246 0.008 0.001 0.0493295561246
1.34618068555 168 1.28694368745 0.0592369980913 0.008 0.001 0.0502369980913
1.35418068555 169 1.29056416699 0.0636165185524 0.008 0.001 0.0546165185524
1.36218068555 170 1.29780445831 0.0643762272351 0.008 0.001 0.0553762272351
1.37018068555 171 1.3018435093 0.0683371762424 0.008 0.001 0.0593371762424
1.37818068555 172 1.32052007541 0.057660610131 0.008 0.001 0.048660610131
1.38618068555 173 1.32412547006 0.0620552154834 0.008 0.001 0.0530552154834
1.39418068555 174 1.32600774584 0.0681729397022 0.008 0.001 0.0591729397022
1.40218068555 175 1.33304247828 0.0691382072638 0.008 0.001 0.0601382072638
1.41018068555 176 1.33636181353 0.0738188720128 0.008 0.001 0.0648188720128
1.41818068555 177 1.34346258029 0.0747181052603 0.008 0.001 0.0657181052603
1.42618068555 178 1.36402418883 0.0621564967193 0.008 0.001 0.0531564967193
1.43418068555 179 1.36829294651 0.0658877390338 0.008 0.001 0.0568877390338
1.44218068555 180 1.37388667647 0.068294009073 0.008 0.001 0.059294009073
1.45018068555 181 1.3752399608 0.0749407247461 0.008 0.001 0.0659407247461
1.45818068555 182 1.38742426465 0.070756420893 0.008 0.001 0.061756420893
1.46618068555 183 1.38962614503 0.0765545405122 0.008 0.001 0.0675545405122
1.47418068555 184 1.39800047967 0.0761802058799 0.008 0.001 0.0671802058799
1.48218068555 185 1.40013213133 0.0820485542132 0.008 0.001 0.0730485542132
1.49018068555 186 1.40018159792 0.0899990876223 0.008 0.001 0.0809990876223
1.49818068555 187 1.41331705868 0.0848636268654 0.008 0.001 0.0758636268654
1.50618068555 188 1.42856688422 0.0776138013246 0.008 0.001 0.0686138013246
1.51418068555 189 1.43301788853 0.0811627970188 0.008 0.001 0.0721627970188
1.52218068555 190 1.43413507164 0.0880456139059 0.008 0.001 0.0790456139059
1.53018068555 191 1.45201365836 0.0781670271806 0.008 0.001 0.0691670271806
1.53818068555 192 1.45803006375 0.0801506217944 0.008 0.001 0.0711506217944
1.54618068555 193 1.46987583091 0.0763048546372 0.008 0.001 0.0673048546372
1.55418068555 194 1.47269477981 0.081485905731 0.008 0.001 0.072485905731
1.56218068555 195 1.47289366438 0.0892870211655 0.008 0.001 0.0802870211655
1.57018068555 196 1.47871808032 0.091462605222 0.008 0.001 0.082462605222
1.57818068555 197 1.47881482516 0.0993658603869 0.008 0.001 0.0903658603869
1.58618068555 198 1.4804873083 0.105693377242 0.008 0.001 0.0966933772419
1.59418068555 199 1.48888733706 0.105293348481 0.008 0.001 0.0962933484815
1.60218068555 200 1.49264969081 0.109530994736 0.008 0.001 0.100530994736
1.61018068555 201 1.50488139814 0.105299287404 0.008 0.001 0.0962992874043
1.61818068555 202 1.53238191385 0.085798771695 0.008 0.001 0.076798771695
1.62618068555 203 1.54536386257 0.0808168229754 0.008 0.001 0.0718168229754
1.63418068555 204 1.54991113147 0.0842695540706 0.008 0.001 0.0752695540706
1.64218068555 205 1.56584413106 0.076336554485 0.008 0.001 0.067336554485
1.65018068555 206 1.57878889512 0.0713917904301 0.008 0.001 0.0623917904301
1.65818068555 207 1.58026640989 0.0779142756526 0.008 0.001 0.0689142756526
1.66618068555 208 1.59035833142 0.0758223541237 0.008 0.001 0.0668223541237
1.67418068555 209 1.60318114691 0.0709995386312 0.008 0.001 0.0619995386312
1.68218068555 210 1.60621777094 0.0759629146022 0.008 0.001 0.0669629146022
1.69018068555 211 1.62811294575 0.0620677397918 0.008 0.001 0.0530677397918
1.69818068555 212 1.63218433199 0.0659963535575 0.008 0.001 0.0569963535575
1.70618068555 213 1.6422513368 0.0639293487485 0.008 0.001 0.0549293487485
1.71418068555 214 1.64973676055 0.0644439249955 0.008 0.001 0.0554439249955
1.72218068555 215 1.64978437032 0.0723963152252 0.008 0.001 0.0633963152252
1.73018068555 216 1.65941710132 0.0707635842293 0.008 0.001 0.0617635842293
1.73818068555 217 1.66387079781 0.0743098877345 0.008 0.001 0.0653098877345
1.74618068555 218 1.66788026573 0.0783004198201 0.008 0.001 0.0693004198201
1.75418068555 219 1.6794919801 0.0746887054502 0.008 0.001 0.0656887054502
1.76218068555 220 1.68352969424 0.0786509913008 0.008 0.001 0.0696509913008
1.77018068555 221 1.69351245121 0.0766682343402 0.008 0.001 0.0676682343402
1.77818068555 222 1.69554854937 0.0826321361779 0.008 0.001 0.0736321361779
1.78618068555 223 1.71032513257 0.0758555529771 0.008 0.001 0.0668555529771
1.79418068555 224 1.72756563681 0.0666150487316 0.008 0.001 0.0576150487316
1.80218068555 225 1.73078007901 0.0714006065359 0.008 0.001 0.0624006065359
1.81018068555 226 1.73847313089 0.0717075546562 0.008 0.001 0.0627075546562
1.81818068555 227 1.77806803028 0.0401126552679 0.008 0.001 0.0311126552679
1.82618068555 228 1.78088148432 0.0452992012288 0.008 0.001 0.0362992012288
1.83418068555 229 1.78340522621 0.0507754593335 0.008 0.001 0.0417754593335
1.84218068555 230 1.78467274513 0.0575079404119 0.008 0.001 0.0485079404119
1.85018068555 231 1.78819075775 0.0619899277946 0.008 0.001 0.0529899277946
1.85818068555 232 1.79294650722 0.0652341783231 0.008 0.001 0.0562341783231
1.86618068555 233 1.79378099373 0.0723996918141 0.008 0.001 0.0633996918141
1.87418068555 234 1.81661271288 0.0575679726634 0.008 0.001 0.0485679726634
1.88218068555 235 1.83429925467 0.0478814308726 0.008 0.001 0.0388814308726
1.89018068555 236 1.83552259975 0.0546580857999 0.008 0.001 0.0456580857999
1.89818068555 237 1.83769167172 0.0604890138269 0.008 0.001 0.0514890138269
1.90618068555 238 1.83880120549 0.0673794800583 0.008 0.001 0.0583794800583
1.91418068555 239 1.84645357974 0.0677271058071 0.008 0.001 0.0587271058071
1.92218068555 240 1.85052022606 0.0716604594819 0.008 0.001 0.0626604594819
1.93018068555 241 1.8974415334 0.0327391521469 0.008 0.001 0.0237391521469
1.93818068555 242 1.89824413832 0.0399365472239 0.008 0.001 0.0309365472239
1.94618068555 243 1.91510545369 0.0310752318528 0.008 0.001 0.0220752318528
1.95418068555 244 1.91751053481 0.0366701507333 0.008 0.001 0.0276701507333
1.96218068555 245 1.92335788634 0.0388227992099 0.008 0.001 0.0298227992099
1.97018068555 246 1.93094927886 0.0392314066819 0.008 0.001 0.0302314066819
1.97818068555 247 1.9354349961 0.0427456894455 0.008 0.001 0.0337456894455
1.98618068555 248 1.95431427506 0.0318664104845 0.008 0.001 0.0228664104845
1.99418068555 249 1.96160351679 0.0325771687556 0.008 0.001 0.0235771687556
2.00218068555 250 1.96797134514 0.0342093404061 0.008 0.001 0.0252093404061
2.01018068555 251 1.99181663473 0.018364050815 0.008 0.001 0.009364050815
2.01818068555 252 2.00426053881 0.0139201467347 0.008 0.001 0.00492014673472
2.02618068555 253 2.00514754432 0.0210331412268 0.008 0.001 0.0120331412268
2.03418068555 254 2.01057842412 0.0236022614237 0.008 0.001 0.0146022614237
2.04218068555 255 2.02523337155 0.0169473139991 0.008 0.001 0.00794731399914
2.05018068555 256 2.03533077359 0.0148499119593 0.008 0.001 0.00584991195933
2.06931958632 257 2.06031958632 0.009 0.008 0.001 0.0
2.07731958632 258 2.06139851309 0.0159210732361 0.008 0.001 0.00692107323606
2.08531958632 259 2.06535534262 0.019964243707 0.008 0.001 0.010964243707
2.09331958632 260 2.08029850853 0.0130210777922 0.008 0.001 0.00402107779216
2.10131958632 261 2.08887596914 0.0124436171775 0.008 0.001 0.00344361717754
2.10931958632 262 2.09281275606 0.0165068302584 0.008 0.001 0.00750683025845
2.11749254101 263 2.10849254101 0.009 0.008 0.001 0.0
2.13629382663 264 2.12729382663 0.009 0.008 0.001 0.0
2.14579686927 265 2.13679686927 0.009 0.008 0.001 0.0
2.15379686927 266 2.14337479111 0.0104220781564 0.008 0.001 0.00142207815641
2.16179686927 267 2.14442829741 0.0173685718627 0.008 0.001 0.00836857186266
2.16979686927 268 2.15062349773 0.0191733715454 0.008 0.001 0.0101733715454
2.17779686927 269 2.15990839182 0.0178884774544 0.008 0.001 0.00888847745445
2.18579686927 270 2.16379118367 0.022005685602 0.008 0.001 0.013005685602
2.19379686927 271 2.16430268591 0.029494183357 0.008 0.001 0.020494183357
2.20179686927 272 2.17105071548 0.030746153791 0.008 0.001 0.021746153791
2.20979686927 273 2.17830063055 0.0314962387235 0.008 0.001 0.0224962387235
2.21779686927 274 2.17927319711 0.0385236721585 0.008 0.001 0.0295236721585
2.22579686927 275 2.18515735042 0.0406395188544 0.008 0.001 0.0316395188544
2.23379686927 276 2.21093103506 0.0228658342161 0.008 0.001 0.0138658342161
2.24179686927 277 2.21224032615 0.0295565431256 0.008 0.001 0.0205565431256
2.24979686927 278 2.21580301911 0.0339938501656 0.008 0.001 0.0249938501656
2.25779686927 279 2.22656444397 0.0312324253038 0.008 0.001 0.0222324253038
2.26579686927 280 2.23493089857 0.0308659707059 0.008 0.001 0.0218659707059
2.27379686927 281 2.23599920854 0.0377976607324 0.008 0.001 0.0287976607324
2.28179686927 282 2.25833612529 0.0234607439818 0.008 0.001 0.0144607439818
2.28979686927 283 2.26164197686 0.0281548924084 0.008 0.001 0.0191548924084
2.29779686927 284 2.26815370208 0.0296431671904 0.008 0.001 0.0206431671904
2.30579686927 285 2.27068704007 0.035109829202 0.008 0.001 0.026109829202
2.31379686927 286 2.27443493778 0.0393619314924 0.008 0.001 0.0303619314924
2.32179686927 287 2.29309539374 0.028701475531 0.008 0.001 0.019701475531
2.32979686927 288 2.30017746679 0.0296194024839 0.008 0.001 0.0206194024839
2.36619473888 289 2.35719473888 0.009 0.008 0.001 0.0
2.37713132404 290 2.36813132404 0.009 0.008 0.001 0.0
2.38513132404 291 2.37071085805 0.0144204659886 0.008 0.001 0.0054204659886
2.39313132404 292 2.37766671556 0.0154646084832 0.008 0.001 0.00646460848316
2.40206392022 293 2.39306392022 0.009 0.008 0.001 0.0
2.41006392022 294 2.40065738341 0.00940653680918 0.008 0.001 0.000406536809185
2.43136134854 295 2.42236134854 0.009 0.008 0.001 0.0
2.44571700133 296 2.43671700133 0.009 0.008 0.001 0.0
2.45371700133 297 2.43910965537 0.0146073459607 0.008 0.001 0.00560734596074
2.46171700133 298 2.44060387605 0.0211131252825 0.008 0.001 0.0121131252825
2.46971700133 299 2.44915246387 0.0205645374621 0.008 0.001 0.0115645374621
2.47771700133 300 2.45019884693 0.0275181544076 0.008 0.001 0.0185181544076
2.48571700133 301 2.45078724967 0.034929751662 0.008 0.001 0.025929751662
2.49371700133 302 2.46027251632 0.0334444850108 0.008 0.001 0.0244444850108
2.50171700133 303 2.46757442575 0.034142575588 0.008 0.001 0.025142575588
2.50971700133 304 2.47037068912 0.0393463122156 0.008 0.001 0.0303463122156
2.51771700133 305 2.48274905547 0.0349679458653 0.008 0.001 0.0259679458653
2.52571700133 306 2.50654668841 0.0191703129202 0.008 0.001 0.0101703129202
2.53371700133 307 2.51263830676 0.0210786945756 0.008 0.001 0.0120786945756
2.54171700133 308 2.5204560018 0.0212609995344 0.008 0.001 0.0122609995344
2.54971700133 309 2.52113006509 0.028586936242 0.008 0.001 0.019586936242
2.55771700133 310 2.53416688382 0.0235501175158 0.008 0.001 0.0145501175158
2.56571700133 311 2.54139877191 0.0243182294277 0.008 0.001 0.0153182294277
2.58800956952 312 2.57900956952 0.009 0.008 0.001 0.0
2.59600956952 313 2.58637591364 0.00963365587996 0.008 0.001 0.000633655879957
2.60471679727 314 2.59571679727 0.009 0.008 0.001 0.0
2.61271679727 315 2.59716747266 0.0155493246135 0.008 0.001 0.00654932461346
2.62071679727 316 2.60136012366 0.0193566736185 0.008 0.001 0.0103566736185
2.62871679727 317 2.61209031554 0.0166264817336 0.008 0.001 0.00762648173358
2.63671679727 318 2.6254238038 0.0112929934695 0.008 0.001 0.00229299346949
2.64471679727 319 2.63285826763 0.0118585296466 0.008 0.001 0.00285852964659
2.65271679727 320 2.63709878994 0.0156180073352 0.008 0.001 0.00661800733518
2.66071679727 321 2.64266536956 0.01805142771 0.008 0.001 0.00905142771002
2.66871679727 322 2.64820896787 0.0205078294073 0.008 0.001 0.0115078294073
2.67671679727 323 2.65116325214 0.0255535451345 0.008 0.001 0.0165535451345
2.68651558374 324 2.67751558374 0.009 0.008 0.001 0.0
2.69451558374 325 2.67967958097 0.0148360027714 0.008 0.001 0.00583600277142
2.70251558374 326 2.68201627038 0.0204993133648 0.008 0.001 0.0114993133648
2.71051558374 327 2.68824195756 0.0222736261784 0.008 0.001 0.0132736261784
2.71937880522 328 2.71037880522 0.009 0.008 0.001 0.0
2.72737880522 329 2.71310038481 0.0142784204064 0.008 0.001 0.00527842040642
2.73537880522 330 2.72216822114 0.0132105840716 0.008 0.001 0.00421058407156
2.74337880522 331 2.72719946587 0.0161793393406 0.008 0.001 0.00717933934064
2.75137880522 332 2.73126236699 0.0201164382295 0.008 0.001 0.0111164382295
2.75937880522 333 2.73228739819 0.0270914070215 0.008 0.001 0.0180914070215
2.7829524666 334 2.7739524666 0.009 0.008 0.001 0.0
2.79208254449 335 2.78308254449 0.009 0.008 0.001 0.0
2.80008254449 336 2.78543639769 0.0146461467951 0.008 0.001 0.00564614679507
2.80808254449 337 2.78762759524 0.0204549492516 0.008 0.001 0.0114549492516
2.82473398433 338 2.81573398433 0.009 0.008 0.001 0.0
2.83273398433 339 2.82346110691 0.00927287741799 0.008 0.001 0.000272877417994
2.84073398433 340 2.82591541742 0.0148185669113 0.008 0.001 0.00581856691132
2.84873398433 341 2.82659200096 0.022141983366 0.008 0.001 0.013141983366
2.85673398433 342 2.83045017594 0.0262838083874 0.008 0.001 0.0172838083874
2.86473398433 343 2.83051922268 0.034214761649 0.008 0.001 0.025214761649
2.87273398433 344 2.83727320763 0.0354607767012 0.008 0.001 0.0264607767012
2.88693667299 345 2.87793667299 0.009 0.008 0.001 0.0
2.89493667299 346 2.88102727603 0.013909396963 0.008 0.001 0.00490939696302
2.90330342996 347 2.89430342996 0.009 0.008 0.001 0.0
2.91130342996 348 2.89444412404 0.0168593059214 0.008 0.001 0.00785930592136
2.91930342996 349 2.89750507114 0.0217983588246 0.008 0.001 0.0127983588246
2.92730342996 350 2.9037745128 0.0235289171578 0.008 0.001 0.0145289171578
2.93530342996 351 2.91539528554 0.0199081444193 0.008 0.001 0.0109081444193
2.95411345045 352 2.94511345045 0.009 0.008 0.001 0.0
2.96211345045 353 2.95009978661 0.0120136638418 0.008 0.001 0.00301366384181
2.97011345045 354 2.95554775798 0.0145656924705 0.008 0.001 0.00556569247053
2.979463833 355 2.970463833 0.009 0.008 0.001 0.0
2.987463833 356 2.97332332289 0.0141405101049 0.008 0.001 0.00514051010485
2.995463833 357 2.97536262381 0.0201012091882 0.008 0.001 0.0111012091882
3.003463833 358 2.97973428591 0.0237295470852 0.008 0.001 0.0147295470852
3.011463833 359 2.98610150322 0.0253623297763 0.008 0.001 0.0163623297763
3.019463833 360 2.98851225401 0.0309515789893 0.008 0.001 0.0219515789893
3.027463833 361 2.99079872585 0.0366651071475 0.008 0.001 0.0276651071475
3.035463833 362 3.02107627236 0.0143875606341 0.008 0.001 0.00538756063413
3.043463833 363 3.03040612425 0.0130577087444 0.008 0.001 0.00405770874443
3.051463833 364 3.03206458031 0.0193992526894 0.008 0.001 0.0103992526894
3.059463833 365 3.03361889979 0.0258449332057 0.008 0.001 0.0168449332057
3.07314568237 366 3.06414568237 0.009 0.008 0.001 0.0
3.08114568237 367 3.06824307154 0.0129026108347 0.008 0.001 0.00390261083466
3.08914568237 368 3.07186264946 0.0172830329123 0.008 0.001 0.00828303291232
3.09714568237 369 3.07594339156 0.021202290811 0.008 0.001 0.012202290811
3.10514568237 370 3.08547033751 0.0196753448579 0.008 0.001 0.0106753448579
3.11314568237 371 3.08617774689 0.026967935486 0.008 0.001 0.017967935486
3.12114568237 372 3.08670007428 0.0344456080951 0.008 0.001 0.0254456080951
3.12914568237 373 3.09765411346 0.0314915689119 0.008 0.001 0.0224915689119
3.13714568237 374 3.10764540864 0.0295002737273 0.008 0.001 0.0205002737273
3.14514568237 375 3.11800895394 0.0271367284332 0.008 0.001 0.0181367284332
3.15314568237 376 3.13810803644 0.0150376459334 0.008 0.001 0.00603764593339
3.16215305524 377 3.15315305524 0.009 0.008 0.001 0.0
3.19390371128 378 3.18490371128 0.009 0.008 0.001 0.0
3.20190371128 379 3.18563624922 0.0162674620631 0.008 0.001 0.00726746206312
3.20990371128 380 3.18656640257 0.0233373087109 0.008 0.001 0.0143373087109
3.21790371128 381 3.19619709042 0.0217066208624 0.008 0.001 0.0127066208624
3.22590371128 382 3.19913251292 0.0267711983598 0.008 0.001 0.0177711983598
3.23390371128 383 3.20088327797 0.033020433308 0.008 0.001 0.024020433308
3.24190371128 384 3.20647847146 0.0354252398197 0.008 0.001 0.0264252398197
3.24990371128 385 3.20890949793 0.0409942133445 0.008 0.001 0.0319942133445
3.25790371128 386 3.20900666898 0.0488970422952 0.008 0.001 0.0398970422952
3.26590371128 387 3.21847887356 0.0474248377184 0.008 0.001 0.0384248377184
3.27390371128 388 3.22124073543 0.0526629758449 0.008 0.001 0.0436629758449
3.28190371128 389 3.23580415029 0.0460995609896 0.008 0.001 0.0370995609896
3.28990371128 390 3.24629907791 0.0436046333716 0.008 0.001 0.0346046333716
3.29790371128 391 3.25337959301 0.0445241182687 0.008 0.001 0.0355241182687
3.30590371128 392 3.2626043804 0.0432993308801 0.008 0.001 0.0342993308801
3.31390371128 393 3.27667007323 0.037233638048 0.008 0.001 0.028233638048
3.32190371128 394 3.29721100711 0.0246927041735 0.008 0.001 0.0156927041735
3.32990371128 395 3.2975725817 0.0323311295828 0.008 0.001 0.0233311295828
3.33790371128 396 3.29948237148 0.0384213397949 0.008 0.001 0.0294213397949
3.34590371128 397 3.30789074887 0.0380129624125 0.008 0.001 0.0290129624125
3.35390371128 398 3.30931172584 0.0445919854399 0.008 0.001 0.0355919854399
3.36190371128 399 3.3193834604 0.0425202508747 0.008 0.001 0.0335202508747
3.36990371128 400 3.32111059397 0.0487931173098 0.008 0.001 0.0397931173098
3.37790371128 401 3.32280432239 0.0550993888927 0.008 0.001 0.0460993888927
3.38590371128 402 3.32323900409 0.0626647071844 0.008 0.001 0.0536647071844
3.39390371128 403 3.32373726053 0.0701664507503 0.008 0.001 0.0611664507503
3.40190371128 404 3.32490433331 0.0769993779712 0.008 0.001 0.0679993779712
3.40990371128 405 3.328676051 0.0812276602765 0.008 0.001 0.0722276602765
3.41790371128 406 3.33805629493 0.0798474163539 0.008 0.001 0.0708474163539
3.42590371128 407 3.34505536426 0.0808483470233 0.008 0.001 0.0718483470233
3.43390371128 408 3.35120748064 0.0826962306383 0.008 0.001 0.0736962306383
3.44190371128 409 3.35717157686 0.0847321344223 0.008 0.001 0.0757321344223
3.44990371128 410 3.36258803712 0.087315674158 0.008 0.001 0.078315674158
3.45790371128 411 3.37041327035 0.0874904409246 0.008 0.001 0.0784904409246
3.46590371128 412 3.37494846222 0.0909552490634 0.008 0.001 0.0819552490634
3.47390371128 413 3.37977760512 0.0941261061581 0.008 0.001 0.0851261061581
3.48190371128 414 3.38452796633 0.0973757449482 0.008 0.001 0.0883757449482
3.48990371128 415 3.38548194752 0.104421763755 0.008 0.001 0.0954217637546
3.49790371128 416 3.39472247749 0.103181233791 0.008 0.001 0.0941812337908
3.50590371128 417 3.40196989246 0.103933818819 0.008 0.001 0.0949338188187
3.51390371128 418 3.42459852454 0.0893051867421 0.008 0.001 0.0803051867421
3.52190371128 419 3.42567865326 0.0962250580157 0.008 0.001 0.0872250580157
3.52990371128 420 3.43581068706 0.0940930242157 0.008 0.001 0.0850930242157
3.53790371128 421 3.43755895609 0.100344755193 0.008 0.001 0.0913447551926
3.54590371128 422 3.44915156751 0.0967521437712 0.008 0.001 0.0877521437712
3.55390371128 423 3.45026976258 0.103633948696 0.008 0.001 0.0946339486963
3.56190371128 424 3.45363890736 0.108264803917 0.008 0.001 0.0992648039165
3.56990371128 425 3.45960257694 0.110301134336 0.008 0.001 0.101301134336
3.57790371128 426 3.46667185405 0.111231857231 0.008 0.001 0.102231857231
3.58590371128 427 3.47167859947 0.114225111812 0.008 0.001 0.105225111812
3.59390371128 428 3.47515728146 0.118746429818 0.008 0.001 0.109746429818
3.60190371128 429 3.48081350852 0.121090202759 0.008 0.001 0.112090202759
3.60990371128 430 3.50852776189 0.101375949394 0.008 0.001 0.0923759493937
3.61790371128 431 3.52113688055 0.0967668307248 0.008 0.001 0.0877668307248
3.62590371128 432 3.52482986918 0.101073842098 0.008 0.001 0.0920738420983
3.63390371128 433 3.52834343897 0.10556027231 0.008 0.001 0.0965602723099
3.64190371128 434 3.53422231343 0.107681397847 0.008 0.001 0.0986813978467
3.64990371128 435 3.54342227362 0.106481437659 0.008 0.001 0.0974814376589
3.65790371128 436 3.54485660836 0.113047102915 0.008 0.001 0.104047102915
3.66590371128 437 3.55111068434 0.114793026935 0.008 0.001 0.105793026935
3.67390371128 438 3.55293034981 0.120973361468 0.008 0.001 0.111973361468
3.68190371128 439 3.56611694677 0.115786764508 0.008 0.001 0.106786764508
3.68990371128 440 3.57816175122 0.111741960055 0.008 0.001 0.102741960055
3.69790371128 441 3.58062060328 0.117283108 0.008 0.001 0.108283108
3.70590371128 442 3.595367273 0.110536438284 0.008 0.001 0.101536438284
3.71390371128 443 3.59679539859 0.117108312684 0.008 0.001 0.108108312684
3.72190371128 444 3.59748794439 0.124415766889 0.008 0.001 0.115415766889
3.72990371128 445 3.59998260317 0.129921108111 0.008 0.001 0.120921108111
3.73790371128 446 3.6076952243 0.130208486978 0.008 0.001 0.121208486978
3.74590371128 447 3.61465083938 0.131252871894 0.008 0.001 0.122252871894
3.75390371128 448 3.63094617749 0.122957533784 0.008 0.001 0.113957533784
3.76190371128 449 3.63253665346 0.129367057821 0.008 0.001 0.120367057821
3.76990371128 450 3.66613584777 0.103767863509 0.008 0.001 0.0947678635091
3.77790371128 451 3.67279232368 0.105111387594 0.008 0.001 0.096111387594
3.78590371128 452 3.69794475543 0.0879589558513 0.008 0.001 0.0789589558513
3.79390371128 453 3.7336617349 0.0602419763741 0.008 0.001 0.0512419763741
3.80190371128 454 3.73536285092 0.0665408603626 0.008 0.001 0.0575408603626
3.80990371128 455 3.76053310086 0.04937061042 0.008 0.001 0.04037061042
3.81790371128 456 3.76306437157 0.0548393397096 0.008 0.001 0.0458393397096
3.82590371128 457 3.76963043637 0.0562732749085 0.008 0.001 0.0472732749085
3.83390371128 458 3.7714233714 0.0624803398755 0.008 0.001 0.0534803398755
3.84190371128 459 3.77570713109 0.0661965801845 0.008 0.001 0.0571965801845
3.84990371128 460 3.7813183526 0.0685853586809 0.008 0.001 0.0595853586809
3.85790371128 461 3.78699041285 0.0709132984315 0.008 0.001 0.0619132984315
3.86590371128 462 3.79451784279 0.0713858684883 0.008 0.001 0.0623858684883
3.87390371128 463 3.82046181342 0.0534418978572 0.008 0.001 0.0444418978572
3.88190371128 464 3.83588850901 0.0460152022707 0.008 0.001 0.0370152022707
3.88990371128 465 3.8481472739 0.0417564373824 0.008 0.001 0.0327564373824
3.89790371128 466 3.85487001759 0.0430336936909 0.008 0.001 0.0340336936909
3.90590371128 467 3.8743063986 0.0315973126801 0.008 0.001 0.0225973126801
3.91390371128 468 3.87894722252 0.034956488756 0.008 0.001 0.025956488756
3.92190371128 469 3.88564751349 0.0362561977904 0.008 0.001 0.0272561977904
3.92990371128 470 3.90373404409 0.0261696671932 0.008 0.001 0.0171696671932
3.93790371128 471 3.90607194442 0.0318317668623 0.008 0.001 0.0228317668623
3.94590371128 472 3.90938174098 0.036521970302 0.008 0.001 0.027521970302
3.95390371128 473 3.9187760016 0.0351277096828 0.008 0.001 0.0261277096828
3.96190371128 474 3.92119261784 0.0407110934361 0.008 0.001 0.0317110934361
3.96990371128 475 3.9594315679 0.0104721433755 0.008 0.001 0.0014721433755
3.98776271706 476 3.97876271706 0.009 0.008 0.001 0.0
3.99576271706 477 3.98146403959 0.0142986774711 0.008 0.001 0.0052986774711
4.00376271706 478 3.98498785089 0.0187748661732 0.008 0.001 0.00977486617321
4.01176271706 479 3.98765554727 0.0241071697916 0.008 0.001 0.0151071697916
4.01976271706 480 3.98870053387 0.0310621831938 0.008 0.001 0.0220621831938
4.02776271706 481 3.98938917365 0.0383735434091 0.008 0.001 0.0293735434091
4.03576271706 482 3.99635466098 0.039408056079 0.008 0.001 0.030408056079
4.04376271706 483 3.99850589361 0.0452568234512 0.008 0.001 0.0362568234512
4.05176271706 484 4.00844370954 0.0433190075184 0.008 0.001 0.0343190075184
4.05976271706 485 4.01564012684 0.0441225902185 0.008 0.001 0.0351225902185
4.06776271706 486 4.02445942523 0.0433032918279 0.008 0.001 0.0343032918279
4.07576271706 487 4.02507901361 0.0506837034515 0.008 0.001 0.0416837034515
4.08376271706 488 4.02724984308 0.0565128739833 0.008 0.001 0.0475128739833
4.09176271706 489 4.05039519907 0.0413675179932 0.008 0.001 0.0323675179932
4.09976271706 490 4.054132087 0.0456306300606 0.008 0.001 0.0366306300606
4.10776271706 491 4.07115701527 0.0366057017933 0.008 0.001 0.0276057017933
4.11576271706 492 4.07289177405 0.042870943007 0.008 0.001 0.033870943007
4.12376271706 493 4.07557507521 0.0481876418519 0.008 0.001 0.0391876418519
4.13176271706 494 4.07642518356 0.055337533501 0.008 0.001 0.046337533501
4.13976271706 495 4.08995148919 0.0498112278708 0.008 0.001 0.0408112278708
4.14776271706 496 4.11332243044 0.0344402866169 0.008 0.001 0.0254402866169
4.15576271706 497 4.12883850462 0.0269242124422 0.008 0.001 0.0179242124422
4.16814454431 498 4.15914454431 0.009 0.008 0.001 0.0
4.1857572476 499 4.1767572476 0.009 0.008 0.001 0.0
4.1937572476 500 4.17710274392 0.0166545036834 0.008 0.001 0.00765450368342
4.20836933229 501 4.19936933229 0.009 0.008 0.001 0.0
4.22089396582 502 4.21189396582 0.009 0.008 0.001 0.0
4.22889396582 503 4.21620532563 0.012688640191 0.008 0.001 0.00368864019102
4.23689396582 504 4.21679865727 0.0200953085486 0.008 0.001 0.0110953085486
4.24489396582 505 4.21891211585 0.0259818499693 0.008 0.001 0.0169818499693
4.25289396582 506 4.22499006378 0.0279039020388 0.008 0.001 0.0189039020388
4.26089396582 507 4.2306611884 0.0302327774243 0.008 0.001 0.0212327774243
4.26889396582 508 4.23200363459 0.036890331234 0.008 0.001 0.027890331234
4.27689396582 509 4.233122802 0.0437711638219 0.008 0.001 0.0347711638219
4.28489396582 510 4.25499594879 0.0298980170296 0.008 0.001 0.0208980170296
4.29289396582 511 4.25733066883 0.0355632969921 0.008 0.001 0.0265632969921
4.30089396582 512 4.26694095724 0.0339530085828 0.008 0.001 0.0249530085828
4.30889396582 513 4.28468839551 0.0242055703161 0.008 0.001 0.0152055703161
4.31689396582 514 4.28617670579 0.0307172600286 0.008 0.001 0.0217172600286
4.32489396582 515 4.2916178564 0.0332761094219 0.008 0.001 0.0242761094219
4.33289396582 516 4.29638149354 0.0365124722782 0.008 0.001 0.0275124722782
4.34089396582 517 4.30250364786 0.0383903179651 0.008 0.001 0.0293903179651
4.34889396582 518 4.30548042537 0.043413540452 0.008 0.001 0.034413540452
4.35689396582 519 4.31310556746 0.0437883983608 0.008 0.001 0.0347883983608
4.36489396582 520 4.32365887063 0.0412350951938 0.008 0.001 0.0322350951938
4.37289396582 521 4.32964940606 0.0432445597609 0.008 0.001 0.0342445597609
4.38089396582 522 4.34384889959 0.0370450662358 0.008 0.001 0.0280450662358
4.38889396582 523 4.34876306673 0.0401308990924 0.008 0.001 0.0311308990924
4.39689396582 524 4.35585270006 0.0410412657608 0.008 0.001 0.0320412657608
4.40489396582 525 4.36902244057 0.0358715252552 0.008 0.001 0.0268715252552
4.41289396582 526 4.37187763036 0.0410163354582 0.008 0.001 0.0320163354582
4.42089396582 527 4.38081704807 0.0400769177513 0.008 0.001 0.0310769177513
4.42889396582 528 4.38227038487 0.0466235809499 0.008 0.001 0.0376235809499
4.43689396582 529 4.40192595686 0.0349680089681 0.008 0.001 0.0259680089681
4.44489396582 530 4.40824642081 0.0366475450157 0.008 0.001 0.0276475450157
4.45289396582 531 4.40831999553 0.0445739702969 0.008 0.001 0.0355739702969
4.46089396582 532 4.41203752684 0.0488564389794 0.008 0.001 0.0398564389794
4.46889396582 533 4.42997013286 0.0389238329589 0.008 0.001 0.0299238329589
4.47689396582 534 4.43146596199 0.0454280038372 0.008 0.001 0.0364280038372
4.48489396582 535 4.4325653756 0.0523285902225 0.008 0.001 0.0433285902225
4.49289396582 536 4.43992940248 0.0529645633431 0.008 0.001 0.0439645633431
4.50089396582 537 4.44432033608 0.0565736297469 0.008 0.001 0.0475736297469
4.50889396582 538 4.45001638563 0.0588775801979 0.008 0.001 0.0498775801979
4.51689396582 539 4.4509392458 0.0659547200214 0.008 0.001 0.0569547200214
4.52489396582 540 4.46221449503 0.0626794707915 0.008 0.001 0.0536794707915
4.53289396582 541 4.46634379919 0.0665501666292 0.008 0.001 0.0575501666292
4.54089396582 542 4.4677781224 0.0731158434262 0.008 0.001 0.0641158434262
4.54889396582 543 4.47285773869 0.0760362271341 0.008 0.001 0.0670362271341
4.55689396582 544 4.47715611501 0.0797378508113 0.008 0.001 0.0707378508113
4.56489396582 545 4.47757819756 0.0873157682625 0.008 0.001 0.0783157682625
4.57289396582 546 4.48464280714 0.0882511586833 0.008 0.001 0.0792511586833
4.58089396582 547 4.48593248077 0.0949614850541 0.008 0.001 0.0859614850541
4.58889396582 548 4.50254276297 0.0863512028567 0.008 0.001 0.0773512028567
4.59689396582 549 4.51492542878 0.0819685370394 0.008 0.001 0.0729685370394
4.60489396582 550 4.52018997473 0.084703991094 0.008 0.001 0.075703991094
4.61289396582 551 4.52308307681 0.0898108890176 0.008 0.001 0.0808108890176
4.62089396582 552 4.52532281409 0.0955711517346 0.008 0.001 0.0865711517346
4.62889396582 553 4.53660025996 0.0922937058639 0.008 0.001 0.0832937058639
4.63689396582 554 4.54375422232 0.0931397435071 0.008 0.001 0.0841397435071
4.64489396582 555 4.55926199858 0.0856319672428 0.008 0.001 0.0766319672428
4.65289396582 556 4.56602922334 0.0868647424875 0.008 0.001 0.0778647424875
4.66089396582 557 4.56740722298 0.0934867428472 0.008 0.001 0.0844867428472
4.66889396582 558 4.57093604341 0.0979579224139 0.008 0.001 0.0889579224139
4.67689396582 559 4.591213113 0.0856808528258 0.008 0.001 0.0766808528258
4.68489396582 560 4.60216904506 0.0827249207658 0.008 0.001 0.0737249207658
4.69289396582 561 4.60942657748 0.0834673883392 0.008 0.001 0.0744673883392
4.70089396582 562 4.62085406057 0.0800399052487 0.008 0.001 0.0710399052487
4.70889396582 563 4.62200420888 0.086889756945 0.008 0.001 0.077889756945
4.71689396582 564 4.63338878875 0.0835051770781 0.008 0.001 0.0745051770781
4.72489396582 565 4.64018275931 0.0847112065092 0.008 0.001 0.0757112065092
4.73289396582 566 4.66346829825 0.069425667572 0.008 0.001 0.060425667572
4.74089396582 567 4.66557853174 0.0753154340871 0.008 0.001 0.0663154340871
4.74889396582 568 4.66821717926 0.0806767865619 0.008 0.001 0.0716767865619
4.75689396582 569 4.67012280597 0.0867711598548 0.008 0.001 0.0777711598548
4.76489396582 570 4.67855842744 0.0863355383878 0.008 0.001 0.0773355383878
4.77289396582 571 4.68742217381 0.085471792018 0.008 0.001 0.076471792018
4.78089396582 572 4.69293780213 0.0879561636931 0.008 0.001 0.0789561636931
4.78889396582 573 4.69928001719 0.0896139486341 0.008 0.001 0.0806139486341
4.79689396582 574 4.71214234712 0.0847516187033 0.008 0.001 0.0757516187033
4.80489396582 575 4.736902156 0.0679918098231 0.008 0.001 0.0589918098231
4.81289396582 576 4.74938101409 0.0635129517363 0.008 0.001 0.0545129517363
4.82089396582 577 4.7531470788 0.0677468870279 0.008 0.001 0.0587468870279
4.82889396582 578 4.76024911877 0.0686448470493 0.008 0.001 0.0596448470493
4.83689396582 579 4.76157328513 0.075320680693 0.008 0.001 0.066320680693
4.84489396582 580 4.76407855706 0.0808154087612 0.008 0.001 0.0718154087612
4.85289396582 581 4.76615880023 0.0867351655947 0.008 0.001 0.0777351655947
4.86089396582 582 4.76732741378 0.0935665520415 0.008 0.001 0.0845665520415
4.86889396582 583 4.77074481399 0.0981491518317 0.008 0.001 0.0891491518317
4.87689396582 584 4.77858753646 0.0983064293622 0.008 0.001 0.0893064293622
4.88489396582 585 4.78654243733 0.0983515284929 0.008 0.001 0.0893515284929
4.89289396582 586 4.78974730358 0.103146662242 0.008 0.001 0.0941466622422
4.90089396582 587 4.79623232529 0.10466164053 0.008 0.001 0.0956616405302
4.90889396582 588 4.80522215458 0.103671811245 0.008 0.001 0.0946718112448
4.91689396582 589 4.81135613202 0.105537833798 0.008 0.001 0.0965378337982
4.92489396582 590 4.81499452703 0.109899438789 0.008 0.001 0.100899438789
4.93289396582 591 4.83928212782 0.0936118380081 0.008 0.001 0.0846118380081
4.94089396582 592 4.88111129411 0.0597826717098 0.008 0.001 0.0507826717098
4.94889396582 593 4.891848506 0.0570454598205 0.008 0.001 0.0480454598205
4.95689396582 594 4.90083548431 0.0560584815085 0.008 0.001 0.0470584815085
4.96489396582 595 4.92517110629 0.0397228595296 0.008 0.001 0.0307228595296
4.97289396582 596 4.93598687241 0.0369070934156 0.008 0.001 0.0279070934156
4.98089396582 597 4.95295861943 0.0279353463961 0.008 0.001 0.0189353463961
4.98889396582 598 4.95804556997 0.0308483958575 0.008 0.001 0.0218483958575
4.99689396582 599 4.96508120854 0.0318127572839 0.008 0.001 0.0228127572839
5.00791109516 600 4.99891109516 0.009 0.008 0.001 0.0
5.01591109516 601 5.00224557208 0.0136655230778 0.008 0.001 0.00466552307782
5.03579057156 602 5.02679057156 0.009 0.008 0.001 0.0
5.04379057156 603 5.02733352122 0.0164570503333 0.008 0.001 0.00745705033331
5.05179057156 604 5.03513378735 0.0166567842026 0.008 0.001 0.00765678420259
5.05979057156 605 5.04212179768 0.017668773878 0.008 0.001 0.00866877387799
5.06935860105 606 5.06035860105 0.009 0.008 0.001 0.0
5.09444412976 607 5.08544412976 0.009 0.008 0.001 0.0
5.10244412976 608 5.08690648903 0.0155376407265 0.008 0.001 0.00653764072645
5.11210688873 609 5.10310688873 0.009 0.008 0.001 0.0
5.12010688873 610 5.1052734756 0.0148334131316 0.008 0.001 0.00583341313163
5.12810688873 611 5.10821782212 0.0198890666128 0.008 0.001 0.0108890666128
5.13610688873 612 5.11221409239 0.0238927963416 0.008 0.001 0.0148927963416
5.14410688873 613 5.11377621913 0.0303306696027 0.008 0.001 0.0213306696027
5.15508923226 614 5.14608923226 0.009 0.008 0.001 0.0
5.1631626325 615 5.1541626325 0.009 0.008 0.001 0.0
5.18539205681 616 5.17639205681 0.009 0.008 0.001 0.0
5.19339205681 617 5.17811285745 0.0152791993684 0.008 0.001 0.00627919936844
5.20139205681 618 5.17979842486 0.0215936319576 0.008 0.001 0.0125936319576
5.20939205681 619 5.19256979881 0.0168222580003 0.008 0.001 0.00782225800034
5.21739205681 620 5.19330564734 0.0240864094723 0.008 0.001 0.0150864094723
5.22539205681 621 5.21051359435 0.0148784624658 0.008 0.001 0.00587846246583
5.23648662297 622 5.22748662297 0.009 0.008 0.001 0.0
5.24448662297 623 5.22896158797 0.0155250349991 0.008 0.001 0.00652503499914
5.25248662297 624 5.23691306728 0.0155735556951 0.008 0.001 0.00657355569508
5.26048662297 625 5.24591739103 0.0145692319421 0.008 0.001 0.00556923194211
5.26848662297 626 5.25280082275 0.0156858002255 0.008 0.001 0.0066858002255
5.27648662297 627 5.25688671077 0.0195999122077 0.008 0.001 0.0105999122077
5.28448662297 628 5.27340151858 0.0110851043931 0.008 0.001 0.00208510439306
5.29248662297 629 5.27707104735 0.0154155756194 0.008 0.001 0.00641557561937
5.3083412962 630 5.2993412962 0.009 0.008 0.001 0.0
5.3163412962 631 5.30510072418 0.0112405720288 0.008 0.001 0.00224057202878
5.3243412962 632 5.3053292383 0.0190120579001 0.008 0.001 0.0100120579001
5.3323412962 633 5.31413048719 0.0182108090137 0.008 0.001 0.00921080901367
5.3403412962 634 5.31879719623 0.0215440999719 0.008 0.001 0.0125440999719
5.3483412962 635 5.32522430261 0.023116993598 0.008 0.001 0.014116993598
5.3563412962 636 5.33175348913 0.0245878070719 0.008 0.001 0.0155878070719
5.3643412962 637 5.33249949315 0.0318418030516 0.008 0.001 0.0228418030516
5.3723412962 638 5.33364083541 0.038700460794 0.008 0.001 0.029700460794
5.3803412962 639 5.34011691894 0.0402243772678 0.008 0.001 0.0312243772678
5.3883412962 640 5.34627737478 0.0420639214214 0.008 0.001 0.0330639214214
5.3963412962 641 5.34992306 0.0464182362054 0.008 0.001 0.0374182362054
5.4043412962 642 5.35055476904 0.0537865271673 0.008 0.001 0.0447865271673
5.4123412962 643 5.36263178221 0.0497095139917 0.008 0.001 0.0407095139917
5.4203412962 644 5.37287917781 0.0474621183936 0.008 0.001 0.0384621183936
5.4283412962 645 5.37634990475 0.0519913914491 0.008 0.001 0.0429913914491
5.4363412962 646 5.37667207036 0.0596692258458 0.008 0.001 0.0506692258458
5.4443412962 647 5.38262414707 0.0617171491382 0.008 0.001 0.0527171491382
5.4523412962 648 5.38374214163 0.0685991545717 0.008 0.001 0.0595991545717
5.4603412962 649 5.39026289102 0.0700784051817 0.008 0.001 0.0610784051817
5.4683412962 650 5.40075986361 0.0675814325899 0.008 0.001 0.0585814325899
5.4763412962 651 5.41682406205 0.0595172341518 0.008 0.001 0.0505172341518
5.4843412962 652 5.42370555921 0.060635736991 0.008 0.001 0.051635736991
5.4923412962 653 5.42644670096 0.0658945952415 0.008 0.001 0.0568945952415
5.5003412962 654 5.43041954596 0.0699217502419 0.008 0.001 0.0609217502419
5.5083412962 655 5.43423349603 0.0741078001745 0.008 0.001 0.0651078001745
5.5163412962 656 5.43483338268 0.0815079135244 0.008 0.001 0.0725079135244
5.5243412962 657 5.44187950468 0.0824617915224 0.008 0.001 0.0734617915224
5.5323412962 658 5.46122115573 0.0711201404748 0.008 0.001 0.0621201404748
5.5403412962 659 5.46601664287 0.0743246533334 0.008 0.001 0.0653246533334
5.5483412962 660 5.46922016566 0.0791211305469 0.008 0.001 0.0701211305469
5.5563412962 661 5.47839080199 0.0779504942156 0.008 0.001 0.0689504942156
5.5643412962 662 5.48444719383 0.079894102373 0.008 0.001 0.070894102373
5.5723412962 663 5.48635822175 0.0859830744527 0.008 0.001 0.0769830744527
5.5803412962 664 5.49167047357 0.0886708226386 0.008 0.001 0.0796708226386
5.5883412962 665 5.50831607441 0.0800252217894 0.008 0.001 0.0710252217894
5.5963412962 666 5.50861741649 0.0877238797102 0.008 0.001 0.0787238797102
5.6043412962 667 5.5215156104 0.0828256858015 0.008 0.001 0.0738256858015
5.6123412962 668 5.52544299403 0.0868983021691 0.008 0.001 0.0778983021691
5.6203412962 669 5.52679046527 0.0935508309363 0.008 0.001 0.0845508309363
5.6283412962 670 5.53021293628 0.0981283599252 0.008 0.001 0.0891283599252
5.6363412962 671 5.55051198067 0.0858293155292 0.008 0.001 0.0768293155292
5.6443412962 672 5.55263792913 0.0917033670693 0.008 0.001 0.0827033670693
5.6523412962 673 5.55341071245 0.0989305837506 0.008 0.001 0.0899305837506
5.6603412962 674 5.55937726519 0.100964031011 0.008 0.001 0.0919640310112
5.6683412962 675 5.57710944695 0.091231849251 0.008 0.001 0.082231849251
5.6763412962 676 5.58177168458 0.0945696116233 0.008 0.001 0.0855696116233
5.6843412962 677 5.5942571033 0.0900841929059 0.008 0.001 0.0810841929059
5.6923412962 678 5.595970119 0.0963711772002 0.008 0.001 0.0873711772002
5.7003412962 679 5.60119883487 0.0991424613332 0.008 0.001 0.0901424613332
5.7083412962 680 5.61934839908 0.0889928971261 0.008 0.001 0.0799928971261
5.7163412962 681 5.62360813994 0.0927331562626 0.008 0.001 0.0837331562626
5.7243412962 682 5.6247826767 0.0995586195054 0.008 0.001 0.0905586195054
5.7323412962 683 5.63660010669 0.0957411895099 0.008 0.001 0.0867411895099
5.7403412962 684 5.64060620496 0.0997350912407 0.008 0.001 0.0907350912407
5.7483412962 685 5.65223307164 0.0961082245631 0.008 0.001 0.0871082245631
5.7563412962 686 5.66087235568 0.0954689405218 0.008 0.001 0.0864689405218
5.7643412962 687 5.67971191625 0.0846293799517 0.008 0.001 0.0756293799517
5.7723412962 688 5.68067108715 0.0916702090512 0.008 0.001 0.0826702090512
5.7803412962 689 5.69150565633 0.0888356398732 0.008 0.001 0.0798356398732
5.7883412962 690 5.69292003262 0.0954212635793 0.008 0.001 0.0864212635793
5.7963412962 691 5.7100592474 0.0862820488026 0.008 0.001 0.0772820488026
5.8043412962 692 5.72351911892 0.0808221772855 0.008 0.001 0.0718221772855
5.8123412962 693 5.72472989827 0.08761139793 0.008 0.001 0.07861139793
5.8203412962 694 5.73018682455 0.0901544716577 0.008 0.001 0.0811544716577
5.8283412962 695 5.73209724439 0.0962440518097 0.008 0.001 0.0872440518097
5.8363412962 696 5.75633879182 0.0800025043805 0.008 0.001 0.0710025043805
5.8443412962 697 5.77172655349 0.0726147427091 0.008 0.001 0.0636147427091
5.8523412962 698 5.77553731824 0.0768039779595 0.008 0.001 0.0678039779595
5.8603412962 699 5.79122012409 0.0691211721175 0.008 0.001 0.0601211721175
5.8683412962 700 5.79528768659 0.0730536096103 0.008 0.001 0.0640536096103
5.8763412962 701 5.79775607908 0.0785852171207 0.008 0.001 0.0695852171207
5.8843412962 702 5.80489511103 0.0794461851785 0.008 0.001 0.0704461851785
5.8923412962 703 5.80533426782 0.0870070283818 0.008 0.001 0.0780070283818
5.9003412962 704 5.8091664101 0.0911748861037 0.008 0.001 0.0821748861037
5.9083412962 705 5.82700739392 0.0813339022875 0.008 0.001 0.0723339022875
5.9163412962 706 5.83877138702 0.0775699091827 0.008 0.001 0.0685699091827
5.9243412962 707 5.83902149744 0.0853197987627 0.008 0.001 0.0763197987627
5.9323412962 708 5.84145319356 0.090888102641 0.008 0.001 0.081888102641
5.9403412962 709 5.84896738621 0.0913739099906 0.008 0.001 0.0823739099906
5.9483412962 710 5.85931075113 0.089030545069 0.008 0.001 0.080030545069
5.9563412962 711 5.87366223351 0.0826790626945 0.008 0.001 0.0736790626945
5.9643412962 712 5.87791402335 0.0864272728492 0.008 0.001 0.0774272728492
5.9723412962 713 5.88363054679 0.0887107494164 0.008 0.001 0.0797107494164
5.9803412962 714 5.90588280892 0.0744584872827 0.008 0.001 0.0654584872827
5.9883412962 715 5.9074856748 0.0808556214035 0.008 0.001 0.0718556214035
5.9963412962 716 5.91934199998 0.0769992962246 0.008 0.001 0.0679992962246
6.0043412962 717 5.92723182758 0.077109468625 0.008 0.001 0.068109468625
6.0123412962 718 5.93300519337 0.0793361028305 0.008 0.001 0.0703361028305
6.0203412962 719 5.94953050623 0.0708107899774 0.008 0.001 0.0618107899774
6.0283412962 720 5.95235324625 0.0759880499498 0.008 0.001 0.0669880499498
6.0363412962 721 5.9562736227 0.080067673503 0.008 0.001 0.071067673503
6.0443412962 722 5.960330868 0.0840104282074 0.008 0.001 0.0750104282074
6.0523412962 723 5.96366503215 0.0886762640585 0.008 0.001 0.0796762640585
6.0603412962 724 5.96876738563 0.0915739105708 0.008 0.001 0.0825739105708
6.0683412962 725 5.97817654361 0.090164752594 0.008 0.001 0.081164752594
6.0763412962 726 5.9887305801 0.0876107161041 0.008 0.001 0.0786107161041
6.0843412962 727 5.99332351379 0.091017782415 0.008 0.001 0.082017782415
6.0923412962 728 5.99366785127 0.0986734449309 0.008 0.001 0.0896734449309
6.1003412962 729 5.99891208827 0.101429207931 0.008 0.001 0.0924292079305
6.1083412962 730 6.0080693696 0.100271926601 0.008 0.001 0.091271926601
6.1163412962 731 6.01231524803 0.104026048176 0.008 0.001 0.0950260481759
6.1243412962 732 6.03023280911 0.0941084870907 0.008 0.001 0.0851084870907
6.1323412962 733 6.03728472973 0.0950565664766 0.008 0.001 0.0860565664766
6.1403412962 734 6.04550651298 0.094834783225 0.008 0.001 0.085834783225
6.1483412962 735 6.0473008334 0.101040462807 0.008 0.001 0.0920404628067
6.1563412962 736 6.04806239375 0.108278902452 0.008 0.001 0.0992789024524
6.1643412962 737 6.05510429437 0.109237001836 0.008 0.001 0.100237001836
6.1723412962 738 6.067653329 0.104687967204 0.008 0.001 0.0956879672043
6.1803412962 739 6.08297632223 0.0973649739785 0.008 0.001 0.0883649739785
6.1883412962 740 6.08677824917 0.101563047037 0.008 0.001 0.0925630470366
6.1963412962 741 6.09195732466 0.104383971543 0.008 0.001 0.0953839715428
6.2043412962 742 6.09355934985 0.11078194635 0.008 0.001 0.10178194635
6.2123412962 743 6.10914681609 0.103194480118 0.008 0.001 0.0941944801184
6.2203412962 744 6.11588968269 0.104451613516 0.008 0.001 0.0954516135162
6.2283412962 745 6.12094068168 0.107400614521 0.008 0.001 0.0984006145208
6.2363412962 746 6.12210236779 0.114238928414 0.008 0.001 0.105238928414
6.2443412962 747 6.12481777159 0.119523524616 0.008 0.001 0.110523524616
6.2523412962 748 6.12522749245 0.12711380375 0.008 0.001 0.11811380375
6.2603412962 749 6.13016666233 0.130174633878 0.008 0.001 0.121174633878
6.2683412962 750 6.13098134052 0.13735995568 0.008 0.001 0.12835995568
6.2763412962 751 6.13707535537 0.139265940837 0.008 0.001 0.130265940837
6.2843412962 752 6.13802763018 0.146313666027 0.008 0.001 0.137313666027
6.2923412962 753 6.14367713126 0.148664164942 0.008 0.001 0.139664164942
6.3003412962 754 6.14657914727 0.153762148938 0.008 0.001 0.144762148938
6.3083412962 755 6.15140109161 0.156940204593 0.008 0.001 0.147940204593
6.3163412962 756 6.15392215606 0.162419140144 0.008 0.001 0.153419140144
6.3243412962 757 6.16673890504 0.157602391163 0.008 0.001 0.148602391163
6.3323412962 758 6.20261883886 0.129722457344 0.008 0.001 0.120722457344
6.3403412962 759 6.22661836721 0.11372292899 0.008 0.001 0.10472292899
6.3483412962 760 6.231601216 0.1167400802 0.008 0.001 0.1077400802
6.3563412962 761 6.23716890932 0.119172386883 0.008 0.001 0.110172386883
6.3643412962 762 6.24155862573 0.122782670471 0.008 0.001 0.113782670471
6.3723412962 763 6.25069396496 0.121647331239 0.008 0.001 0.112647331239
6.3803412962 764 6.25739862202 0.122942674188 0.008 0.001 0.113942674188
6.3883412962 765 6.27454980544 0.113791490759 0.008 0.001 0.104791490759
6.3963412962 766 6.27920248864 0.117138807568 0.008 0.001 0.108138807568
6.4043412962 767 6.28537051642 0.118970779788 0.008 0.001 0.109970779788
6.4123412962 768 6.30066478513 0.111676511072 0.008 0.001 0.102676511072
6.4203412962 769 6.30865103375 0.111690262457 0.008 0.001 0.102690262457
6.4283412962 770 6.31129240878 0.117048887426 0.008 0.001 0.108048887426
6.4363412962 771 6.31857002752 0.117771268682 0.008 0.001 0.108771268682
6.4443412962 772 6.32869291222 0.115648383983 0.008 0.001 0.106648383983
6.4523412962 773 6.34587697244 0.106464323766 0.008 0.001 0.0974643237665
6.4603412962 774 6.34664959792 0.113691698281 0.008 0.001 0.104691698281
6.4683412962 775 6.34762695585 0.120714340358 0.008 0.001 0.111714340358
6.4763412962 776 6.34997347575 0.126367820454 0.008 0.001 0.117367820454
6.4843412962 777 6.36000087517 0.124340421036 0.008 0.001 0.115340421036
6.4923412962 778 6.36075427999 0.131587016214 0.008 0.001 0.122587016214
6.5003412962 779 6.36117861081 0.139162685393 0.008 0.001 0.130162685393
6.5083412962 780 6.3630515653 0.145289730901 0.008 0.001 0.136289730901
6.5163412962 781 6.36842146834 0.147919827863 0.008 0.001 0.138919827863
6.5243412962 782 6.37556405293 0.148777243269 0.008 0.001 0.139777243269
6.5323412962 783 6.38698875293 0.145352543278 0.008 0.001 0.136352543278
6.5403412962 784 6.39576043754 0.14458085866 0.008 0.001 0.13558085866
6.5483412962 785 6.4010567765 0.147284519701 0.008 0.001 0.138284519701
6.5563412962 786 6.42543402195 0.130907274252 0.008 0.001 0.121907274252
6.5643412962 787 6.42588552559 0.138455770609 0.008 0.001 0.129455770609
6.5723412962 788 6.4333484271 0.138992869099 0.008 0.001 0.129992869099
6.5803412962 789 6.46191111716 0.118430179039 0.008 0.001 0.109430179039
6.5883412962 790 6.47538539762 0.112955898587 0.008 0.001 0.103955898587
6.5963412962 791 6.47842998435 0.11791131185 0.008 0.001 0.10891131185
6.6043412962 792 6.49042281637 0.113918479831 0.008 0.001 0.104918479831
6.6123412962 793 6.50844480548 0.103896490721 0.008 0.001 0.0948964907209
6.6203412962 794 6.51024254102 0.110098755189 0.008 0.001 0.101098755189
6.6283412962 795 6.52162736679 0.106713929413 0.008 0.001 0.0977139294132
6.6363412962 796 6.52605097576 0.110290320448 0.008 0.001 0.101290320448
6.6443412962 797 6.52931821516 0.115023081043 0.008 0.001 0.106023081043
6.6523412962 798 6.55278872154 0.099552574668 0.008 0.001 0.090552574668
6.6603412962 799 6.57660443528 0.0837368609215 0.008 0.001 0.0747368609215
6.6683412962 800 6.58110052206 0.0872407741417 0.008 0.001 0.0782407741417
6.6763412962 801 6.58309035462 0.0932509415814 0.008 0.001 0.0842509415814
6.6843412962 802 6.60018007374 0.0841612224627 0.008 0.001 0.0751612224627
6.6923412962 803 6.61032507829 0.0820162179098 0.008 0.001 0.0730162179098
6.7003412962 804 6.65475685093 0.0455844452698 0.008 0.001 0.0365844452698
6.7083412962 805 6.6594196937 0.0489216025012 0.008 0.001 0.0399216025012
6.7163412962 806 6.66924181926 0.0470994769393 0.008 0.001 0.0380994769393
6.7243412962 807 6.67204519883 0.0522960973738 0.008 0.001 0.0432960973738
6.7323412962 808 6.67444581184 0.0578954843624 0.008 0.001 0.0488954843624
6.7403412962 809 6.69981802219 0.0405232740102 0.008 0.001 0.0315232740102
6.7483412962 810 6.70469308565 0.0436482105579 0.008 0.001 0.0346482105579
6.7563412962 811 6.70600263895 0.050338657252 0.008 0.001 0.041338657252
6.7643412962 812 6.71518010908 0.0491611871261 0.008 0.001 0.0401611871261
6.7723412962 813 6.73367520321 0.0386660929897 0.008 0.001 0.0296660929897
6.7803412962 814 6.73727942637 0.0430618698338 0.008 0.001 0.0340618698338
6.7883412962 815 6.74007591493 0.0482653812772 0.008 0.001 0.0392653812772
6.7963412962 816 6.75088371274 0.0454575834628 0.008 0.001 0.0364575834628
6.8043412962 817 6.77018286925 0.03415842695 0.008 0.001 0.02515842695
6.8123412962 818 6.77299583681 0.0393454593986 0.008 0.001 0.0303454593986
6.8203412962 819 6.77441885885 0.0459224373584 0.008 0.001 0.0369224373584
6.8283412962 820 6.78052422593 0.0478170702703 0.008 0.001 0.0388170702703
6.8363412962 821 6.78542117799 0.050920118213 0.008 0.001 0.041920118213
6.8443412962 822 6.78998740867 0.0543538875352 0.008 0.001 0.0453538875352
6.8523412962 823 6.79493935561 0.0574019405961 0.008 0.001 0.0484019405961
6.8603412962 824 6.79753232816 0.0628089680422 0.008 0.001 0.0538089680422
6.8683412962 825 6.80918035016 0.0591609460485 0.008 0.001 0.0501609460485
6.8763412962 826 6.83004712812 0.0462941680869 0.008 0.001 0.0372941680869
6.8843412962 827 6.83101081743 0.0533304787719 0.008 0.001 0.0443304787719
6.8923412962 828 6.83795093545 0.0543903607489 0.008 0.001 0.0453903607489
6.9003412962 829 6.83796268524 0.0623786109677 0.008 0.001 0.0533786109677
6.9083412962 830 6.85434816674 0.053993129467 0.008 0.001 0.044993129467
6.9163412962 831 6.86511952173 0.051221774469 0.008 0.001 0.042221774469
6.9243412962 832 6.86808755496 0.0562537412486 0.008 0.001 0.0472537412486
6.9323412962 833 6.87001053302 0.062330763182 0.008 0.001 0.053330763182
6.9403412962 834 6.88062572749 0.059715568716 0.008 0.001 0.050715568716
6.9483412962 835 6.92601887991 0.0223224162935 0.008 0.001 0.0133224162935
6.9563412962 836 6.94094194746 0.015399348743 0.008 0.001 0.00639934874299
6.9643412962 837 6.94115452738 0.0231867688218 0.008 0.001 0.0141867688218
6.9723412962 838 6.9430015535 0.0293397427066 0.008 0.001 0.0203397427066
6.9803412962 839 6.95243123744 0.0279100587595 0.008 0.001 0.0189100587595
6.9883412962 840 6.95255895546 0.0357823407421 0.008 0.001 0.0267823407421
6.9963412962 841 6.96577845803 0.0305628381699 0.008 0.001 0.0215628381699
7.0043412962 842 6.97377407821 0.0305672179952 0.008 0.001 0.0215672179952
7.0123412962 843 6.98395460144 0.0283866947683 0.008 0.001 0.0193866947683
7.0203412962 844 7.00794189634 0.012399399867 0.008 0.001 0.00339939986701
7.0283412962 845 7.00806761736 0.0202736788433 0.008 0.001 0.0112736788433
7.0363412962 846 7.00912942347 0.0272118727355 0.008 0.001 0.0182118727355
7.0443412962 847 7.00937367747 0.0349676187341 0.008 0.001 0.0259676187341
7.0523412962 848 7.03422819595 0.0181131002511 0.008 0.001 0.00911310025113
7.0603412962 849 7.03434515639 0.0259961398139 0.008 0.001 0.0169961398139
7.0683412962 850 7.0542105542 0.0141307420047 0.008 0.001 0.00513074200471
7.0763412962 851 7.0563689611 0.0199723351006 0.008 0.001 0.0109723351006
7.0843412962 852 7.06164124353 0.0227000526691 0.008 0.001 0.0137000526691
7.0923412962 853 7.06475843274 0.0275828634609 0.008 0.001 0.0185828634609
7.1003412962 854 7.07032720673 0.0300140894783 0.008 0.001 0.0210140894783
7.1083412962 855 7.0876411564 0.0207001398019 0.008 0.001 0.0117001398019
7.1163412962 856 7.08849139497 0.0278499012322 0.008 0.001 0.0188499012322
7.12823017 857 7.11923017 0.009 0.008 0.001 0.0
7.13623017 858 7.12085033275 0.015379837258 0.008 0.001 0.00637983725799
7.14423017 859 7.12226827531 0.0219618946924 0.008 0.001 0.0129618946924
7.15223017 860 7.13624245439 0.0159877156129 0.008 0.001 0.00698771561288
7.16023017 861 7.13832678195 0.0219033880536 0.008 0.001 0.0129033880536
7.16823017 862 7.14298217758 0.025247992422 0.008 0.001 0.016247992422
7.17623017 863 7.15543357437 0.0207965956339 0.008 0.001 0.0117965956339
7.18423017 864 7.15597770713 0.0282524628749 0.008 0.001 0.0192524628749
7.19223017 865 7.16012008444 0.0321100855593 0.008 0.001 0.0231100855593
7.20023017 866 7.16840032333 0.0318298466732 0.008 0.001 0.0228298466732
7.20823017 867 7.17831883296 0.0299113370409 0.008 0.001 0.0209113370409
7.21623017 868 7.17891537952 0.0373147904829 0.008 0.001 0.0283147904829
7.22423017 869 7.18391446913 0.0403157008721 0.008 0.001 0.0313157008721
7.23223017 870 7.18502296813 0.0472072018765 0.008 0.001 0.0382072018765
7.24023017 871 7.18853509311 0.0516950768952 0.008 0.001 0.0426950768952
7.24823017 872 7.21098446795 0.0372457020536 0.008 0.001 0.0282457020536
7.25623017 873 7.21273253061 0.0434976393944 0.008 0.001 0.0344976393944
7.26423017 874 7.21490791797 0.0493222520323 0.008 0.001 0.0403222520323
7.27223017 875 7.21573199995 0.056498170058 0.008 0.001 0.047498170058
7.28023017 876 7.22571813522 0.0545120347873 0.008 0.001 0.0455120347873
7.28823017 877 7.22640716745 0.0618230025561 0.008 0.001 0.0528230025561
7.29623017 878 7.23327808039 0.0629520896119 0.008 0.001 0.0539520896119
7.30423017 879 7.2392446061 0.0649855638995 0.008 0.001 0.0559855638995
7.31223017 880 7.24454844333 0.0676817266702 0.008 0.001 0.0586817266702
7.32023017 881 7.2649937792 0.0552363908066 0.008 0.001 0.0462363908066
7.32823017 882 7.29430611221 0.033924057794 0.008 0.001 0.024924057794
7.33623017 883 7.30741110491 0.0288190650923 0.008 0.001 0.0198190650923
7.34423017 884 7.31309234323 0.0311378267778 0.008 0.001 0.0221378267778
7.35223017 885 7.31441984149 0.0378103285085 0.008 0.001 0.0288103285085
7.36023017 886 7.33066662734 0.0295635426634 0.008 0.001 0.0205635426634
7.36823017 887 7.34914525452 0.019084915486 0.008 0.001 0.010084915486
7.37623017 888 7.35001924827 0.026210921729 0.008 0.001 0.017210921729
7.38423017 889 7.36687173947 0.0173584305372 0.008 0.001 0.00835843053723
7.39223017 890 7.37506142698 0.0171687430254 0.008 0.001 0.00816874302543
7.41110250766 891 7.40210250766 0.009 0.008 0.001 0.0
7.41910250766 892 7.40522543636 0.0138770713032 0.008 0.001 0.00487707130317
7.43795393052 893 7.42895393052 0.009 0.008 0.001 0.0
7.44595393052 894 7.43449703289 0.0114568976281 0.008 0.001 0.00245689762813
7.45395393052 895 7.43889830884 0.0150556216809 0.008 0.001 0.00605562168093
7.46195393052 896 7.44230422443 0.0196497060933 0.008 0.001 0.0106497060933
7.46995393052 897 7.45012967907 0.0198242514536 0.008 0.001 0.0108242514536
7.47795393052 898 7.45788183581 0.0200720947148 0.008 0.001 0.0110720947148
7.48595393052 899 7.46331590358 0.0226380269401 0.008 0.001 0.0136380269401
7.51228181935 900 7.50328181935 0.009 0.008 0.001 0.0
7.52028181935 901 7.50893434651 0.0113474728343 0.008 0.001 0.00234747283434
7.53009323252 902 7.52109323252 0.009 0.008 0.001 0.0
7.53809323252 903 7.5280673363 0.0100258962159 0.008 0.001 0.00102589621594
7.54609323252 904 7.52851167508 0.0175815574351 0.008 0.001 0.00858155743509
7.55409323252 905 7.5411581161 0.0129351164162 0.008 0.001 0.00393511641619
7.56209323252 906 7.54853902779 0.0135542047243 0.008 0.001 0.00455420472427
7.57009323252 907 7.56059535472 0.00949787779441 0.008 0.001 0.00049787779441
7.57864224476 908 7.56964224476 0.009 0.008 0.001 0.0
7.58664224476 909 7.57399058372 0.0126516610455 0.008 0.001 0.00365166104553
7.60229354619 910 7.59329354619 0.009 0.008 0.001 0.0
7.61029354619 911 7.5952990457 0.0149945004908 0.008 0.001 0.00599450049077
7.61829354619 912 7.59942077238 0.0188727738138 0.008 0.001 0.00987277381385
7.62629354619 913 7.60784127968 0.0184522665142 0.008 0.001 0.00945226651416
7.63429354619 914 7.61203141157 0.022262134624 0.008 0.001 0.013262134624
7.64229354619 915 7.62413153335 0.0181620128395 0.008 0.001 0.00916201283946
7.65029354619 916 7.62577651308 0.0245170331142 0.008 0.001 0.0155170331142
7.65829354619 917 7.63537857608 0.0229149701118 0.008 0.001 0.0139149701118
7.66629354619 918 7.63718067412 0.0291128720733 0.008 0.001 0.0201128720733
7.67429354619 919 7.65539065823 0.018902887958 0.008 0.001 0.00990288795798
7.68229354619 920 7.66631466546 0.0159788807277 0.008 0.001 0.00697888072767
7.69229251391 921 7.68329251391 0.009 0.008 0.001 0.0
7.70029251391 922 7.6851092352 0.0151832787097 0.008 0.001 0.0061832787097
7.70829251391 923 7.68526863313 0.0230238807859 0.008 0.001 0.0140238807859
7.71629251391 924 7.68875821116 0.0275343027537 0.008 0.001 0.0185343027537
7.72429251391 925 7.68969651672 0.0345959971934 0.008 0.001 0.0255959971934
7.73229251391 926 7.70299135528 0.0293011586365 0.008 0.001 0.0203011586365
7.74029251391 927 7.71389281943 0.0263996944851 0.008 0.001 0.0173996944851
7.75336019534 928 7.74436019534 0.009 0.008 0.001 0.0
7.76136019534 929 7.74453469356 0.0168255017822 0.008 0.001 0.00782550178217
7.76936019534 930 7.75022290017 0.0191372951676 0.008 0.001 0.0101372951676
7.77736019534 931 7.75597681212 0.0213833832217 0.008 0.001 0.0123833832217
7.80283989792 932 7.79383989792 0.009 0.008 0.001 0.0
7.81280071555 933 7.80380071555 0.009 0.008 0.001 0.0
7.82080071555 934 7.80392333431 0.0168773812339 0.008 0.001 0.00787738123388
7.82880071555 935 7.81873940093 0.0100613146226 0.008 0.001 0.00106131462258
7.83680071555 936 7.82178270291 0.0150180126362 0.008 0.001 0.00601801263619
7.84480071555 937 7.82295300282 0.0218477127296 0.008 0.001 0.0128477127296
7.85280071555 938 7.83008819987 0.0227125156743 0.008 0.001 0.0137125156743
7.86080071555 939 7.83172523566 0.0290754798896 0.008 0.001 0.0200754798896
7.86880071555 940 7.83662174968 0.0321789658718 0.008 0.001 0.0231789658718
7.87680071555 941 7.84157107181 0.0352296437354 0.008 0.001 0.0262296437354
7.88480071555 942 7.84982088106 0.0349798344847 0.008 0.001 0.0259798344847
7.89280071555 943 7.86629412741 0.0265065881348 0.008 0.001 0.0175065881348
7.90080071555 944 7.86710392837 0.0336967871789 0.008 0.001 0.0246967871789
7.90880071555 945 7.86979161586 0.0390090996869 0.008 0.001 0.0300090996869
7.91680071555 946 7.87068188978 0.0461188257666 0.008 0.001 0.0371188257666
7.92480071555 947 7.87658926311 0.0482114524421 0.008 0.001 0.0392114524421
7.93280071555 948 7.87675004013 0.0560506754135 0.008 0.001 0.0470506754135
7.94080071555 949 7.8844649169 0.0563357986474 0.008 0.001 0.0473357986474
7.94880071555 950 7.8846214406 0.0641792749532 0.008 0.001 0.0551792749532
7.95680071555 951 7.88585531754 0.0709453980099 0.008 0.001 0.0619453980099
7.96480071555 952 7.8900637383 0.0747369772509 0.008 0.001 0.0657369772509
7.97280071555 953 7.89679823195 0.076002483597 0.008 0.001 0.067002483597
7.98080071555 954 7.89835013339 0.0824505821607 0.008 0.001 0.0734505821607
7.98880071555 955 7.92031838557 0.068482329974 0.008 0.001 0.059482329974
7.99680071555 956 7.92364227401 0.0731584415384 0.008 0.001 0.0641584415384
8.00480071555 957 7.94314935504 0.0616513605078 0.008 0.001 0.0526513605078
8.01280071555 958 7.94920864046 0.0635920750888 0.008 0.001 0.0545920750888
8.02080071555 959 7.95267164542 0.0681290701309 0.008 0.001 0.0591290701309
8.02880071555 960 7.95465119672 0.0741495188254 0.008 0.001 0.0651495188254
8.03680071555 961 7.95846006331 0.0783406522351 0.008 0.001 0.0693406522351
8.04480071555 962 7.96851241431 0.0762883012396 0.008 0.001 0.0672883012396
8.05280071555 963 7.99574257336 0.0570581421847 0.008 0.001 0.0480581421847
8.06080071555 964 8.00106071383 0.059740001719 0.008 0.001 0.050740001719
8.06880071555 965 8.03616600854 0.0326347070107 0.008 0.001 0.0236347070107
8.07680071555 966 8.04089257178 0.0359081437643 0.008 0.001 0.0269081437643
8.08480071555 967 8.05853221348 0.0262685020642 0.008 0.001 0.0172685020642
8.09280071555 968 8.06741046108 0.0253902544643 0.008 0.001 0.0163902544643
8.10080071555 969 8.06793765023 0.0328630653169 0.008 0.001 0.0238630653169
8.10880071555 970 8.07832932252 0.0304713930246 0.008 0.001 0.0214713930246
8.11680071555 971 8.08066833076 0.036132384792 0.008 0.001 0.027132384792
8.12480071555 972 8.10795483372 0.0168458818275 0.008 0.001 0.00784588182746
8.13280071555 973 8.11510168653 0.0176990290171 0.008 0.001 0.00869902901713
8.14505544277 974 8.13605544277 0.009 0.008 0.001 0.0
8.15357874888 975 8.14457874888 0.009 0.008 0.001 0.0
8.1734135142 976 8.1644135142 0.009 0.008 0.001 0.0
8.1814135142 977 8.16467833938 0.0167351748136 0.008 0.001 0.00773517481359
8.1894135142 978 8.17122589637 0.0181876178321 0.008 0.001 0.0091876178321
8.1974135142 979 8.17388118118 0.0235323330179 0.008 0.001 0.0145323330179
8.2054135142 980 8.18369930993 0.0217142042723 0.008 0.001 0.0127142042723
8.2134135142 981 8.18420214217 0.029211372023 0.008 0.001 0.020211372023
8.2214135142 982 8.1900425265 0.0313709876962 0.008 0.001 0.0223709876962
8.2294135142 983 8.19575890141 0.0336546127843 0.008 0.001 0.0246546127843
8.2374135142 984 8.19936465359 0.0380488606112 0.008 0.001 0.0290488606112
8.2454135142 985 8.2041541199 0.0412593942963 0.008 0.001 0.0322593942963
8.2534135142 986 8.21064735331 0.0427661608863 0.008 0.001 0.0337661608863
8.2614135142 987 8.21932994996 0.0420835642343 0.008 0.001 0.0330835642343
8.2694135142 988 8.22595323355 0.0434602806474 0.008 0.001 0.0344602806474
8.2774135142 989 8.2400069736 0.0374065405937 0.008 0.001 0.0284065405937
8.2854135142 990 8.25657402991 0.0288394842919 0.008 0.001 0.0198394842919
8.2934135142 991 8.26820812809 0.0252053861088 0.008 0.001 0.0162053861088
8.3014135142 992 8.27088097493 0.0305325392717 0.008 0.001 0.0215325392717
8.3094135142 993 8.28182888176 0.0275846324357 0.008 0.001 0.0185846324357
8.3174135142 994 8.28187092619 0.035542588003 0.008 0.001 0.026542588003
8.3254135142 995 8.29012340082 0.0352901133816 0.008 0.001 0.0262901133816
8.3334135142 996 8.29383713267 0.0395763815252 0.008 0.001 0.0305763815252
8.3414135142 997 8.29525286389 0.0461606503031 0.008 0.001 0.0371606503031
8.3494135142 998 8.30582467055 0.0435888436515 0.008 0.001 0.0345888436515
8.3574135142 999 8.3100950928 0.0473184213943 0.008 0.001 0.0383184213943
8.3654135142 1000 8.31717872379 0.0482347904116 0.008 0.001 0.0392347904116
8.3734135142 1001 8.32227633695 0.0511371772496 0.008 0.001 0.0421371772496
8.3814135142 1002 8.32383191868 0.0575815955214 0.008 0.001 0.0485815955214
8.3894135142 1003 8.33015101912 0.0592624950769 0.008 0.001 0.0502624950769
8.3974135142 1004 8.34185169383 0.055561820369 0.008 0.001 0.046561820369
8.4054135142 1005 8.34504429524 0.0603692189613 0.008 0.001 0.0513692189613
8.4134135142 1006 8.34707549814 0.0663380160566 0.008 0.001 0.0573380160566
8.4214135142 1007 8.35478939103 0.066624123164 0.008 0.001 0.057624123164
8.4294135142 1008 8.38308904451 0.0463244696826 0.008 0.001 0.0373244696826
8.4374135142 1009 8.38755398136 0.0498595328338 0.008 0.001 0.0408595328338
8.4454135142 1010 8.39131371456 0.0540997996369 0.008 0.001 0.0450997996369
8.4534135142 1011 8.39589512778 0.0575183864175 0.008 0.001 0.0485183864175
8.4614135142 1012 8.43319699948 0.028216514717 0.008 0.001 0.019216514717
8.4694135142 1013 8.4351079959 0.0343055183007 0.008 0.001 0.0253055183007
8.47782410623 1014 8.46882410623 0.009 0.008 0.001 0.0
8.50647740481 1015 8.49747740481 0.009 0.008 0.001 0.0
8.51546638927 1016 8.50646638927 0.009 0.008 0.001 0.0
8.52346638927 1017 8.50694728305 0.0165191062141 0.008 0.001 0.0075191062141
8.53146638927 1018 8.50826979453 0.0231965947352 0.008 0.001 0.0141965947352
8.53946638927 1019 8.50844821836 0.0310181709094 0.008 0.001 0.0220181709094
8.54746638927 1020 8.52395914039 0.0235072488837 0.008 0.001 0.0145072488837
8.55546638927 1021 8.53255364475 0.0229127445202 0.008 0.001 0.0139127445202
8.56346638927 1022 8.53278213072 0.0306842585444 0.008 0.001 0.0216842585444
8.57146638927 1023 8.53841007205 0.0330563172225 0.008 0.001 0.0240563172225
8.57946638927 1024 8.5492764378 0.0301899514664 0.008 0.001 0.0211899514664
8.58746638927 1025 8.56599978847 0.021466600803 0.008 0.001 0.012466600803
8.59546638927 1026 8.5757415474 0.0197248418728 0.008 0.001 0.0107248418728
8.60346638927 1027 8.58110899183 0.0223573974354 0.008 0.001 0.0133573974354
8.61146638927 1028 8.58366330064 0.0278030886267 0.008 0.001 0.0188030886267
8.61946638927 1029 8.58956591258 0.0299004766856 0.008 0.001 0.0209004766856
8.62746638927 1030 8.59026008254 0.0372063067323 0.008 0.001 0.0282063067323
8.63546638927 1031 8.5908504183 0.04461597097 0.008 0.001 0.03561597097
8.64346638927 1032 8.61283469228 0.0306316969877 0.008 0.001 0.0216316969877
8.65146638927 1033 8.6161275022 0.0353388870646 0.008 0.001 0.0263388870646
8.65946638927 1034 8.63368915878 0.0257772304909 0.008 0.001 0.0167772304909
8.66746638927 1035 8.64016750618 0.0272988830909 0.008 0.001 0.0182988830909
8.67546638927 1036 8.64970790932 0.0257584799528 0.008 0.001 0.0167584799528
8.68346638927 1037 8.65981257529 0.0236538139788 0.008 0.001 0.0146538139788
8.69621818868 1038 8.68721818868 0.009 0.008 0.001 0.0
8.70421818868 1039 8.68722838674 0.0169898019413 0.008 0.001 0.00798980194132
8.73438457294 1040 8.72538457294 0.009 0.008 0.001 0.0
8.74238457294 1041 8.72721860523 0.0151659677042 0.008 0.001 0.00616596770418
8.75038457294 1042 8.72738720634 0.0229973665926 0.008 0.001 0.0139973665926
8.75838457294 1043 8.74717101434 0.0112135585991 0.008 0.001 0.00221355859906
8.77126349468 1044 8.76226349468 0.009 0.008 0.001 0.0
8.77926349468 1045 8.76728010203 0.0119833926565 0.008 0.001 0.00298339265652
8.78726349468 1046 8.77315590367 0.0141075910141 0.008 0.001 0.00510759101405
8.79588195304 1047 8.78688195304 0.009 0.008 0.001 0.0
8.80606468661 1048 8.79706468661 0.009 0.008 0.001 0.0
8.81406468661 1049 8.80188945045 0.0121752361643 0.008 0.001 0.0031752361643
8.82634003604 1050 8.81734003604 0.009 0.008 0.001 0.0
8.83508920589 1051 8.82608920589 0.009 0.008 0.001 0.0
8.84308920589 1052 8.83223057451 0.0108586313807 0.008 0.001 0.00185863138072
8.85108920589 1053 8.8322946458 0.0187945600842 0.008 0.001 0.00979456008416
8.85908920589 1054 8.8377819398 0.0213072660865 0.008 0.001 0.0123072660865
8.86708920589 1055 8.83995350571 0.0271357001801 0.008 0.001 0.0181357001801
8.87508920589 1056 8.84218189788 0.0329073080062 0.008 0.001 0.0239073080062
8.88308920589 1057 8.84299790807 0.0400912978219 0.008 0.001 0.0310912978219
8.89108920589 1058 8.84725439239 0.0438348135014 0.008 0.001 0.0348348135014
8.89908920589 1059 8.84874378016 0.0503454257247 0.008 0.001 0.0413454257247
8.90708920589 1060 8.8603189019 0.0467703039848 0.008 0.001 0.0377703039848
8.91508920589 1061 8.86261786857 0.0524713373209 0.008 0.001 0.0434713373209
8.92308920589 1062 8.86332072006 0.0597684858253 0.008 0.001 0.0507684858253
8.93108920589 1063 8.86774065387 0.063348552016 0.008 0.001 0.054348552016
8.93908920589 1064 8.87307459142 0.0660146144716 0.008 0.001 0.0570146144716
8.94708920589 1065 8.87398913101 0.0731000748787 0.008 0.001 0.0641000748787
8.95508920589 1066 8.87558764273 0.0795015631542 0.008 0.001 0.0705015631542
8.96308920589 1067 8.87710946797 0.0859797379124 0.008 0.001 0.0769797379124
8.97108920589 1068 8.88557453939 0.0855146664954 0.008 0.001 0.0765146664954
8.97908920589 1069 8.89259620412 0.0864930017678 0.008 0.001 0.0774930017678
8.98708920589 1070 8.89302242917 0.0940667767173 0.008 0.001 0.0850667767173
8.99508920589 1071 8.91188463312 0.0832045727712 0.008 0.001 0.0742045727712
9.00308920589 1072 8.91206474995 0.0910244559341 0.008 0.001 0.0820244559341
9.01108920589 1073 8.91562044131 0.0954687645741 0.008 0.001 0.0864687645741
9.01908920589 1074 8.92268512555 0.0964040803396 0.008 0.001 0.0874040803396
9.02708920589 1075 8.93431016583 0.0927790400578 0.008 0.001 0.0837790400578
9.03508920589 1076 8.94318141126 0.0919077946282 0.008 0.001 0.0829077946282
9.04308920589 1077 8.95293572901 0.0901534768788 0.008 0.001 0.0811534768788
9.05108920589 1078 8.97230585177 0.0787833541197 0.008 0.001 0.0697833541197
9.05908920589 1079 8.9742477799 0.0848414259838 0.008 0.001 0.0758414259838
9.06708920589 1080 8.98649938849 0.0805898173967 0.008 0.001 0.0715898173967
9.07508920589 1081 8.99940213783 0.0756870680591 0.008 0.001 0.0666870680591
9.08308920589 1082 9.00378921197 0.0792999939177 0.008 0.001 0.0702999939177
9.09108920589 1083 9.01784157539 0.0732476304947 0.008 0.001 0.0642476304947
9.09908920589 1084 9.01856782376 0.080521382129 0.008 0.001 0.071521382129
9.10708920589 1085 9.02523105316 0.0818581527243 0.008 0.001 0.0728581527243
9.11508920589 1086 9.0390671365 0.0760220693907 0.008 0.001 0.0670220693907
9.12308920589 1087 9.05066310329 0.0724261026012 0.008 0.001 0.0634261026012
9.13108920589 1088 9.05690871419 0.0741804916932 0.008 0.001 0.0651804916932
9.13908920589 1089 9.0661163745 0.0729728313891 0.008 0.001 0.0639728313891
9.14708920589 1090 9.07021988505 0.0768693208386 0.008 0.001 0.0678693208386
9.15508920589 1091 9.0772703469 0.0778188589874 0.008 0.001 0.0688188589874
9.16308920589 1092 9.14758949825 0.0154997076421 0.008 0.001 0.00649970764207
9.17108920589 1093 9.15305342572 0.0180357801648 0.008 0.001 0.00903578016477
9.17908920589 1094 9.16355241679 0.0155367890936 0.008 0.001 0.00653678909363
9.19148113525 1095 9.18248113525 0.009 0.008 0.001 0.0
9.19948113525 1096 9.1902024939 0.00927864135029 0.008 0.001 0.000278641350294
9.20748113525 1097 9.19276871165 0.0147124236001 0.008 0.001 0.00571242360015
9.21548113525 1098 9.19660429797 0.0188768372802 0.008 0.001 0.00987683728021
9.22348113525 1099 9.20100870228 0.0224724329659 0.008 0.001 0.0134724329659
9.23148113525 1100 9.2148627638 0.0166183714503 0.008 0.001 0.00761837145031
9.23948113525 1101 9.22156714947 0.0179139857751 0.008 0.001 0.00891398577508
9.24748113525 1102 9.22833702945 0.0191441058011 0.008 0.001 0.0101441058011
9.25548113525 1103 9.23237577566 0.0231053595872 0.008 0.001 0.0141053595872
9.26348113525 1104 9.23639810031 0.0270830349416 0.008 0.001 0.0180830349416
9.27148113525 1105 9.24095425674 0.0305268785085 0.008 0.001 0.0215268785085
9.27948113525 1106 9.24183569792 0.0376454373276 0.008 0.001 0.0286454373276
9.28748113525 1107 9.24534411565 0.0421370195932 0.008 0.001 0.0331370195932
9.29548113525 1108 9.25525005418 0.0402310810692 0.008 0.001 0.0312310810692
9.30348113525 1109 9.25561343146 0.0478677037922 0.008 0.001 0.0388677037922
9.31148113525 1110 9.26635810008 0.0451230351689 0.008 0.001 0.0361230351689
9.31948113525 1111 9.27190181228 0.0475793229652 0.008 0.001 0.0385793229652
9.32748113525 1112 9.27305524435 0.0544258908976 0.008 0.001 0.0454258908976
9.33548113525 1113 9.28407807733 0.0514030579221 0.008 0.001 0.0424030579221
9.34348113525 1114 9.29605340879 0.0474277264627 0.008 0.001 0.0384277264627
9.35148113525 1115 9.31559548461 0.035885650642 0.008 0.001 0.026885650642
9.35948113525 1116 9.32201710775 0.0374640275014 0.008 0.001 0.0284640275014
9.36748113525 1117 9.32290284404 0.0445782912113 0.008 0.001 0.0355782912113
9.37548113525 1118 9.33246364059 0.0430174946546 0.008 0.001 0.0340174946546
9.38348113525 1119 9.33863170598 0.0448494292659 0.008 0.001 0.0358494292659
9.39148113525 1120 9.33901831594 0.0524628193112 0.008 0.001 0.0434628193112
9.39948113525 1121 9.34342276354 0.0560583717086 0.008 0.001 0.0470583717086
9.40748113525 1122 9.34385712741 0.0636240078388 0.008 0.001 0.0546240078388
9.41548113525 1123 9.35643375594 0.0590473793078 0.008 0.001 0.0500473793078
9.42348113525 1124 9.36152020733 0.0619609279154 0.008 0.001 0.0529609279154
9.43148113525 1125 9.37509964996 0.0563814852848 0.008 0.001 0.0473814852848
9.43948113525 1126 9.37529776519 0.0641833700584 0.008 0.001 0.0551833700584
9.44748113525 1127 9.37833800346 0.069143131786 0.008 0.001 0.060143131786
9.45548113525 1128 9.39515040762 0.0603307276271 0.008 0.001 0.0513307276271
9.46348113525 1129 9.39526819943 0.0682129358153 0.008 0.001 0.0592129358153
9.47148113525 1130 9.39900125497 0.072479880277 0.008 0.001 0.063479880277
9.47948113525 1131 9.40022917821 0.0792519570426 0.008 0.001 0.0702519570426
9.48748113525 1132 9.40169389743 0.0857872378175 0.008 0.001 0.0767872378175
9.49548113525 1133 9.41517457529 0.080306559956 0.008 0.001 0.071306559956
9.50348113525 1134 9.43681404589 0.0666670893565 0.008 0.001 0.0576670893565
9.51148113525 1135 9.44826903175 0.0632121035018 0.008 0.001 0.0542121035018
9.51948113525 1136 9.44914796647 0.0703331687792 0.008 0.001 0.0613331687792
9.52748113525 1137 9.44928474666 0.0781963885858 0.008 0.001 0.0691963885858
9.53548113525 1138 9.45453451226 0.0809466229837 0.008 0.001 0.0719466229837
9.54348113525 1139 9.4736146136 0.0698665216453 0.008 0.001 0.0608665216453
9.55148113525 1140 9.48307252482 0.0684086104303 0.008 0.001 0.0594086104303
9.55948113525 1141 9.49829631954 0.0611848157058 0.008 0.001 0.0521848157058
9.56748113525 1142 9.50200936536 0.0654717698912 0.008 0.001 0.0564717698912
9.57548113525 1143 9.5077297366 0.0677513986452 0.008 0.001 0.0587513986452
9.58348113525 1144 9.51340589808 0.0700752371723 0.008 0.001 0.0610752371723
9.59148113525 1145 9.51772901853 0.0737521167215 0.008 0.001 0.0647521167215
9.59948113525 1146 9.52072830325 0.0787528319932 0.008 0.001 0.0697528319932
9.60748113525 1147 9.52367502255 0.0838061127008 0.008 0.001 0.0748061127008
9.61548113525 1148 9.54264170696 0.0728394282902 0.008 0.001 0.0638394282902
9.62348113525 1149 9.54520460142 0.0782765338257 0.008 0.001 0.0692765338257
9.63148113525 1150 9.55029355657 0.0811875786759 0.008 0.001 0.0721875786759
9.63948113525 1151 9.55342445728 0.0860566779692 0.008 0.001 0.0770566779692
9.64748113525 1152 9.57580493606 0.0716761991922 0.008 0.001 0.0626761991922
9.65548113525 1153 9.57898381934 0.0764973159041 0.008 0.001 0.0674973159041
9.66348113525 1154 9.58318269074 0.0802984445057 0.008 0.001 0.0712984445057
9.67148113525 1155 9.5935622593 0.0779188759481 0.008 0.001 0.0689188759481
9.67948113525 1156 9.60168405025 0.0777970849954 0.008 0.001 0.0687970849954
9.68748113525 1157 9.60700516788 0.0804759673724 0.008 0.001 0.0714759673724
9.69548113525 1158 9.62362371064 0.071857424612 0.008 0.001 0.062857424612
9.70348113525 1159 9.62384919248 0.0796319427673 0.008 0.001 0.0706319427673
9.71148113525 1160 9.62748468788 0.0839964473684 0.008 0.001 0.0749964473684
9.71948113525 1161 9.62885267416 0.0906284610918 0.008 0.001 0.0816284610918
9.72748113525 1162 9.63136297841 0.0961181568329 0.008 0.001 0.0871181568329
9.73548113525 1163 9.63486187485 0.100619260395 0.008 0.001 0.0916192603948
9.74348113525 1164 9.64360959347 0.0998715417729 0.008 0.001 0.0908715417729
9.75148113525 1165 9.65396376227 0.0975173729821 0.008 0.001 0.0885173729821
9.75948113525 1166 9.65631071186 0.10317042339 0.008 0.001 0.0941704233904
9.76748113525 1167 9.6748020579 0.0926790773458 0.008 0.001 0.0836790773458
9.77548113525 1168 9.67536365177 0.100117483474 0.008 0.001 0.0911174834744
9.78348113525 1169 9.67883870671 0.104642428537 0.008 0.001 0.0956424285369
9.79148113525 1170 9.68237092654 0.109110208708 0.008 0.001 0.100110208708
9.79948113525 1171 9.68580306226 0.113678072989 0.008 0.001 0.104678072989
9.80748113525 1172 9.6895662592 0.11791487605 0.008 0.001 0.10891487605
9.81548113525 1173 9.69256796166 0.122913173589 0.008 0.001 0.113913173589
9.82348113525 1174 9.72152478375 0.1019563515 0.008 0.001 0.0929563515
9.83148113525 1175 9.73087704766 0.100604087585 0.008 0.001 0.0916040875855
9.83948113525 1176 9.73920296375 0.100278171498 0.008 0.001 0.0912781714978
9.84748113525 1177 9.73968750897 0.107793626276 0.008 0.001 0.0987936262756
9.85548113525 1178 9.74092677004 0.114554365207 0.008 0.001 0.105554365207
9.86348113525 1179 9.74712276788 0.116358367366 0.008 0.001 0.107358367366
9.87148113525 1180 9.74839000538 0.123091129869 0.008 0.001 0.114091129869
9.87948113525 1181 9.75860659958 0.120874535667 0.008 0.001 0.111874535667
9.88748113525 1182 9.75909810097 0.128383034274 0.008 0.001 0.119383034274
9.89548113525 1183 9.77641527598 0.119065859273 0.008 0.001 0.110065859273
9.90348113525 1184 9.7799527643 0.123528370952 0.008 0.001 0.114528370952
9.91148113525 1185 9.78087072682 0.130610408424 0.008 0.001 0.121610408424
9.91948113525 1186 9.80372076529 0.115760369954 0.008 0.001 0.106760369954
9.92748113525 1187 9.84000068995 0.0874804452969 0.008 0.001 0.0784804452969
9.93548113525 1188 9.84392365472 0.0915574805231 0.008 0.001 0.0825574805231
9.94348113525 1189 9.84848194922 0.0949991860288 0.008 0.001 0.0859991860288
9.95148113525 1190 9.85221317823 0.0992679570168 0.008 0.001 0.0902679570168
9.95948113525 1191 9.85552368094 0.10395745431 0.008 0.001 0.0949574543097
9.96748113525 1192 9.85918094695 0.108300188298 0.008 0.001 0.0993001882981
9.97548113525 1193 9.87742410605 0.0980570291996 0.008 0.001 0.0890570291996
9.98348113525 1194 9.89220305922 0.0912780760256 0.008 0.001 0.0822780760256
9.99148113525 1195 9.91094853143 0.0805326038147 0.008 0.001 0.0715326038147
9.99948113525 1196 9.91398174841 0.0854993868393 0.008 0.001 0.0764993868393
10.0074811352 1197 9.91614938248 0.0913317527726 0.008 0.001 0.0823317527726
10.0154811352 1198 9.92028643742 0.0951946978314 0.008 0.001 0.0861946978314
10.0234811352 1199 9.92601380303 0.0974673322179 0.008 0.001 0.0884673322179
10.0314811352 1200 9.92606972797 0.105411407276 0.008 0.001 0.0964114072759
10.0394811352 1201 9.9311590319 0.108322103352 0.008 0.001 0.099322103352
10.0474811352 1202 9.93126617344 0.116214961807 0.008 0.001 0.107214961807
10.0554811352 1203 9.93186775773 0.123613377519 0.008 0.001 0.114613377519
10.0634811352 1204 9.94331718153 0.120163953717 0.008 0.001 0.111163953717
10.0714811352 1205 9.94483799465 0.1266431406 0.008 0.001 0.1176431406
10.0794811352 1206 9.9583602585 0.121120876747 0.008 0.001 0.112120876747
10.0874811352 1207 9.96116974078 0.126311394471 0.008 0.001 0.117311394471
10.0954811352 1208 9.98594870343 0.109532431817 0.008 0.001 0.100532431817
10.1034811352 1209 9.98826588363 0.115215251617 0.008 0.001 0.106215251617
10.1114811352 1210 9.99285495524 0.118626180008 0.008 0.001 0.109626180008
