0.009 2 0 0.009 0.008 0.001 0
0.0215252715395 3 0.0125252715395 0.009 0.008 0.001 0.0
0.0353168337098 4 0.0263168337098 0.009 0.008 0.001 0.0
0.051319552384 5 0.042319552384 0.009 0.008 0.001 0.0
0.059319552384 6 0.04665239492 0.012667157464 0.008 0.001 0.00366715746403
0.067319552384 7 0.0469345010982 0.0203850512858 0.008 0.001 0.0113850512858
0.075319552384 8 0.0481200248785 0.0271995275055 0.008 0.001 0.0181995275055
0.083319552384 9 0.064739559517 0.018579992867 0.008 0.001 0.00957999286701
0.091319552384 10 0.0697990958978 0.0215204564862 0.008 0.001 0.0125204564862
0.099319552384 11 0.076453926286 0.022865626098 0.008 0.001 0.013865626098
0.107319552384 12 0.0844477394085 0.0228718129755 0.008 0.001 0.0138718129755
0.115319552384 13 0.0923217168561 0.0229978355279 0.008 0.001 0.0139978355279
0.123319552384 14 0.102324447973 0.0209951044115 0.008 0.001 0.0119951044115
0.131319552384 15 0.107110122774 0.02420942961 0.008 0.001 0.01520942961
0.139319552384 16 0.117530308687 0.0217892436972 0.008 0.001 0.0127892436972
0.147319552384 17 0.121159280178 0.0261602722064 0.008 0.001 0.0171602722064
0.155319552384 18 0.126598316149 0.0287212362351 0.008 0.001 0.0197212362351
0.17898785717 19 0.16998785717 0.009 0.008 0.001 0.0
0.18698785717 20 0.17355107781 0.0134367793595 0.008 0.001 0.00443677935946
0.210511721804 21 0.201511721804 0.009 0.008 0.001 0.0
0.218511721804 22 0.203362087201 0.0151496346024 0.008 0.001 0.00614963460244
0.227935394495 23 0.218935394495 0.009 0.008 0.001 0.0
0.25047050154 24 0.24147050154 0.009 0.008 0.001 0.0
0.25847050154 25 0.245830514389 0.0126399871508 0.008 0.001 0.00363998715075
0.26647050154 26 0.246353880966 0.0201166205741 0.008 0.001 0.0111166205741
0.27447050154 27 0.24987576998 0.0245947315594 0.008 0.001 0.0155947315594
0.28247050154 28 0.251996173406 0.0304743281335 0.008 0.001 0.0214743281335
0.29047050154 29 0.258653873536 0.0318166280035 0.008 0.001 0.0228166280035
0.29847050154 30 0.263876118514 0.0345943830262 0.008 0.001 0.0255943830262
0.30647050154 31 0.266643648185 0.039826853355 0.008 0.001 0.030826853355
0.31447050154 32 0.27063812237 0.0438323791699 0.008 0.001 0.0348323791699
0.32247050154 33 0.281609826642 0.0408606748982 0.008 0.001 0.0318606748982
0.33047050154 34 0.289607871599 0.0408626299407 0.008 0.001 0.0318626299407
0.33847050154 35 0.294848447862 0.043622053678 0.008 0.001 0.034622053678
0.34647050154 36 0.294861799889 0.051608701651 0.008 0.001 0.042608701651
0.35447050154 37 0.295233410748 0.0592370907919 0.008 0.001 0.0502370907919
0.36247050154 38 0.301950026976 0.0605204745639 0.008 0.001 0.0515204745639
0.37047050154 39 0.312404581978 0.0580659195615 0.008 0.001 0.0490659195615
0.37847050154 40 0.31609507504 0.0623754264997 0.008 0.001 0.0533754264997
0.38647050154 41 0.317155098745 0.0693154027947 0.008 0.001 0.0603154027947
0.39447050154 42 0.337333906309 0.057136595231 0.008 0.001 0.048136595231
0.40247050154 43 0.34551356155 0.0569569399895 0.008 0.001 0.0479569399895
0.41047050154 44 0.346708130748 0.0637623707913 0.008 0.001 0.0547623707913
0.41847050154 45 0.348595706618 0.0698747949214 0.008 0.001 0.0608747949214
0.42647050154 46 0.37787419092 0.0485963106199 0.008 0.001 0.0395963106199
0.43447050154 47 0.379726298709 0.0547442028305 0.008 0.001 0.0457442028305
0.44247050154 48 0.37997944836 0.0624910531802 0.008 0.001 0.0534910531802
0.45047050154 49 0.397579297524 0.0528912040154 0.008 0.001 0.0438912040154
0.45847050154 50 0.400760731804 0.0577097697354 0.008 0.001 0.0487097697354
0.46647050154 51 0.411487297795 0.0549832037451 0.008 0.001 0.0459832037451
0.47447050154 52 0.414113068598 0.0603574329415 0.008 0.001 0.0513574329415
0.48247050154 53 0.424879300982 0.0575912005581 0.008 0.001 0.0485912005581
0.49047050154 54 0.43033676716 0.0601337343797 0.008 0.001 0.0511337343797
0.49847050154 55 0.432922164947 0.0655483365929 0.008 0.001 0.0565483365929
0.50647050154 56 0.448425208476 0.0580452930639 0.008 0.001 0.0490452930639
0.51447050154 57 0.448707450681 0.065763050859 0.008 0.001 0.056763050859
0.52247050154 58 0.449837957367 0.0726325441724 0.008 0.001 0.0636325441724
0.53047050154 59 0.454136679934 0.0763338216062 0.008 0.001 0.0673338216062
0.53847050154 60 0.466751810193 0.0717186913466 0.008 0.001 0.0627186913466
0.54647050154 61 0.467230465143 0.0792400363971 0.008 0.001 0.0702400363971
0.55447050154 62 0.478191178202 0.0762793233378 0.008 0.001 0.0672793233378
0.56247050154 63 0.507983549816 0.054486951724 0.008 0.001 0.045486951724
0.57047050154 64 0.510075168869 0.0603953326704 0.008 0.001 0.0513953326704
0.57847050154 65 0.512085378547 0.0663851229927 0.008 0.001 0.0573851229927
0.58647050154 66 0.522889139507 0.0635813620333 0.008 0.001 0.0545813620333
0.59447050154 67 0.529685418145 0.064785083395 0.008 0.001 0.055785083395
0.60247050154 68 0.531750912625 0.0707195889151 0.008 0.001 0.0617195889151
0.61047050154 69 0.555337717656 0.0551327838842 0.008 0.001 0.0461327838842
0.61847050154 70 0.555468377967 0.0630021235727 0.008 0.001 0.0540021235727
0.62647050154 71 0.567532987773 0.0589375137669 0.008 0.001 0.0499375137669
0.63447050154 72 0.569540201547 0.0649302999932 0.008 0.001 0.0559302999932
0.64247050154 73 0.599358451771 0.0431120497687 0.008 0.001 0.0341120497687
0.65047050154 74 0.606004550595 0.0444659509451 0.008 0.001 0.0354659509451
0.65847050154 75 0.618173481189 0.0402970203511 0.008 0.001 0.0312970203511
0.66647050154 76 0.633454010377 0.0330164911633 0.008 0.001 0.0240164911633
0.67447050154 77 0.639729817922 0.0347406836177 0.008 0.001 0.0257406836177
0.68247050154 78 0.639778993187 0.0426915083527 0.008 0.001 0.0336915083527
0.69047050154 79 0.642709820491 0.0477606810486 0.008 0.001 0.0387606810486
0.69847050154 80 0.650656066247 0.0478144352928 0.008 0.001 0.0388144352928
0.70647050154 81 0.656494384109 0.0499761174311 0.008 0.001 0.0409761174311
0.71447050154 82 0.669262917965 0.0452075835744 0.008 0.001 0.0362075835744
0.72247050154 83 0.6756863309 0.0467841706396 0.008 0.001 0.0377841706396
0.73047050154 84 0.687668463039 0.042802038501 0.008 0.001 0.033802038501
0.73847050154 85 0.70365326021 0.0348172413293 0.008 0.001 0.0258172413293
0.74647050154 86 0.710527206894 0.0359432946461 0.008 0.001 0.0269432946461
0.75447050154 87 0.715250276148 0.0392202253919 0.008 0.001 0.0302202253919
0.76247050154 88 0.7165988684 0.0458716331401 0.008 0.001 0.0368716331401
0.77047050154 89 0.71958766022 0.0508828413194 0.008 0.001 0.0418828413194
0.77847050154 90 0.726628897992 0.0518416035478 0.008 0.001 0.0428416035478
0.78647050154 91 0.739203032443 0.0472674690972 0.008 0.001 0.0382674690972
0.79447050154 92 0.746769321384 0.0477011801556 0.008 0.001 0.0387011801556
0.813947432414 93 0.804947432414 0.009 0.008 0.001 0.0
0.821947432414 94 0.807072698305 0.0148747341091 0.008 0.001 0.00587473410906
0.829947432414 95 0.807973744267 0.0219736881473 0.008 0.001 0.0129736881473
0.837947432414 96 0.813244511776 0.0247029206385 0.008 0.001 0.0157029206385
0.845947432414 97 0.835553319193 0.010394113221 0.008 0.001 0.00139411322095
0.853947432414 98 0.839650316924 0.0142971154903 0.008 0.001 0.00529711549027
0.865898088414 99 0.856898088414 0.009 0.008 0.001 0.0
0.873898088414 100 0.859655073989 0.0142430144256 0.008 0.001 0.00524301442562
0.881898088414 101 0.861392780893 0.0205053075212 0.008 0.001 0.0115053075212
0.889898088414 102 0.864897704036 0.0250003843784 0.008 0.001 0.0160003843784
0.897898088414 103 0.868640015774 0.0292580726403 0.008 0.001 0.0202580726403
0.905898088414 104 0.888427424189 0.0174706642252 0.008 0.001 0.00847066422518
0.914566999845 105 0.905566999845 0.009 0.008 0.001 0.0
0.929824922195 106 0.920824922195 0.009 0.008 0.001 0.0
0.937824922195 107 0.928556755677 0.00926816651796 0.008 0.001 0.00026816651796
0.945824922195 108 0.932253847634 0.0135710745614 0.008 0.001 0.00457107456142
0.953824922195 109 0.941196846527 0.012628075668 0.008 0.001 0.00362807566802
0.961824922195 110 0.942206799316 0.0196181228793 0.008 0.001 0.0106181228793
0.969824922195 111 0.946513793353 0.0233111288422 0.008 0.001 0.0143111288422
0.977824922195 112 0.954555222791 0.0232696994048 0.008 0.001 0.0142696994048
0.985824922195 113 0.955225582507 0.0305993396881 0.008 0.001 0.0215993396881
0.993824922195 114 0.958037597877 0.0357873243188 0.008 0.001 0.0267873243188
1.0018249222 115 0.965495079521 0.0363298426742 0.008 0.001 0.0273298426742
1.0098249222 116 0.969522050647 0.0403028715489 0.008 0.001 0.0313028715489
1.0178249222 117 0.981719548035 0.0361053741601 0.008 0.001 0.0271053741601
1.0258249222 118 0.982867346151 0.0429575760445 0.008 0.001 0.0339575760445
1.0338249222 119 0.983213835755 0.0506110864407 0.008 0.001 0.0416110864407
1.0418249222 120 0.988865813772 0.0529591084236 0.008 0.001 0.0439591084236
1.0498249222 121 0.998249955962 0.0515749662338 0.008 0.001 0.0425749662338
1.0578249222 122 0.99838101334 0.0594439088557 0.008 0.001 0.0504439088557
1.0658249222 123 1.00445464243 0.0613702797627 0.008 0.001 0.0523702797627
1.0738249222 124 1.00792245333 0.0659024688693 0.008 0.001 0.0569024688693
1.0818249222 125 1.01893782901 0.0628870931865 0.008 0.001 0.0538870931865
1.0898249222 126 1.02851820973 0.0613067124657 0.008 0.001 0.0523067124657
1.0978249222 127 1.03053410238 0.0672908198125 0.008 0.001 0.0582908198125
1.1058249222 128 1.03362323149 0.0722016907031 0.008 0.001 0.0632016907031
1.1138249222 129 1.03381750526 0.0800074169342 0.008 0.001 0.0710074169342
1.1218249222 130 1.06685069591 0.0549742262864 0.008 0.001 0.0459742262864
1.1298249222 131 1.07336820651 0.0564567156869 0.008 0.001 0.0474567156869
1.1378249222 132 1.07519847421 0.0626264479841 0.008 0.001 0.0536264479841
1.1458249222 133 1.09575832514 0.0500665970594 0.008 0.001 0.0410665970594
1.1538249222 134 1.10242105353 0.0514038686607 0.008 0.001 0.0424038686607
1.1618249222 135 1.11009778288 0.0517271393108 0.008 0.001 0.0427271393108
1.1698249222 136 1.13973223339 0.0300926888094 0.008 0.001 0.0210926888094
1.1778249222 137 1.16290890558 0.0149160166105 0.008 0.001 0.00591601661049
1.1858249222 138 1.1725399974 0.0132849247997 0.008 0.001 0.00428492479967
1.1938249222 139 1.17874777696 0.0150771452353 0.008 0.001 0.0060771452353
1.20706730952 140 1.19806730952 0.009 0.008 0.001 0.0
1.21506730952 141 1.20045916491 0.0146081446128 0.008 0.001 0.00560814461282
1.22306730952 142 1.2082708413 0.0147964682235 0.008 0.001 0.00579646822345
1.23106730952 143 1.20952598183 0.0215413276974 0.008 0.001 0.0125413276974
1.23906730952 144 1.22587737919 0.0131899303297 0.008 0.001 0.00418993032969
1.24706730952 145 1.22809211495 0.0189751945747 0.008 0.001 0.0099751945747
1.25506730952 146 1.24112567414 0.0139416353806 0.008 0.001 0.00494163538065
1.26306730952 147 1.24143962961 0.0216276799178 0.008 0.001 0.0126276799178
1.27106730952 148 1.24447097724 0.0265963322818 0.008 0.001 0.0175963322818
1.27906730952 149 1.25230900842 0.0267583011047 0.008 0.001 0.0177583011047
1.29557865359 150 1.28657865359 0.009 0.008 0.001 0.0
1.30357865359 151 1.28679630898 0.0167823446065 0.008 0.001 0.00778234460651
1.31157865359 152 1.29222766742 0.0193509861643 0.008 0.001 0.0103509861643
1.31957865359 153 1.30582609747 0.0137525561154 0.008 0.001 0.00475255611536
1.32757865359 154 1.31685689914 0.0107217544523 0.008 0.001 0.00172175445229
1.33557865359 155 1.3190618617 0.0165167918883 0.008 0.001 0.00751679188826
1.34357865359 156 1.31919701304 0.024381640547 0.008 0.001 0.015381640547
1.35157865359 157 1.32445880523 0.0271198483554 0.008 0.001 0.0181198483554
1.35957865359 158 1.32721864867 0.0323600049141 0.008 0.001 0.0233600049141
1.36757865359 159 1.32761550792 0.0399631456651 0.008 0.001 0.0309631456651
1.37557865359 160 1.34296030594 0.0326183476503 0.008 0.001 0.0236183476503
1.38357865359 161 1.34378132553 0.0397973280547 0.008 0.001 0.0307973280547
1.39157865359 162 1.34810088174 0.0434777718447 0.008 0.001 0.0344777718447
1.39957865359 163 1.37331464148 0.0262640121131 0.008 0.001 0.0172640121131
1.40757865359 164 1.38608980288 0.0214888507049 0.008 0.001 0.0124888507049
1.4282030004 165 1.4192030004 0.009 0.008 0.001 0.0
1.4362030004 166 1.42357305601 0.0126299443908 0.008 0.001 0.0036299443908
1.44728959824 167 1.43828959824 0.009 0.008 0.001 0.0
1.45646090544 168 1.44746090544 0.009 0.008 0.001 0.0
1.47095254649 169 1.46195254649 0.009 0.008 0.001 0.0
1.47895254649 170 1.46421688957 0.0147356569124 0.008 0.001 0.00573565691242
1.48695254649 171 1.47089024318 0.0160623033118 0.008 0.001 0.00706230331179
1.49495254649 172 1.47572997095 0.0192225755346 0.008 0.001 0.0102225755346
1.50295254649 173 1.48330866814 0.0196438783498 0.008 0.001 0.0106438783498
1.51095254649 174 1.48520928245 0.0257432640332 0.008 0.001 0.0167432640332
1.51895254649 175 1.49170652049 0.0272460260016 0.008 0.001 0.0182460260016
1.53010502207 176 1.52110502207 0.009 0.008 0.001 0.0
1.54032378319 177 1.53132378319 0.009 0.008 0.001 0.0
1.54832378319 178 1.53653666093 0.0117871222566 0.008 0.001 0.00278712225658
1.55662773424 179 1.54762773424 0.009 0.008 0.001 0.0
1.56462773424 180 1.55415191795 0.0104758162848 0.008 0.001 0.00147581628475
1.5762841945 181 1.5672841945 0.009 0.008 0.001 0.0
1.5842841945 182 1.57314119 0.0111430045063 0.008 0.001 0.00214300450628
1.61327312311 183 1.60427312311 0.009 0.008 0.001 0.0
1.62127312311 184 1.60527516993 0.015997953179 0.008 0.001 0.00699795317897
1.62927312311 185 1.60572711631 0.0235460068053 0.008 0.001 0.0145460068053
1.63727312311 186 1.61145907689 0.0258140462259 0.008 0.001 0.0168140462259
1.64527312311 187 1.6114972562 0.0337758669069 0.008 0.001 0.0247758669069
1.65327312311 188 1.62768258588 0.0255905372366 0.008 0.001 0.0165905372366
1.66127312311 189 1.6277540094 0.033519113711 0.008 0.001 0.024519113711
1.66927312311 190 1.62838368013 0.0408894429842 0.008 0.001 0.0318894429842
1.67727312311 191 1.6336579452 0.0436151779152 0.008 0.001 0.0346151779152
1.68527312311 192 1.64125051378 0.0440226093368 0.008 0.001 0.0350226093368
1.69327312311 193 1.6421573777 0.0511157454073 0.008 0.001 0.0421157454073
1.70127312311 194 1.65558906297 0.0456840601402 0.008 0.001 0.0366840601402
1.70927312311 195 1.66353488827 0.0457382348437 0.008 0.001 0.0367382348437
1.71727312311 196 1.66489187741 0.0523812457014 0.008 0.001 0.0433812457014
1.72527312311 197 1.66713712425 0.0581359988574 0.008 0.001 0.0491359988574
1.73327312311 198 1.66817623434 0.0650968887686 0.008 0.001 0.0560968887686
1.74127312311 199 1.67158174888 0.0696913742314 0.008 0.001 0.0606913742314
1.74927312311 200 1.67610729507 0.0731658280372 0.008 0.001 0.0641658280372
1.75727312311 201 1.68933070276 0.0679424203528 0.008 0.001 0.0589424203528
1.76527312311 202 1.69184072897 0.0734323941466 0.008 0.001 0.0644323941466
1.77327312311 203 1.70483693641 0.0684361867038 0.008 0.001 0.0594361867038
1.78127312311 204 1.70802782922 0.0732452938917 0.008 0.001 0.0642452938917
1.78927312311 205 1.72816206045 0.0611110626591 0.008 0.001 0.0521110626591
1.79727312311 206 1.73140744312 0.0658656799874 0.008 0.001 0.0568656799874
1.80527312311 207 1.7404007801 0.0648723430124 0.008 0.001 0.0558723430124
1.81327312311 208 1.75674328571 0.0565298374008 0.008 0.001 0.0475298374008
1.82127312311 209 1.77563791575 0.0456352073613 0.008 0.001 0.0366352073613
1.82927312311 210 1.77862930546 0.0506438176503 0.008 0.001 0.0416438176503
1.83727312311 211 1.77873298723 0.0585401358842 0.008 0.001 0.0495401358842
1.84527312311 212 1.78051412569 0.0647589974173 0.008 0.001 0.0557589974173
1.85327312311 213 1.78996597291 0.0633071502025 0.008 0.001 0.0543071502025
1.86127312311 214 1.80060357813 0.0606695449852 0.008 0.001 0.0516695449852
1.86927312311 215 1.80329868161 0.0659744415014 0.008 0.001 0.0569744415014
1.87727312311 216 1.80334624973 0.073926873379 0.008 0.001 0.064926873379
1.88527312311 217 1.80495328013 0.080319842978 0.008 0.001 0.071319842978
1.89327312311 218 1.82267780964 0.0705953134708 0.008 0.001 0.0615953134708
1.90127312311 219 1.82749291567 0.0737802074405 0.008 0.001 0.0647802074405
1.90927312311 220 1.83084842665 0.0784246964644 0.008 0.001 0.0694246964644
1.91727312311 221 1.83554011149 0.0817330116184 0.008 0.001 0.0727330116184
1.92527312311 222 1.83895595022 0.0863171728959 0.008 0.001 0.0773171728959
1.93327312311 223 1.84777805268 0.0854950704358 0.008 0.001 0.0764950704358
1.94127312311 224 1.85003309611 0.0912400270057 0.008 0.001 0.0822400270057
1.94927312311 225 1.85052906728 0.0987440558343 0.008 0.001 0.0897440558343
1.95727312311 226 1.86278416192 0.0944889611912 0.008 0.001 0.0854889611912
1.96527312311 227 1.86767047391 0.0976026491996 0.008 0.001 0.0886026491996
1.97327312311 228 1.86961605704 0.103657066073 0.008 0.001 0.0946570660733
1.98127312311 229 1.88556386643 0.0957092566863 0.008 0.001 0.0867092566863
1.98927312311 230 1.88604688934 0.103226233775 0.008 0.001 0.0942262337746
1.99727312311 231 1.88964217313 0.107630949985 0.008 0.001 0.0986309499853
2.00527312311 232 1.89151302609 0.113760097025 0.008 0.001 0.104760097025
2.01327312311 233 1.89875047818 0.114522644937 0.008 0.001 0.105522644937
2.02127312311 234 1.90599712618 0.115275996936 0.008 0.001 0.106275996936
2.02927312311 235 1.90658068693 0.12269243618 0.008 0.001 0.11369243618
2.03727312311 236 1.91045264549 0.126820477623 0.008 0.001 0.117820477623
2.04527312311 237 1.9117785384 0.133494584716 0.008 0.001 0.124494584716
2.05327312311 238 1.91516550028 0.138107622831 0.008 0.001 0.129107622831
2.06127312311 239 1.93254461981 0.128728503299 0.008 0.001 0.119728503299
2.06927312311 240 1.93731693014 0.131956192973 0.008 0.001 0.122956192973
2.07727312311 241 1.9448252187 0.132447904408 0.008 0.001 0.123447904408
2.08527312311 242 1.94567425686 0.139598866248 0.008 0.001 0.130598866248
2.09327312311 243 1.94767162701 0.1456014961 0.008 0.001 0.1366014961
2.10127312311 244 1.95881838653 0.142454736579 0.008 0.001 0.133454736579
2.10927312311 245 1.96460659112 0.14466653199 0.008 0.001 0.13566653199
2.11727312311 246 1.97536911657 0.14190400654 0.008 0.001 0.13290400654
2.12527312311 247 1.97613101485 0.149142108258 0.008 0.001 0.140142108258
2.13327312311 248 1.99148362374 0.141789499376 0.008 0.001 0.132789499376
2.14127312311 249 1.99467514393 0.146597979178 0.008 0.001 0.137597979178
2.14927312311 250 2.01249091089 0.136782212219 0.008 0.001 0.127782212219
2.15727312311 251 2.02726015222 0.130012970888 0.008 0.001 0.121012970888
2.16527312311 252 2.03256418804 0.132708935073 0.008 0.001 0.123708935073
2.17327312311 253 2.0385277691 0.134745354009 0.008 0.001 0.125745354009
2.18127312311 254 2.04607954705 0.135193576061 0.008 0.001 0.126193576061
2.18927312311 255 2.05232000196 0.136953121154 0.008 0.001 0.127953121154
2.19727312311 256 2.05793978023 0.139333342881 0.008 0.001 0.130333342881
2.20527312311 257 2.06284975096 0.142423372148 0.008 0.001 0.133423372148
2.21327312311 258 2.06432071644 0.14895240667 0.008 0.001 0.13995240667
2.22127312311 259 2.07971371025 0.141559412863 0.008 0.001 0.132559412863
2.22927312311 260 2.08578512973 0.143487993383 0.008 0.001 0.134487993383
2.23727312311 261 2.09794925942 0.139323863695 0.008 0.001 0.130323863695
2.24527312311 262 2.10215845594 0.143114667174 0.008 0.001 0.134114667174
2.25327312311 263 2.11591651695 0.137356606159 0.008 0.001 0.128356606159
2.26127312311 264 2.11604218802 0.145230935089 0.008 0.001 0.136230935089
2.26927312311 265 2.12019800291 0.149075120204 0.008 0.001 0.140075120204
2.27727312311 266 2.15440709558 0.122866027537 0.008 0.001 0.113866027537
2.28527312311 267 2.15950203383 0.125771089279 0.008 0.001 0.116771089279
2.29327312311 268 2.16418520499 0.129087918118 0.008 0.001 0.120087918118
2.30127312311 269 2.16976083346 0.131512289653 0.008 0.001 0.122512289653
2.30927312311 270 2.1727005954 0.136572527714 0.008 0.001 0.127572527714
2.31727312311 271 2.19798811781 0.119285005302 0.008 0.001 0.110285005302
2.32527312311 272 2.20505471977 0.120218403337 0.008 0.001 0.111218403337
2.33327312311 273 2.21240290198 0.120870221128 0.008 0.001 0.111870221128
2.34127312311 274 2.21525661779 0.126016505319 0.008 0.001 0.117016505319
2.34927312311 275 2.21674654465 0.132526578461 0.008 0.001 0.123526578461
2.35727312311 276 2.21980066954 0.137472453575 0.008 0.001 0.128472453575
2.36527312311 277 2.27418939626 0.0910837268535 0.008 0.001 0.0820837268535
2.37327312311 278 2.27506445721 0.098208665906 0.008 0.001 0.089208665906
2.38127312311 279 2.28842044501 0.0928526781047 0.008 0.001 0.0838526781047
2.38927312311 280 2.30817028928 0.0811028338335 0.008 0.001 0.0721028338335
2.39727312311 281 2.31588104267 0.0813920804435 0.008 0.001 0.0723920804435
2.40527312311 282 2.32471610905 0.0805570140585 0.008 0.001 0.0715570140585
2.41327312311 283 2.33167787706 0.0815952460502 0.008 0.001 0.0725952460502
2.42127312311 284 2.33852104363 0.0827520794768 0.008 0.001 0.0737520794768
2.42927312311 285 2.34191689702 0.0873562260879 0.008 0.001 0.0783562260879
2.43727312311 286 2.38061108883 0.0566620342818 0.008 0.001 0.0476620342818
2.44527312311 287 2.39961760969 0.0456555134214 0.008 0.001 0.0366555134214
2.45327312311 288 2.40256486015 0.0507082629571 0.008 0.001 0.0417082629571
2.46127312311 289 2.4109844602 0.0502886629134 0.008 0.001 0.0412886629134
2.46927312311 290 2.42282897225 0.0464441508602 0.008 0.001 0.0374441508602
2.47727312311 291 2.43325476993 0.0440183531854 0.008 0.001 0.0350183531854
2.48527312311 292 2.43992942193 0.0453437011855 0.008 0.001 0.0363437011855
2.49327312311 293 2.44653850512 0.0467346179942 0.008 0.001 0.0377346179942
2.50127312311 294 2.45129847323 0.0499746498783 0.008 0.001 0.0409746498783
2.50927312311 295 2.45454563241 0.0547274907015 0.008 0.001 0.0457274907015
2.51727312311 296 2.45537870042 0.0618944226957 0.008 0.001 0.0528944226957
2.52527312311 297 2.46078571877 0.0644874043381 0.008 0.001 0.0554874043381
2.53327312311 298 2.46133830528 0.0719348178324 0.008 0.001 0.0629348178324
2.54127312311 299 2.46914789327 0.0721252298438 0.008 0.001 0.0631252298438
2.54927312311 300 2.48013823361 0.0691348895016 0.008 0.001 0.0601348895016
2.55727312311 301 2.48142890711 0.0758442160041 0.008 0.001 0.0668442160041
2.56527312311 302 2.48471451198 0.0805586111299 0.008 0.001 0.0715586111299
2.57327312311 303 2.49324293619 0.080030186922 0.008 0.001 0.071030186922
2.58127312311 304 2.49394462035 0.0873285027571 0.008 0.001 0.0783285027571
2.58927312311 305 2.50920417369 0.0800689494185 0.008 0.001 0.0710689494185
2.59727312311 306 2.51100327779 0.0862698453192 0.008 0.001 0.0772698453192
2.60527312311 307 2.53153275483 0.0737403682839 0.008 0.001 0.0647403682839
2.61327312311 308 2.53215196319 0.0811211599184 0.008 0.001 0.0721211599184
2.62127312311 309 2.53409112516 0.0871819979553 0.008 0.001 0.0781819979553
2.62927312311 310 2.53568539132 0.0935877317898 0.008 0.001 0.0845877317898
2.63727312311 311 2.54266579471 0.0946073283997 0.008 0.001 0.0856073283997
2.64527312311 312 2.55090886783 0.0943642552792 0.008 0.001 0.0853642552792
2.65327312311 313 2.5568457888 0.0964273343095 0.008 0.001 0.0874273343095
2.66127312311 314 2.56220039869 0.0990727244222 0.008 0.001 0.0900727244222
2.66927312311 315 2.56514582277 0.104127300342 0.008 0.001 0.0951273003417
2.67727312311 316 2.57002308597 0.107250037145 0.008 0.001 0.0982500371448
2.68527312311 317 2.57691048419 0.108362638918 0.008 0.001 0.099362638918
2.69327312311 318 2.57734377895 0.115929344165 0.008 0.001 0.106929344165
2.70127312311 319 2.58288292029 0.118390202817 0.008 0.001 0.109390202817
2.70927312311 320 2.59423338664 0.115039736472 0.008 0.001 0.106039736472
2.71727312311 321 2.59859820533 0.118674917783 0.008 0.001 0.109674917783
2.72527312311 322 2.599017289 0.126255834115 0.008 0.001 0.117255834115
2.73327312311 323 2.60377884464 0.129494278476 0.008 0.001 0.120494278476
2.74127312311 324 2.60928590504 0.131987218069 0.008 0.001 0.122987218069
2.74927312311 325 2.61214711368 0.137126009433 0.008 0.001 0.128126009433
2.75727312311 326 2.6159826875 0.141290435608 0.008 0.001 0.132290435608
2.76527312311 327 2.6486225207 0.116650602412 0.008 0.001 0.107650602412
2.77327312311 328 2.64937274462 0.123900378487 0.008 0.001 0.114900378487
2.78127312311 329 2.65982934988 0.12144377323 0.008 0.001 0.11244377323
2.78927312311 330 2.67233724625 0.116935876861 0.008 0.001 0.107935876861
2.79727312311 331 2.68490940917 0.112363713947 0.008 0.001 0.103363713947
2.80527312311 332 2.68634807604 0.118925047068 0.008 0.001 0.109925047068
2.81327312311 333 2.69629213039 0.116980992719 0.008 0.001 0.107980992719
2.82127312311 334 2.70024448652 0.121028636592 0.008 0.001 0.112028636592
2.82927312311 335 2.7005530519 0.128720071213 0.008 0.001 0.119720071213
2.83727312311 336 2.70791248194 0.129360641168 0.008 0.001 0.120360641168
2.84527312311 337 2.71142425752 0.133848865591 0.008 0.001 0.124848865591
2.85327312311 338 2.71972111361 0.133552009501 0.008 0.001 0.124552009501
2.86127312311 339 2.73479654324 0.126476579875 0.008 0.001 0.117476579875
2.86927312311 340 2.74908976215 0.120183360959 0.008 0.001 0.111183360959
2.87727312311 341 2.78520480833 0.0920683147789 0.008 0.001 0.0830683147789
2.88527312311 342 2.7865560404 0.0987170827168 0.008 0.001 0.0897170827168
2.89327312311 343 2.78856392107 0.104709202047 0.008 0.001 0.0957092020466
2.90127312311 344 2.80853584683 0.0927372762805 0.008 0.001 0.0837372762805
2.90927312311 345 2.80952454476 0.0997485783527 0.008 0.001 0.0907485783527
2.91727312311 346 2.80980965096 0.107463472148 0.008 0.001 0.0984634721482
2.92527312311 347 2.83279336773 0.0924797553846 0.008 0.001 0.0834797553846
2.93327312311 348 2.83285856155 0.100414561565 0.008 0.001 0.0914145615645
2.94127312311 349 2.84405456795 0.09721855516 0.008 0.001 0.08821855516
2.94927312311 350 2.84687146007 0.102401663045 0.008 0.001 0.0934016630446
2.95727312311 351 2.8652692921 0.0920038310087 0.008 0.001 0.0830038310087
2.96527312311 352 2.86577895682 0.0994941662915 0.008 0.001 0.0904941662915
2.97327312311 353 2.86879561239 0.104477510726 0.008 0.001 0.0954775107265
2.98127312311 354 2.88331338579 0.0979597373189 0.008 0.001 0.0889597373189
2.98927312311 355 2.88921464187 0.100058481242 0.008 0.001 0.0910584812424
2.99727312311 356 2.9240889977 0.0731841254154 0.008 0.001 0.0641841254154
3.00527312311 357 2.94423241876 0.0610407043493 0.008 0.001 0.0520407043493
3.01327312311 358 2.94658917096 0.0666839521527 0.008 0.001 0.0576839521527
3.02127312311 359 2.95122047766 0.070052645456 0.008 0.001 0.061052645456
3.02927312311 360 2.95704016071 0.0722329624027 0.008 0.001 0.0632329624027
3.03727312311 361 2.97149383087 0.0657792922371 0.008 0.001 0.0567792922371
3.04527312311 362 2.9752411342 0.0700319889098 0.008 0.001 0.0610319889098
3.05327312311 363 2.98189260458 0.0713805185341 0.008 0.001 0.0623805185341
3.06127312311 364 2.99581202174 0.0654611013751 0.008 0.001 0.0564611013751
3.06927312311 365 3.00252713924 0.0667459838713 0.008 0.001 0.0577459838713
3.07727312311 366 3.00360957819 0.0736635449178 0.008 0.001 0.0646635449178
3.08527312311 367 3.00624397542 0.0790291476932 0.008 0.001 0.0700291476932
3.09327312311 368 3.01473610999 0.0785370131238 0.008 0.001 0.0695370131238
3.10127312311 369 3.01975569387 0.0815174292438 0.008 0.001 0.0725174292438
3.10927312311 370 3.04680231757 0.0624708055403 0.008 0.001 0.0534708055403
3.11727312311 371 3.05330217566 0.0639709474476 0.008 0.001 0.0549709474476
3.12527312311 372 3.06305410954 0.0622190135701 0.008 0.001 0.0532190135701
3.13327312311 373 3.06698729266 0.0662858304563 0.008 0.001 0.0572858304563
3.14127312311 374 3.08002857119 0.0612445519205 0.008 0.001 0.0522445519205
3.14927312311 375 3.10040377083 0.0488693522863 0.008 0.001 0.0398693522863
3.15727312311 376 3.10082646336 0.0564466597487 0.008 0.001 0.0474466597487
3.16527312311 377 3.10139388083 0.0638792422825 0.008 0.001 0.0548792422825
3.17327312311 378 3.10880581862 0.064467304489 0.008 0.001 0.055467304489
3.18127312311 379 3.11010334674 0.0711697763732 0.008 0.001 0.0621697763732
3.18927312311 380 3.1265248753 0.0627482478121 0.008 0.001 0.0537482478121
3.19727312311 381 3.14939989533 0.0478732277831 0.008 0.001 0.0388732277831
3.20527312311 382 3.15965956055 0.045613562566 0.008 0.001 0.036613562566
3.21327312311 383 3.1611509995 0.052122123611 0.008 0.001 0.043122123611
3.22127312311 384 3.16125045645 0.0600226666635 0.008 0.001 0.0510226666635
3.22927312311 385 3.16238069146 0.0668924316508 0.008 0.001 0.0578924316508
3.23727312311 386 3.16639185228 0.0708812708344 0.008 0.001 0.0618812708344
3.24527312311 387 3.16785359992 0.0774195231883 0.008 0.001 0.0684195231883
3.25327312311 388 3.17628078647 0.0769923366373 0.008 0.001 0.0679923366373
3.26127312311 389 3.18193714548 0.0793359776278 0.008 0.001 0.0703359776278
3.26927312311 390 3.18517470153 0.0840984215795 0.008 0.001 0.0750984215795
3.27727312311 391 3.18852702912 0.0887460939943 0.008 0.001 0.0797460939943
3.28527312311 392 3.1922113171 0.0930618060149 0.008 0.001 0.0840618060149
3.29327312311 393 3.19282805766 0.100445065447 0.008 0.001 0.0914450654473
3.30127312311 394 3.19897793161 0.102295191505 0.008 0.001 0.0932951915047
3.30927312311 395 3.19941397352 0.109859149593 0.008 0.001 0.100859149593
3.31727312311 396 3.20283455785 0.11443856526 0.008 0.001 0.10543856526
3.32527312311 397 3.21575697596 0.10951614715 0.008 0.001 0.10051614715
3.33327312311 398 3.21930650538 0.113966617732 0.008 0.001 0.104966617732
3.34127312311 399 3.22596181534 0.115311307774 0.008 0.001 0.106311307774
3.34927312311 400 3.23440339199 0.114869731118 0.008 0.001 0.105869731118
3.35727312311 401 3.24292777857 0.114345344545 0.008 0.001 0.105345344545
3.36527312311 402 3.24509716484 0.120175958275 0.008 0.001 0.111175958275
3.37327312311 403 3.24945940806 0.123813715055 0.008 0.001 0.114813715055
3.38127312311 404 3.25751336027 0.123759762843 0.008 0.001 0.114759762843
3.38927312311 405 3.28066087879 0.108612244325 0.008 0.001 0.099612244325
3.39727312311 406 3.28075045709 0.116522666018 0.008 0.001 0.107522666018
3.40527312311 407 3.28929141505 0.115981708061 0.008 0.001 0.106981708061
3.41327312311 408 3.28946268025 0.123810442864 0.008 0.001 0.114810442864
3.42127312311 409 3.29280278608 0.128470337036 0.008 0.001 0.119470337036
3.42927312311 410 3.30776833915 0.12150478396 0.008 0.001 0.11250478396
3.43727312311 411 3.31296894431 0.124304178805 0.008 0.001 0.115304178805
3.44527312311 412 3.31335313237 0.131919990744 0.008 0.001 0.122919990744
3.45327312311 413 3.32076062063 0.132512502482 0.008 0.001 0.123512502482
3.46127312311 414 3.32521680466 0.136056318455 0.008 0.001 0.127056318455
3.46927312311 415 3.32803279653 0.141240326582 0.008 0.001 0.132240326582
3.47727312311 416 3.32839371535 0.148879407759 0.008 0.001 0.139879407759
3.48527312311 417 3.33063287739 0.154640245719 0.008 0.001 0.145640245719
3.49327312311 418 3.33387372296 0.159399400149 0.008 0.001 0.150399400149
3.50127312311 419 3.33421581659 0.16705730652 0.008 0.001 0.15805730652
3.50927312311 420 3.34421344602 0.165059677096 0.008 0.001 0.156059677096
3.51727312311 421 3.36248991639 0.154783206724 0.008 0.001 0.145783206724
3.52527312311 422 3.3660862204 0.159186902714 0.008 0.001 0.150186902714
3.53327312311 423 3.36610778425 0.167165338866 0.008 0.001 0.158165338866
3.54127312311 424 3.36634651848 0.174926604632 0.008 0.001 0.165926604632
3.54927312311 425 3.37386422089 0.175408902218 0.008 0.001 0.166408902218
3.55727312311 426 3.38061182321 0.176661299905 0.008 0.001 0.167661299905
3.56527312311 427 3.4006710787 0.164602044408 0.008 0.001 0.155602044408
3.57327312311 428 3.40782554208 0.165447581036 0.008 0.001 0.156447581036
3.58127312311 429 3.40810927226 0.173163850853 0.008 0.001 0.164163850853
3.58927312311 430 3.41383857868 0.175434544431 0.008 0.001 0.166434544431
3.59727312311 431 3.44673995357 0.150533169538 0.008 0.001 0.141533169538
3.60527312311 432 3.45174985703 0.153523266084 0.008 0.001 0.144523266084
3.61327312311 433 3.45210586429 0.161167258817 0.008 0.001 0.152167258817
3.62127312311 434 3.465277111 0.155996012111 0.008 0.001 0.146996012111
3.62927312311 435 3.47548176475 0.153791358365 0.008 0.001 0.144791358365
3.63727312311 436 3.48044071728 0.156832405831 0.008 0.001 0.147832405831
3.64527312311 437 3.48691618647 0.158356936643 0.008 0.001 0.149356936643
3.65327312311 438 3.50433765296 0.148935470148 0.008 0.001 0.139935470148
3.66127312311 439 3.5233472564 0.137925866711 0.008 0.001 0.128925866711
3.66927312311 440 3.53566194997 0.133611173139 0.008 0.001 0.124611173139
3.67727312311 441 3.54527771103 0.131995412084 0.008 0.001 0.122995412084
3.68527312311 442 3.56286678152 0.122406341593 0.008 0.001 0.113406341593
3.69327312311 443 3.56611271595 0.127160407157 0.008 0.001 0.118160407157
3.70127312311 444 3.59263328865 0.108639834462 0.008 0.001 0.0996398344615
3.70927312311 445 3.60814186812 0.101131254995 0.008 0.001 0.0921312549947
3.71727312311 446 3.61369983405 0.103573289062 0.008 0.001 0.0945732890617
3.72527312311 447 3.64871235742 0.0765607656927 0.008 0.001 0.0675607656927
3.73327312311 448 3.64898076204 0.0842923610671 0.008 0.001 0.0752923610671
3.74127312311 449 3.65433290824 0.0869402148695 0.008 0.001 0.0779402148695
3.74927312311 450 3.69017966696 0.0590934561508 0.008 0.001 0.0500934561508
3.75727312311 451 3.69610297206 0.0611701510477 0.008 0.001 0.0521701510477
3.76527312311 452 3.69952202533 0.0657510977827 0.008 0.001 0.0567510977827
3.77327312311 453 3.71911667942 0.0541564436935 0.008 0.001 0.0451564436935
3.78127312311 454 3.7222970532 0.0589760699086 0.008 0.001 0.0499760699086
3.78927312311 455 3.7255696396 0.0637034835093 0.008 0.001 0.0547034835093
3.79727312311 456 3.73240368316 0.0648694399537 0.008 0.001 0.0558694399537
3.80527312311 457 3.75153805433 0.0537350687801 0.008 0.001 0.0447350687801
3.81327312311 458 3.77350201478 0.0397711083302 0.008 0.001 0.0307711083302
3.82127312311 459 3.77615497888 0.0451181442366 0.008 0.001 0.0361181442366
3.82927312311 460 3.77681570562 0.052457417488 0.008 0.001 0.043457417488
3.83727312311 461 3.77722801877 0.06004510434 0.008 0.001 0.05104510434
3.84527312311 462 3.78293013047 0.0623429926455 0.008 0.001 0.0533429926455
3.85327312311 463 3.78443807469 0.0688350484236 0.008 0.001 0.0598350484236
3.86127312311 464 3.79198872096 0.0692844021539 0.008 0.001 0.0602844021539
3.86927312311 465 3.7928529579 0.0764201652143 0.008 0.001 0.0674201652143
3.87727312311 466 3.81020037148 0.0670727516359 0.008 0.001 0.0580727516359
3.88527312311 467 3.81123838864 0.0740347344685 0.008 0.001 0.0650347344685
3.89327312311 468 3.82212668074 0.0711464423717 0.008 0.001 0.0621464423717
3.90127312311 469 3.8312959167 0.0699772064109 0.008 0.001 0.0609772064109
3.90927312311 470 3.83564096368 0.0736321594358 0.008 0.001 0.0646321594358
3.91727312311 471 3.8419842513 0.0752888718149 0.008 0.001 0.0662888718149
3.92527312311 472 3.84860536977 0.0766677533377 0.008 0.001 0.0676677533377
3.93327312311 473 3.85068984018 0.0825832829291 0.008 0.001 0.0735832829291
3.94127312311 474 3.86585439291 0.0754187302001 0.008 0.001 0.0664187302001
3.94927312311 475 3.8744992812 0.0747738419164 0.008 0.001 0.0657738419164
3.95727312311 476 3.8819066175 0.0753665056151 0.008 0.001 0.0663665056151
3.96527312311 477 3.88218340678 0.0830897163344 0.008 0.001 0.0740897163344
3.97327312311 478 3.88378245283 0.0894906702817 0.008 0.001 0.0804906702817
3.98127312311 479 3.8982383506 0.0830347725095 0.008 0.001 0.0740347725095
3.98927312311 480 3.91962404525 0.0696490778577 0.008 0.001 0.0606490778577
3.99727312311 481 3.92935433338 0.0679187897278 0.008 0.001 0.0589187897278
4.00527312311 482 3.93406858045 0.0712045426586 0.008 0.001 0.0622045426586
4.01327312311 483 3.97604592484 0.0372271982759 0.008 0.001 0.0282271982759
4.02127312311 484 3.99441275294 0.0268603701669 0.008 0.001 0.0178603701669
4.02927312311 485 3.99673622828 0.032536894836 0.008 0.001 0.023536894836
4.03727312311 486 3.99933079721 0.0379423259047 0.008 0.001 0.0289423259047
4.04527312311 487 4.00338080438 0.0418923187363 0.008 0.001 0.0328923187363
4.05327312311 488 4.01352545601 0.0397476671042 0.008 0.001 0.0307476671042
4.06127312311 489 4.02439504734 0.0368780757744 0.008 0.001 0.0278780757744
4.06927312311 490 4.03054876317 0.0387243599445 0.008 0.001 0.0297243599445
4.07727312311 491 4.03181191651 0.0454612066019 0.008 0.001 0.0364612066019
4.08527312311 492 4.0327137473 0.0525593758113 0.008 0.001 0.0435593758113
4.09327312311 493 4.0416731047 0.0516000184071 0.008 0.001 0.0426000184071
4.10127312311 494 4.04603894441 0.0552341787049 0.008 0.001 0.0462341787049
4.10927312311 495 4.04630260045 0.0629705226649 0.008 0.001 0.0539705226649
4.11727312311 496 4.04980565023 0.0674674728787 0.008 0.001 0.0584674728787
4.12527312311 497 4.05003864559 0.0752344775235 0.008 0.001 0.0662344775235
4.13327312311 498 4.05049285608 0.0827802670353 0.008 0.001 0.0737802670353
4.14127312311 499 4.05282435396 0.0884487691563 0.008 0.001 0.0794487691563
4.14927312311 500 4.05502828887 0.0942448342455 0.008 0.001 0.0852448342455
4.15727312311 501 4.0662203942 0.0910527289164 0.008 0.001 0.0820527289164
4.16527312311 502 4.06914096149 0.0961321616252 0.008 0.001 0.0871321616252
4.17327312311 503 4.07364089817 0.0996322249406 0.008 0.001 0.0906322249406
4.18127312311 504 4.0803287857 0.100944337415 0.008 0.001 0.0919443374151
4.18927312311 505 4.08295487 0.106318253117 0.008 0.001 0.0973182531165
4.19727312311 506 4.09671219803 0.100560925077 0.008 0.001 0.0915609250775
4.20527312311 507 4.1059612866 0.0993118365114 0.008 0.001 0.0903118365114
4.21327312311 508 4.10955789451 0.103715228605 0.008 0.001 0.0947152286051
4.22127312311 509 4.12241925872 0.0988538643881 0.008 0.001 0.0898538643881
4.22927312311 510 4.13646265091 0.0928104722057 0.008 0.001 0.0838104722057
4.23727312311 511 4.13829326257 0.0989798605433 0.008 0.001 0.0899798605433
4.24527312311 512 4.16022203968 0.085051083431 0.008 0.001 0.076051083431
4.25327312311 513 4.17189843176 0.0813746913489 0.008 0.001 0.0723746913489
4.26127312311 514 4.18211778559 0.0791553375238 0.008 0.001 0.0701553375238
4.26927312311 515 4.18732123291 0.0819518902031 0.008 0.001 0.0729518902031
4.27727312311 516 4.19586237992 0.0814107431965 0.008 0.001 0.0724107431965
4.28527312311 517 4.19932810382 0.0859450192909 0.008 0.001 0.0769450192909
4.29327312311 518 4.21778185619 0.0754912669195 0.008 0.001 0.0664912669195
4.30127312311 519 4.21833101415 0.082942108959 0.008 0.001 0.073942108959
4.30927312311 520 4.23033431262 0.078938810495 0.008 0.001 0.069938810495
4.31727312311 521 4.24316475513 0.0741083679786 0.008 0.001 0.0651083679786
4.32527312311 522 4.24442489954 0.0808482235733 0.008 0.001 0.0718482235733
4.33327312311 523 4.27483319782 0.0584399252953 0.008 0.001 0.0494399252953
4.34127312311 524 4.27946649683 0.0618066262807 0.008 0.001 0.0528066262807
4.34927312311 525 4.28602050629 0.0632526168178 0.008 0.001 0.0542526168178
4.35727312311 526 4.28856949614 0.0687036269704 0.008 0.001 0.0597036269704
4.36527312311 527 4.31318939869 0.0520837244257 0.008 0.001 0.0430837244257
4.37327312311 528 4.31507130183 0.0582018212828 0.008 0.001 0.0492018212828
4.38127312311 529 4.32156833897 0.0597047841424 0.008 0.001 0.0507047841424
4.38927312311 530 4.33465964375 0.0546134793613 0.008 0.001 0.0456134793613
4.39727312311 531 4.34095989862 0.0563132244963 0.008 0.001 0.0473132244963
4.40527312311 532 4.34138830178 0.0638848213274 0.008 0.001 0.0548848213274
4.41327312311 533 4.34574662327 0.0675264998398 0.008 0.001 0.0585264998398
4.42127312311 534 4.34943532474 0.071837798369 0.008 0.001 0.062837798369
4.42927312311 535 4.35242473178 0.0768483913274 0.008 0.001 0.0678483913274
4.43727312311 536 4.38038155103 0.0568915720801 0.008 0.001 0.0478915720801
4.44527312311 537 4.39652491303 0.0487482100856 0.008 0.001 0.0397482100856
4.45327312311 538 4.40654363977 0.0467294833368 0.008 0.001 0.0377294833368
4.46127312311 539 4.41565202123 0.0456211018861 0.008 0.001 0.0366211018861
4.46927312311 540 4.43262154229 0.0366515808238 0.008 0.001 0.0276515808238
4.47727312311 541 4.43775756749 0.039515555621 0.008 0.001 0.030515555621
4.48527312311 542 4.44195074547 0.0433223776448 0.008 0.001 0.0343223776448
4.49327312311 543 4.4837625424 0.00951058071238 0.008 0.001 0.000510580712379
4.50861182115 544 4.49961182115 0.009 0.008 0.001 0.0
4.51661182115 545 4.50130276406 0.0153090570864 0.008 0.001 0.00630905708638
4.52461182115 546 4.50791161664 0.0167002045087 0.008 0.001 0.00770020450868
4.53261182115 547 4.51595945903 0.0166523621228 0.008 0.001 0.00765236212275
4.54061182115 548 4.52483803371 0.0157737874411 0.008 0.001 0.00677378744112
4.54861182115 549 4.52659347595 0.0220183451954 0.008 0.001 0.0130183451954
4.55661182115 550 4.52673624307 0.0298755780804 0.008 0.001 0.0208755780804
4.56461182115 551 4.53950422411 0.0251075970387 0.008 0.001 0.0161075970387
4.57261182115 552 4.5413524282 0.0312593929496 0.008 0.001 0.0222593929496
4.58061182115 553 4.54596552838 0.0346462927641 0.008 0.001 0.0256462927641
4.58861182115 554 4.56095660861 0.0276552125367 0.008 0.001 0.0186552125367
4.59661182115 555 4.56807413103 0.0285376901158 0.008 0.001 0.0195376901158
4.60461182115 556 4.57315521606 0.0314566050918 0.008 0.001 0.0224566050918
4.61261182115 557 4.5734401751 0.0391716460491 0.008 0.001 0.0301716460491
4.62061182115 558 4.58208751986 0.0385243012884 0.008 0.001 0.0295243012884
4.62861182115 559 4.59051477916 0.0380970419906 0.008 0.001 0.0290970419906
4.63661182115 560 4.59170101302 0.0449108081276 0.008 0.001 0.0359108081276
4.64461182115 561 4.6089556943 0.0356561268464 0.008 0.001 0.0266561268464
4.65261182115 562 4.62447879931 0.0281330218391 0.008 0.001 0.0191330218391
4.66061182115 563 4.62581692754 0.0347948936133 0.008 0.001 0.0257948936133
4.66861182115 564 4.64178419845 0.0268276227039 0.008 0.001 0.0178276227039
4.67661182115 565 4.64675923447 0.0298525866769 0.008 0.001 0.0208525866769
4.68461182115 566 4.66497101015 0.0196408110034 0.008 0.001 0.0106408110034
4.69261182115 567 4.66576713741 0.0268446837398 0.008 0.001 0.0178446837398
4.70061182115 568 4.67495782061 0.0256540005382 0.008 0.001 0.0166540005382
4.70861182115 569 4.67951568887 0.0290961322835 0.008 0.001 0.0200961322835
4.71661182115 570 4.69032947887 0.0262823422754 0.008 0.001 0.0172823422754
4.72461182115 571 4.69444357716 0.0301682439844 0.008 0.001 0.0211682439844
4.73261182115 572 4.7141359651 0.0184758560537 0.008 0.001 0.00947585605373
4.74061182115 573 4.72579477862 0.014817042525 0.008 0.001 0.00581704252502
4.74861182115 574 4.73861372642 0.00999809473202 0.008 0.001 0.000998094732023
4.75661182115 575 4.74369043221 0.0129213889427 0.008 0.001 0.0039213889427
4.76461182115 576 4.74584198275 0.0187698384022 0.008 0.001 0.00976983840218
4.77261182115 577 4.75557491748 0.0170369036664 0.008 0.001 0.00803690366638
4.79113834036 578 4.78213834036 0.009 0.008 0.001 0.0
4.80951989508 579 4.80051989508 0.009 0.008 0.001 0.0
4.81751989508 580 4.80318812576 0.0143317693244 0.008 0.001 0.00533176932441
4.82995681653 581 4.82095681653 0.009 0.008 0.001 0.0
4.84645504634 582 4.83745504634 0.009 0.008 0.001 0.0
4.85445504634 583 4.83905294742 0.0154020989271 0.008 0.001 0.00640209892709
4.86245504634 584 4.84785598242 0.0145990639191 0.008 0.001 0.00559906391911
4.87045504634 585 4.85857004959 0.0118849967572 0.008 0.001 0.0028849967572
4.88604990363 586 4.87704990363 0.009 0.008 0.001 0.0
4.89404990363 587 4.87864688062 0.0154030230086 0.008 0.001 0.00640302300865
4.91626068318 588 4.90726068318 0.009 0.008 0.001 0.0
4.92700029698 589 4.91800029698 0.009 0.008 0.001 0.0
4.93500029698 590 4.92004544499 0.0149548519865 0.008 0.001 0.00595485198652
4.94300029698 591 4.92660555797 0.0163947390071 0.008 0.001 0.00739473900708
4.95100029698 592 4.93746333601 0.0135369609713 0.008 0.001 0.00453696097127
4.95900029698 593 4.9457128941 0.0132874028769 0.008 0.001 0.0042874028769
4.96700029698 594 4.95673203475 0.0102682622314 0.008 0.001 0.0012682622314
4.97776285516 595 4.96876285516 0.009 0.008 0.001 0.0
4.98576285516 596 4.97024842873 0.0155144264319 0.008 0.001 0.00651442643193
4.9986789602 597 4.9896789602 0.009 0.008 0.001 0.0
5.0066789602 598 4.99043727306 0.0162416871412 0.008 0.001 0.00724168714124
5.0146789602 599 4.99983530465 0.0148436555528 0.008 0.001 0.00584365555285
5.0226789602 600 5.00369384497 0.0189851152293 0.008 0.001 0.00998511522927
5.0306789602 601 5.00465975049 0.026019209712 0.008 0.001 0.017019209712
5.0386789602 602 5.00535642963 0.0333225305717 0.008 0.001 0.0243225305717
5.0466789602 603 5.01170125674 0.0349777034641 0.008 0.001 0.0259777034641
5.0546789602 604 5.01406659979 0.0406123604105 0.008 0.001 0.0316123604105
5.0626789602 605 5.01958575515 0.0430932050511 0.008 0.001 0.0340932050511
5.0706789602 606 5.03905286211 0.0316260980906 0.008 0.001 0.0226260980906
5.0786789602 607 5.04471502586 0.0339639343469 0.008 0.001 0.0249639343469
5.0866789602 608 5.04785491919 0.0388240410106 0.008 0.001 0.0298240410106
5.0946789602 609 5.06650884874 0.0281701114671 0.008 0.001 0.0191701114671
5.1026789602 610 5.06805270021 0.0346262599908 0.008 0.001 0.0256262599908
5.1106789602 611 5.08945330383 0.0212256563682 0.008 0.001 0.0122256563682
5.1186789602 612 5.09357855005 0.025100410154 0.008 0.001 0.016100410154
5.1266789602 613 5.10715592726 0.0195230329387 0.008 0.001 0.0105230329387
5.1346789602 614 5.11446415376 0.0202148064445 0.008 0.001 0.0112148064445
5.1502634206 615 5.1412634206 0.009 0.008 0.001 0.0
5.1582634206 616 5.14363643489 0.0146269857064 0.008 0.001 0.00562698570641
5.1662634206 617 5.14605310347 0.0202103171242 0.008 0.001 0.0112103171242
5.1742634206 618 5.14958036779 0.0246830528032 0.008 0.001 0.0156830528032
5.1822634206 619 5.16312743542 0.0191359851813 0.008 0.001 0.0101359851813
5.19513921559 620 5.18613921559 0.009 0.008 0.001 0.0
5.20313921559 621 5.19062787129 0.0125113442936 0.008 0.001 0.00351134429363
5.21113921559 622 5.1909568455 0.0201823700832 0.008 0.001 0.0111823700832
5.21913921559 623 5.1956424625 0.0234967530882 0.008 0.001 0.0144967530882
5.22713921559 624 5.19823642567 0.0289027899196 0.008 0.001 0.0199027899196
5.23513921559 625 5.19899701857 0.0361421970133 0.008 0.001 0.0271421970133
5.25362250789 626 5.24462250789 0.009 0.008 0.001 0.0
5.26162250789 627 5.25260785724 0.00901465064927 0.008 0.001 1.46506492698e-05
5.26962250789 628 5.2543276693 0.0152948385951 0.008 0.001 0.00629483859511
5.27762250789 629 5.26302847298 0.0145940349137 0.008 0.001 0.00559403491373
5.28562250789 630 5.26415124979 0.0214712580991 0.008 0.001 0.0124712580991
5.29362250789 631 5.26494623306 0.0286762748301 0.008 0.001 0.0196762748301
5.30162250789 632 5.27880474204 0.0228177658516 0.008 0.001 0.0138177658516
5.33677100528 633 5.32777100528 0.009 0.008 0.001 0.0
5.34477100528 634 5.33325291271 0.0115180925744 0.008 0.001 0.00251809257439
5.35277100528 635 5.3343018094 0.0184691958809 0.008 0.001 0.00946919588095
5.37337985297 636 5.36437985297 0.009 0.008 0.001 0.0
5.38137985297 637 5.3671762692 0.0142035837725 0.008 0.001 0.00520358377246
5.38937985297 638 5.36826644913 0.0211134038411 0.008 0.001 0.0121134038411
5.39737985297 639 5.38375396265 0.0136258903215 0.008 0.001 0.00462589032151
5.40537985297 640 5.38537654621 0.0200033067585 0.008 0.001 0.0110033067585
5.41337985297 641 5.3901377782 0.0232420747636 0.008 0.001 0.0142420747636
5.42137985297 642 5.39536547292 0.0260143800446 0.008 0.001 0.0170143800446
5.42937985297 643 5.39587199184 0.0335078611228 0.008 0.001 0.0245078611228
5.43737985297 644 5.41065979803 0.0267200549327 0.008 0.001 0.0177200549327
5.44537985297 645 5.41842204743 0.0269578055416 0.008 0.001 0.0179578055416
5.45337985297 646 5.42203632588 0.0313435270902 0.008 0.001 0.0223435270902
5.46137985297 647 5.43740571232 0.0239741406513 0.008 0.001 0.0149741406513
5.46937985297 648 5.43964957398 0.029730278988 0.008 0.001 0.020730278988
5.49427883449 649 5.48527883449 0.009 0.008 0.001 0.0
5.50510605874 650 5.49610605874 0.009 0.008 0.001 0.0
5.51310605874 651 5.5031315229 0.0099745358326 0.008 0.001 0.000974535832602
5.52449402485 652 5.51549402485 0.009 0.008 0.001 0.0
5.53249402485 653 5.51910585144 0.0133881734068 0.008 0.001 0.00438817340683
5.54049402485 654 5.5214135749 0.019080449945 0.008 0.001 0.010080449945
5.55501243867 655 5.54601243867 0.009 0.008 0.001 0.0
5.56902559038 656 5.56002559038 0.009 0.008 0.001 0.0
5.57702559038 657 5.56786372188 0.00916186849966 0.008 0.001 0.00016186849966
5.59362422938 658 5.58462422938 0.009 0.008 0.001 0.0
5.60162422938 659 5.58501827281 0.0166059565772 0.008 0.001 0.00760595657723
5.60962422938 660 5.58519401525 0.0244302141301 0.008 0.001 0.0154302141301
5.61762422938 661 5.59946309413 0.0181611352544 0.008 0.001 0.00916113525436
5.62562422938 662 5.60369256999 0.0219316593929 0.008 0.001 0.0129316593929
5.63362422938 663 5.61325089357 0.0203733358161 0.008 0.001 0.0113733358161
5.64162422938 664 5.62205536077 0.0195688686093 0.008 0.001 0.0105688686093
5.64962422938 665 5.62387656047 0.025747668908 0.008 0.001 0.016747668908
5.65762422938 666 5.62484818686 0.0327760425183 0.008 0.001 0.0237760425183
5.66562422938 667 5.63568854153 0.0299356878518 0.008 0.001 0.0209356878518
5.67362422938 668 5.64997313861 0.0236510907723 0.008 0.001 0.0146510907723
5.68162422938 669 5.65595634377 0.0256678856109 0.008 0.001 0.0166678856109
5.68962422938 670 5.65859324981 0.0310309795679 0.008 0.001 0.0220309795679
5.69762422938 671 5.66470951746 0.0329147119177 0.008 0.001 0.0239147119177
5.70562422938 672 5.66711120061 0.0385130287729 0.008 0.001 0.0295130287729
5.71362422938 673 5.6683572018 0.0452670275843 0.008 0.001 0.0362670275843
5.72162422938 674 5.6893811859 0.0322430434843 0.008 0.001 0.0232430434843
5.72962422938 675 5.69003362617 0.0395906032162 0.008 0.001 0.0305906032162
5.73762422938 676 5.69810649498 0.0395177344036 0.008 0.001 0.0305177344036
5.74562422938 677 5.70709661041 0.0385276189686 0.008 0.001 0.0295276189686
5.75362422938 678 5.71212086034 0.0415033690473 0.008 0.001 0.0325033690473
5.76162422938 679 5.71576836103 0.0458558683542 0.008 0.001 0.0368558683542
5.76962422938 680 5.72174763869 0.0478765906952 0.008 0.001 0.0388765906952
5.77762422938 681 5.72918088497 0.0484433444112 0.008 0.001 0.0394433444112
5.78562422938 682 5.73300944237 0.05261478701 0.008 0.001 0.04361478701
5.79362422938 683 5.73901247708 0.0546117523019 0.008 0.001 0.0456117523019
5.80162422938 684 5.74331192959 0.0583122997949 0.008 0.001 0.0493122997949
5.80962422938 685 5.75145809116 0.0581661382275 0.008 0.001 0.0491661382275
5.81762422938 686 5.76958017064 0.0480440587435 0.008 0.001 0.0390440587435
5.82562422938 687 5.77213677819 0.0534874511912 0.008 0.001 0.0444874511912
5.83362422938 688 5.784469708 0.0491545213815 0.008 0.001 0.0401545213815
5.84162422938 689 5.80055962579 0.0410646035892 0.008 0.001 0.0320646035892
5.84962422938 690 5.80152522122 0.0480990081621 0.008 0.001 0.0390990081621
5.85762422938 691 5.81725875167 0.0403654777105 0.008 0.001 0.0313654777105
5.86562422938 692 5.82076531497 0.0448589144084 0.008 0.001 0.0358589144084
5.87362422938 693 5.82462483738 0.0489993920047 0.008 0.001 0.0399993920047
5.88162422938 694 5.82805373769 0.0535704916975 0.008 0.001 0.0445704916975
5.88962422938 695 5.82981558334 0.0598086460446 0.008 0.001 0.0508086460446
5.89762422938 696 5.83459543317 0.0630287962149 0.008 0.001 0.0540287962149
5.90562422938 697 5.83545764344 0.070166585941 0.008 0.001 0.061166585941
5.91362422938 698 5.83720144934 0.0764227800379 0.008 0.001 0.0674227800379
5.92162422938 699 5.84367255373 0.0779516756488 0.008 0.001 0.0689516756488
5.92962422938 700 5.84793035419 0.0816938751937 0.008 0.001 0.0726938751937
5.93762422938 701 5.85312256457 0.0845016648171 0.008 0.001 0.0755016648171
5.94562422938 702 5.85778482808 0.087839401307 0.008 0.001 0.078839401307
5.95362422938 703 5.86061558448 0.0930086449007 0.008 0.001 0.0840086449007
5.96162422938 704 5.88198968064 0.0796345487391 0.008 0.001 0.0706345487391
5.96962422938 705 5.89303638349 0.0765878458932 0.008 0.001 0.0675878458932
5.97762422938 706 5.89522613493 0.0823980944552 0.008 0.001 0.0733980944552
5.98562422938 707 5.89732302927 0.0883012001098 0.008 0.001 0.0793012001098
5.99362422938 708 5.89969255689 0.0939316724948 0.008 0.001 0.0849316724948
6.00162422938 709 5.90371264444 0.0979115849472 0.008 0.001 0.0889115849472
6.00962422938 710 5.92854165646 0.0810825729218 0.008 0.001 0.0720825729218
6.01762422938 711 5.95630497364 0.0613192557418 0.008 0.001 0.0523192557418
6.02562422938 712 5.96016230265 0.0654619267373 0.008 0.001 0.0564619267373
6.03362422938 713 5.96105280195 0.0725714274331 0.008 0.001 0.0635714274331
6.04162422938 714 5.96188231807 0.0797419113113 0.008 0.001 0.0707419113113
6.04962422938 715 5.96450042362 0.0851238057629 0.008 0.001 0.0761238057629
6.05762422938 716 5.96466878325 0.0929554461365 0.008 0.001 0.0839554461365
6.06562422938 717 5.98301112149 0.0826131078909 0.008 0.001 0.0736131078909
6.07362422938 718 6.00298422562 0.0706400037584 0.008 0.001 0.0616400037584
6.08162422938 719 6.01956763717 0.0620565922136 0.008 0.001 0.0530565922136
6.08962422938 720 6.0360681195 0.0535561098845 0.008 0.001 0.0445561098845
6.09762422938 721 6.03744135496 0.060182874425 0.008 0.001 0.051182874425
6.10562422938 722 6.03798613616 0.0676380932212 0.008 0.001 0.0586380932212
6.11362422938 723 6.0380347902 0.0755894391853 0.008 0.001 0.0665894391853
6.12162422938 724 6.04472502869 0.0768992006959 0.008 0.001 0.0678992006959
6.12962422938 725 6.0464962899 0.083127939482 0.008 0.001 0.074127939482
6.13762422938 726 6.06294179884 0.0746824305394 0.008 0.001 0.0656824305394
6.14562422938 727 6.07923295917 0.0663912702156 0.008 0.001 0.0573912702156
6.15362422938 728 6.08188913123 0.0717350981503 0.008 0.001 0.0627350981503
6.16162422938 729 6.08419808309 0.0774261462959 0.008 0.001 0.0684261462959
6.16962422938 730 6.08890253361 0.0807216957769 0.008 0.001 0.0717216957769
6.17762422938 731 6.0923798701 0.0852443592793 0.008 0.001 0.0762443592793
6.18562422938 732 6.0969373773 0.0886868520782 0.008 0.001 0.0796868520782
6.19362422938 733 6.10459863554 0.0890255938432 0.008 0.001 0.0800255938432
6.20162422938 734 6.10978898629 0.0918352430904 0.008 0.001 0.0828352430904
6.20962422938 735 6.11107581552 0.0985484138666 0.008 0.001 0.0895484138666
6.21762422938 736 6.14131001259 0.0763142167946 0.008 0.001 0.0673142167946
6.22562422938 737 6.14648679836 0.0791374310196 0.008 0.001 0.0701374310196
6.23362422938 738 6.14965105354 0.0839731758463 0.008 0.001 0.0749731758463
6.24162422938 739 6.15968542676 0.0819388026187 0.008 0.001 0.0729388026187
6.24962422938 740 6.16536534233 0.0842588870566 0.008 0.001 0.0752588870566
6.25762422938 741 6.16952083882 0.0881033905612 0.008 0.001 0.0791033905612
6.26562422938 742 6.17201249646 0.0936117329272 0.008 0.001 0.0846117329272
6.27362422938 743 6.17316835607 0.100455873312 0.008 0.001 0.0914558733119
6.28162422938 744 6.18765465153 0.0939695778483 0.008 0.001 0.0849695778483
6.28962422938 745 6.20306093424 0.0865632951386 0.008 0.001 0.0775632951386
6.29762422938 746 6.20669975122 0.0909244781631 0.008 0.001 0.0819244781631
6.30562422938 747 6.21276614724 0.0928580821425 0.008 0.001 0.0838580821425
6.31362422938 748 6.22184622596 0.0917780034191 0.008 0.001 0.0827780034191
6.32162422938 749 6.22271102986 0.0989131995235 0.008 0.001 0.0899131995235
6.32962422938 750 6.22295188594 0.106672343447 0.008 0.001 0.0976723434471
6.33762422938 751 6.23720402945 0.100420199928 0.008 0.001 0.0914201999281
6.34562422938 752 6.25054107497 0.0950831544093 0.008 0.001 0.0860831544093
6.35362422938 753 6.25994581201 0.0936784173741 0.008 0.001 0.0846784173741
6.36162422938 754 6.27055014849 0.0910740808907 0.008 0.001 0.0820740808907
6.36962422938 755 6.27894995909 0.0906742702918 0.008 0.001 0.0816742702918
6.37762422938 756 6.28110089694 0.0965233324402 0.008 0.001 0.0875233324402
6.38562422938 757 6.28683295091 0.098791278468 0.008 0.001 0.089791278468
6.39362422938 758 6.28906222338 0.104562006007 0.008 0.001 0.0955620060074
6.40162422938 759 6.29148006026 0.110144169126 0.008 0.001 0.101144169126
6.40962422938 760 6.29829402501 0.111330204368 0.008 0.001 0.102330204368
6.41762422938 761 6.30839743022 0.109226799161 0.008 0.001 0.100226799161
6.42562422938 762 6.31564813647 0.109976092912 0.008 0.001 0.100976092912
6.43362422938 763 6.32072649115 0.112897738229 0.008 0.001 0.103897738229
6.44162422938 764 6.32870866687 0.112915562515 0.008 0.001 0.103915562515
6.44962422938 765 6.35820735605 0.0914168733297 0.008 0.001 0.0824168733297
6.45762422938 766 6.361269697 0.0963545323834 0.008 0.001 0.0873545323834
6.46562422938 767 6.36719963538 0.0984245939996 0.008 0.001 0.0894245939996
6.47362422938 768 6.37037056795 0.103253661437 0.008 0.001 0.094253661437
6.48162422938 769 6.37517713668 0.106447092701 0.008 0.001 0.0974470927008
6.48962422938 770 6.39357072261 0.0960535067692 0.008 0.001 0.0870535067692
6.49762422938 771 6.39771382487 0.0999104045129 0.008 0.001 0.0909104045129
6.50562422938 772 6.39916771199 0.106456517393 0.008 0.001 0.0974565173925
6.51362422938 773 6.41337359472 0.100250634665 0.008 0.001 0.0912506346654
6.52162422938 774 6.41484483341 0.106779395975 0.008 0.001 0.0977793959746
6.52962422938 775 6.44106573327 0.0885584961121 0.008 0.001 0.0795584961121
6.53762422938 776 6.44178323577 0.0958409936129 0.008 0.001 0.0868409936129
6.54562422938 777 6.44903662008 0.0965876092999 0.008 0.001 0.0875876092999
6.55362422938 778 6.45432875626 0.099295473127 0.008 0.001 0.090295473127
6.56162422938 779 6.47193604347 0.0896881859131 0.008 0.001 0.0806881859131
6.56962422938 780 6.48281236322 0.0868118661616 0.008 0.001 0.0778118661616
6.57762422938 781 6.48806103829 0.0895631910893 0.008 0.001 0.0805631910893
6.58562422938 782 6.50382223991 0.0818019894766 0.008 0.001 0.0728019894766
6.59362422938 783 6.50581499601 0.0878092333723 0.008 0.001 0.0788092333723
6.60162422938 784 6.50790550126 0.0937187281264 0.008 0.001 0.0847187281264
6.60962422938 785 6.50854764554 0.101076583843 0.008 0.001 0.0920765838433
6.61762422938 786 6.51553284376 0.102091385619 0.008 0.001 0.0930913856194
6.62562422938 787 6.53115104792 0.0944731814652 0.008 0.001 0.0854731814652
6.63362422938 788 6.53407533978 0.0995488896057 0.008 0.001 0.0905488896057
6.64162422938 789 6.54723479204 0.0943894373451 0.008 0.001 0.0853894373451
6.64962422938 790 6.54824343614 0.101380793243 0.008 0.001 0.0923807932431
6.65762422938 791 6.55125998653 0.106364242853 0.008 0.001 0.097364242853
6.66562422938 792 6.57350109373 0.0921231356506 0.008 0.001 0.0831231356506
6.67362422938 793 6.58286404488 0.0907601845049 0.008 0.001 0.0817601845049
6.68162422938 794 6.58337781825 0.0982464111312 0.008 0.001 0.0892464111312
6.68962422938 795 6.58758420435 0.102040025032 0.008 0.001 0.093040025032
6.69762422938 796 6.5923215843 0.10530264508 0.008 0.001 0.0963026450803
6.70562422938 797 6.60942525618 0.0961989732041 0.008 0.001 0.0871989732041
6.71362422938 798 6.62753301098 0.0860912184022 0.008 0.001 0.0770912184022
6.72162422938 799 6.6339970357 0.0876271936798 0.008 0.001 0.0786271936798
6.72962422938 800 6.63543064218 0.0941935872047 0.008 0.001 0.0851935872047
6.73762422938 801 6.63621517797 0.101409051409 0.008 0.001 0.0924090514091
6.74562422938 802 6.65001938844 0.0956048409405 0.008 0.001 0.0866048409405
6.75362422938 803 6.66233148999 0.0912927393908 0.008 0.001 0.0822927393908
6.76162422938 804 6.66262950612 0.0989947232666 0.008 0.001 0.0899947232666
6.76962422938 805 6.67179190126 0.0978323281216 0.008 0.001 0.0888323281216
6.77762422938 806 6.67381162219 0.103812607192 0.008 0.001 0.0948126071918
6.78562422938 807 6.68306927503 0.102554954352 0.008 0.001 0.0935549543525
6.79362422938 808 6.68444906922 0.109175160165 0.008 0.001 0.100175160165
6.80162422938 809 6.69460916073 0.107015068648 0.008 0.001 0.0980150686485
6.80962422938 810 6.69488748924 0.114736740147 0.008 0.001 0.105736740147
6.81762422938 811 6.70307273624 0.114551493147 0.008 0.001 0.105551493147
6.82562422938 812 6.71388999685 0.111734232533 0.008 0.001 0.102734232533
6.83362422938 813 6.72145442865 0.112169800736 0.008 0.001 0.103169800736
6.84162422938 814 6.72336571568 0.118258513707 0.008 0.001 0.109258513707
6.84962422938 815 6.73106485116 0.118559378221 0.008 0.001 0.109559378221
6.85762422938 816 6.73710518307 0.120519046315 0.008 0.001 0.111519046315
6.86562422938 817 6.74844776763 0.117176461751 0.008 0.001 0.108176461751
6.87362422938 818 6.75055957465 0.123064654736 0.008 0.001 0.114064654736
6.88162422938 819 6.76888852774 0.112735701646 0.008 0.001 0.103735701646
6.88962422938 820 6.77069359022 0.118930639158 0.008 0.001 0.109930639158
6.89762422938 821 6.77803318824 0.119591041139 0.008 0.001 0.110591041139
6.90562422938 822 6.79095669689 0.11466753249 0.008 0.001 0.10566753249
6.91362422938 823 6.79321947824 0.120404751139 0.008 0.001 0.111404751139
6.92162422938 824 6.79779010346 0.123834125922 0.008 0.001 0.114834125922
6.92962422938 825 6.8103489642 0.119275265187 0.008 0.001 0.110275265187
6.93762422938 826 6.83027258517 0.107351644215 0.008 0.001 0.098351644215
6.94562422938 827 6.84641191517 0.0992123142092 0.008 0.001 0.0902123142092
6.95362422938 828 6.85931414501 0.0943100843678 0.008 0.001 0.0853100843678
6.96162422938 829 6.86845477019 0.0931694591966 0.008 0.001 0.0841694591966
6.96962422938 830 6.88298827305 0.086635956332 0.008 0.001 0.077635956332
6.97762422938 831 6.89946529808 0.078158931303 0.008 0.001 0.069158931303
6.98562422938 832 6.91900014887 0.0666240805151 0.008 0.001 0.0576240805151
6.99362422938 833 6.92397976276 0.0696444666234 0.008 0.001 0.0606444666234
7.00162422938 834 6.92505165983 0.0765725695501 0.008 0.001 0.0675725695501
7.00962422938 835 6.92617797607 0.0834462533132 0.008 0.001 0.0744462533132
7.01762422938 836 6.92847053007 0.0891536993147 0.008 0.001 0.0801536993147
7.02562422938 837 6.93261477929 0.0930094500884 0.008 0.001 0.0840094500884
7.03362422938 838 6.93313145569 0.100492773691 0.008 0.001 0.0914927736906
7.04162422938 839 6.94560557225 0.096018657134 0.008 0.001 0.087018657134
7.04962422938 840 6.95476015158 0.0948640778025 0.008 0.001 0.0858640778025
7.05762422938 841 6.9603322414 0.0972919879832 0.008 0.001 0.0882919879832
7.06562422938 842 6.97242293275 0.0932012966361 0.008 0.001 0.0842012966361
7.07362422938 843 7.00490419312 0.0687200362675 0.008 0.001 0.0597200362675
7.08162422938 844 7.00879068849 0.0728335408972 0.008 0.001 0.0638335408972
7.08962422938 845 7.01009863908 0.0795255903046 0.008 0.001 0.0705255903046
7.09762422938 846 7.01543246732 0.0821917620649 0.008 0.001 0.0731917620649
7.10562422938 847 7.02593502488 0.0796892045042 0.008 0.001 0.0706892045042
7.11362422938 848 7.03041879864 0.0832054307455 0.008 0.001 0.0742054307455
7.12162422938 849 7.03105888764 0.0905653417414 0.008 0.001 0.0815653417414
7.12962422938 850 7.03432717149 0.095297057894 0.008 0.001 0.086297057894
7.13762422938 851 7.03692904342 0.100695185959 0.008 0.001 0.0916951859595
7.14562422938 852 7.04340891412 0.102215315267 0.008 0.001 0.093215315267
7.15362422938 853 7.07282584738 0.0807983820068 0.008 0.001 0.0717983820068
7.16162422938 854 7.08034526292 0.0812789664615 0.008 0.001 0.0722789664615
7.16962422938 855 7.08219291142 0.0874313179577 0.008 0.001 0.0784313179577
7.17762422938 856 7.10126414106 0.0763600883261 0.008 0.001 0.0673600883261
7.18562422938 857 7.10909374484 0.076530484543 0.008 0.001 0.067530484543
7.19362422938 858 7.127745275 0.0658789543807 0.008 0.001 0.0568789543807
7.20162422938 859 7.13234996247 0.0692742669121 0.008 0.001 0.0602742669121
7.20962422938 860 7.14251654297 0.0671076864166 0.008 0.001 0.0581076864166
7.21762422938 861 7.14277309428 0.0748511351012 0.008 0.001 0.0658511351012
7.22562422938 862 7.14799506965 0.0776291597332 0.008 0.001 0.0686291597332
7.23362422938 863 7.16389413754 0.0697300918379 0.008 0.001 0.0607300918379
7.24162422938 864 7.16966192014 0.0719623092453 0.008 0.001 0.0629623092453
7.24962422938 865 7.17271417192 0.0769100574588 0.008 0.001 0.0679100574588
7.25762422938 866 7.17909656056 0.0785276688267 0.008 0.001 0.0695276688267
7.26562422938 867 7.18664778989 0.0789764394973 0.008 0.001 0.0699764394973
7.27362422938 868 7.19385999801 0.0797642313706 0.008 0.001 0.0707642313706
7.28162422938 869 7.19446454353 0.0871596858485 0.008 0.001 0.0781596858485
7.28962422938 870 7.19804058359 0.0915836457932 0.008 0.001 0.0825836457932
7.29762422938 871 7.20533021325 0.0922940161359 0.008 0.001 0.0832940161359
7.30562422938 872 7.20739769033 0.0982265390506 0.008 0.001 0.0892265390506
7.31362422938 873 7.25141474513 0.0622094842523 0.008 0.001 0.0532094842523
7.32162422938 874 7.25569288005 0.065931349328 0.008 0.001 0.056931349328
7.32962422938 875 7.26423672605 0.0653875033365 0.008 0.001 0.0563875033365
7.33762422938 876 7.28976711818 0.0478571112033 0.008 0.001 0.0388571112033
7.34562422938 877 7.29075472927 0.0548695001144 0.008 0.001 0.0458695001144
7.35362422938 878 7.2968748107 0.0567494186801 0.008 0.001 0.0477494186801
7.36162422938 879 7.29771043404 0.0639137953382 0.008 0.001 0.0549137953382
7.36962422938 880 7.31735651594 0.0522677134391 0.008 0.001 0.0432677134391
7.37762422938 881 7.32663069028 0.0509935390993 0.008 0.001 0.0419935390993
7.38562422938 882 7.32877431625 0.0568499131294 0.008 0.001 0.0478499131294
7.39362422938 883 7.33517355774 0.0584506716385 0.008 0.001 0.0494506716385
7.40162422938 884 7.34358161315 0.0580426162371 0.008 0.001 0.0490426162371
7.40962422938 885 7.34422792679 0.0653963025907 0.008 0.001 0.0563963025907
7.41762422938 886 7.36900713696 0.0486170924253 0.008 0.001 0.0396170924253
7.42562422938 887 7.36930738264 0.056316846741 0.008 0.001 0.047316846741
7.43362422938 888 7.39791201295 0.0357122164349 0.008 0.001 0.0267122164349
7.44162422938 889 7.42577889633 0.0158453330519 0.008 0.001 0.00684533305187
7.44962422938 890 7.43278598687 0.0168382425103 0.008 0.001 0.00783824251027
7.45762422938 891 7.43903225132 0.0185919780624 0.008 0.001 0.00959197806239
7.46562422938 892 7.45156353873 0.0140606906487 0.008 0.001 0.00506069064873
7.47362422938 893 7.45559292678 0.0180313026073 0.008 0.001 0.00903130260733
7.48162422938 894 7.45702242767 0.024601801717 0.008 0.001 0.015601801717
7.48962422938 895 7.46082976557 0.0287944638113 0.008 0.001 0.0197944638113
7.49762422938 896 7.46730103666 0.0303231927244 0.008 0.001 0.0213231927244
7.50562422938 897 7.47796783782 0.0276563915668 0.008 0.001 0.0186563915668
7.51362422938 898 7.50388932406 0.00973490532081 0.008 0.001 0.000734905320805
7.52454745864 899 7.51554745864 0.009 0.008 0.001 0.0
7.53382797868 900 7.52482797868 0.009 0.008 0.001 0.0
7.54182797868 901 7.52616496389 0.0156630147841 0.008 0.001 0.00666301478413
7.54982797868 902 7.52883681075 0.0209911679276 0.008 0.001 0.0119911679276
7.55782797868 903 7.53740817164 0.0204198070392 0.008 0.001 0.0114198070392
7.56582797868 904 7.53754069579 0.0282872828898 0.008 0.001 0.0192872828898
7.58555739895 905 7.57655739895 0.009 0.008 0.001 0.0
7.59355739895 906 7.57842011245 0.0151372864988 0.008 0.001 0.00613728649883
7.60155739895 907 7.58522884722 0.0163285517245 0.008 0.001 0.00732855172447
7.60955739895 908 7.5927301978 0.0168272011493 0.008 0.001 0.00782720114932
7.61755739895 909 7.60225302587 0.0153043730813 0.008 0.001 0.0063043730813
7.62555739895 910 7.60308464619 0.0224727527572 0.008 0.001 0.0134727527572
7.63355739895 911 7.60929917501 0.0242582239395 0.008 0.001 0.0152582239395
7.64155739895 912 7.61910097293 0.0224564260136 0.008 0.001 0.0134564260136
7.64955739895 913 7.63401963374 0.0155377652089 0.008 0.001 0.00653776520891
7.65755739895 914 7.63899391227 0.0185634866786 0.008 0.001 0.00956348667857
7.66555739895 915 7.65372365303 0.0118337459127 0.008 0.001 0.00283374591272
7.67355739895 916 7.65387504754 0.0196823514084 0.008 0.001 0.0106823514084
7.68155739895 917 7.65479586608 0.0267615328651 0.008 0.001 0.0177615328651
7.68955739895 918 7.67231091273 0.0172464862167 0.008 0.001 0.00824648621674
7.69755739895 919 7.67540191012 0.0221554888306 0.008 0.001 0.0131554888306
7.70555739895 920 7.68096521029 0.0245921886594 0.008 0.001 0.0155921886594
7.71355739895 921 7.68138103846 0.0321763604859 0.008 0.001 0.0231763604859
7.72155739895 922 7.69827189542 0.0232855035261 0.008 0.001 0.0142855035261
7.72955739895 923 7.69839824459 0.0311591543615 0.008 0.001 0.0221591543615
7.73755739895 924 7.70164580314 0.0359115958047 0.008 0.001 0.0269115958047
7.74555739895 925 7.70979735749 0.0357600414561 0.008 0.001 0.0267600414561
7.75355739895 926 7.71245588577 0.0411015131738 0.008 0.001 0.0321015131738
7.76155739895 927 7.71700864458 0.0445487543689 0.008 0.001 0.0355487543689
7.76955739895 928 7.72174643186 0.047810967089 0.008 0.001 0.038810967089
7.77755739895 929 7.73199895026 0.0455584486898 0.008 0.001 0.0365584486898
7.78555739895 930 7.73563428508 0.0499231138626 0.008 0.001 0.0409231138626
7.79355739895 931 7.73893818111 0.0546192178354 0.008 0.001 0.0456192178354
7.80155739895 932 7.74007758786 0.0614798110841 0.008 0.001 0.0524798110841
7.80955739895 933 7.75805951119 0.0514978877569 0.008 0.001 0.0424978877569
7.81755739895 934 7.75892237471 0.0586350242322 0.008 0.001 0.0496350242322
7.82555739895 935 7.76106694813 0.0644904508152 0.008 0.001 0.0554904508152
7.83355739895 936 7.80878572173 0.0247716772203 0.008 0.001 0.0157716772203
7.84919208793 937 7.84019208793 0.009 0.008 0.001 0.0
7.8729519372 938 7.8639519372 0.009 0.008 0.001 0.0
7.8809519372 939 7.86624073405 0.0147112031531 0.008 0.001 0.00571120315315
7.8889519372 940 7.87153726109 0.0174146761129 0.008 0.001 0.00841467611295
7.8984024651 941 7.8894024651 0.009 0.008 0.001 0.0
7.9064024651 942 7.88996323991 0.0164392251881 0.008 0.001 0.00743922518813
7.9144024651 943 7.8976190113 0.0167834537998 0.008 0.001 0.00778345379977
7.9224024651 944 7.89994969139 0.0224527737041 0.008 0.001 0.0134527737041
7.9304024651 945 7.90972576867 0.0206766964278 0.008 0.001 0.0116766964278
7.94284405009 946 7.93384405009 0.009 0.008 0.001 0.0
7.95103585272 947 7.94203585272 0.009 0.008 0.001 0.0
7.95903585272 948 7.94455776275 0.0144780899701 0.008 0.001 0.00547808997014
7.96703585272 949 7.94652362895 0.0205122237699 0.008 0.001 0.0115122237699
7.97503585272 950 7.948206376 0.026829476718 0.008 0.001 0.017829476718
7.98303585272 951 7.9506225716 0.032413281122 0.008 0.001 0.023413281122
7.99103585272 952 7.95479777406 0.0362380786602 0.008 0.001 0.0272380786602
7.99903585272 953 7.96787068832 0.031165164406 0.008 0.001 0.022165164406
8.00703585272 954 7.97096804668 0.0360678060448 0.008 0.001 0.0270678060448
8.01503585272 955 7.99700498099 0.0180308717317 0.008 0.001 0.00903087173167
8.02303585272 956 8.00250750799 0.0205283447314 0.008 0.001 0.0115283447314
8.03103585272 957 8.01413051547 0.0169053372489 0.008 0.001 0.00790533724889
8.03903585272 958 8.02206865227 0.0169672004549 0.008 0.001 0.00796720045492
8.04703585272 959 8.02487782716 0.0221580255608 0.008 0.001 0.0131580255608
8.05503585272 960 8.03587592662 0.0191599261021 0.008 0.001 0.0101599261021
8.06303585272 961 8.04868217861 0.0143536741086 0.008 0.001 0.00535367410857
8.07103585272 962 8.05183669092 0.019199161803 0.008 0.001 0.010199161803
8.07903585272 963 8.05363896698 0.0253968857385 0.008 0.001 0.0163968857385
8.08703585272 964 8.06574902635 0.021286826375 0.008 0.001 0.012286826375
8.09503585272 965 8.07287663213 0.0221592205932 0.008 0.001 0.0131592205932
8.10303585272 966 8.08275564798 0.0202802047405 0.008 0.001 0.0112802047405
8.11103585272 967 8.09393936747 0.0170964852531 0.008 0.001 0.00809648525308
8.11903585272 968 8.10548780369 0.0135480490289 0.008 0.001 0.00454804902891
8.12703585272 969 8.11102009628 0.0160157564437 0.008 0.001 0.0070157564437
8.13503585272 970 8.11899761588 0.0160382368474 0.008 0.001 0.00703823684738
8.14303585272 971 8.12933841438 0.0136974383419 0.008 0.001 0.00469743834185
8.15103585272 972 8.13043592821 0.0205999245087 0.008 0.001 0.0115999245087
8.15903585272 973 8.13745457815 0.0215812745754 0.008 0.001 0.0125812745754
8.16880640303 974 8.15980640303 0.009 0.008 0.001 0.0
8.17680640303 975 8.16328796914 0.0135184338867 0.008 0.001 0.00451843388666
8.19418150247 976 8.18518150247 0.009 0.008 0.001 0.0
8.20218150247 977 8.18814371727 0.0140377852031 0.008 0.001 0.00503778520311
8.21018150247 978 8.18933003615 0.0208514663208 0.008 0.001 0.0118514663208
8.21818150247 979 8.20408644559 0.0140950568793 0.008 0.001 0.00509505687925
8.22618150247 980 8.21247595906 0.0137055434101 0.008 0.001 0.00470554341011
8.23418150247 981 8.22227606498 0.0119054374882 0.008 0.001 0.00290543748817
8.2425436334 982 8.2335436334 0.009 0.008 0.001 0.0
8.25150944966 983 8.24250944966 0.009 0.008 0.001 0.0
8.25950944966 984 8.24499069082 0.0145187588368 0.008 0.001 0.0055187588368
8.27868118373 985 8.26968118373 0.009 0.008 0.001 0.0
8.32471399207 986 8.31571399207 0.009 0.008 0.001 0.0
8.33271399207 987 8.31595149101 0.016762501064 0.008 0.001 0.00776250106397
8.34071399207 988 8.31702903823 0.0236849538412 0.008 0.001 0.0146849538412
8.36003301085 989 8.35103301085 0.009 0.008 0.001 0.0
8.37837772975 990 8.36937772975 0.009 0.008 0.001 0.0
8.38746266194 991 8.37846266194 0.009 0.008 0.001 0.0
8.3968805667 992 8.3878805667 0.009 0.008 0.001 0.0
8.4048805667 993 8.38840196971 0.0164785969869 0.008 0.001 0.00747859698692
8.4128805667 994 8.39095899362 0.0219215730792 0.008 0.001 0.0129215730792
8.43224630289 995 8.42324630289 0.009 0.008 0.001 0.0
8.44024630289 996 8.42382656436 0.0164197385214 0.008 0.001 0.00741973852143
8.44824630289 997 8.43004311749 0.0182031853935 0.008 0.001 0.00920318539355
8.45624630289 998 8.43011459322 0.0261317096662 0.008 0.001 0.0171317096662
8.46424630289 999 8.44444464059 0.0198016622979 0.008 0.001 0.0108016622979
8.47224630289 1000 8.44574952993 0.0264967729522 0.008 0.001 0.0174967729522
8.48024630289 1001 8.45676603625 0.0234802666398 0.008 0.001 0.0144802666398
8.48824630289 1002 8.45913352087 0.0291127820206 0.008 0.001 0.0201127820206
8.49624630289 1003 8.46144536747 0.0348009354166 0.008 0.001 0.0258009354166
8.50424630289 1004 8.46272849142 0.0415178114703 0.008 0.001 0.0325178114703
8.51224630289 1005 8.47168664585 0.0405596570365 0.008 0.001 0.0315596570365
8.52024630289 1006 8.47331214149 0.0469341613928 0.008 0.001 0.0379341613928
8.52824630289 1007 8.47503742009 0.053208882793 0.008 0.001 0.044208882793
8.53624630289 1008 8.47759953993 0.0586467629547 0.008 0.001 0.0496467629547
8.54424630289 1009 8.49906878046 0.0451775224232 0.008 0.001 0.0361775224232
8.55224630289 1010 8.50644872765 0.0457975752406 0.008 0.001 0.0367975752406
8.56024630289 1011 8.50897659114 0.0512697117496 0.008 0.001 0.0422697117496
8.56824630289 1012 8.51313849308 0.0551078098042 0.008 0.001 0.0461078098042
8.57624630289 1013 8.52960873154 0.0466375713423 0.008 0.001 0.0376375713423
8.58424630289 1014 8.53706679357 0.0471795093209 0.008 0.001 0.0381795093209
8.59224630289 1015 8.54392348694 0.0483228159509 0.008 0.001 0.0393228159509
8.60024630289 1016 8.5721621393 0.02808416359 0.008 0.001 0.01908416359
8.60824630289 1017 8.57219014895 0.0360561539316 0.008 0.001 0.0270561539316
8.61624630289 1018 8.58049873733 0.0357475655538 0.008 0.001 0.0267475655538
8.62424630289 1019 8.58127308246 0.0429732204245 0.008 0.001 0.0339732204245
8.63224630289 1020 8.58938528088 0.0428610220092 0.008 0.001 0.0338610220092
8.64024630289 1021 8.60904426552 0.0312020373669 0.008 0.001 0.0222020373669
8.64824630289 1022 8.61330570586 0.034940597025 0.008 0.001 0.025940597025
8.65624630289 1023 8.6172111209 0.0390351819812 0.008 0.001 0.0300351819812
8.66424630289 1024 8.62215382119 0.0420924816946 0.008 0.001 0.0330924816946
8.67224630289 1025 8.62427466601 0.0479716368734 0.008 0.001 0.0389716368734
8.68024630289 1026 8.63487307889 0.0453732239947 0.008 0.001 0.0363732239947
8.68824630289 1027 8.64134087866 0.046905424225 0.008 0.001 0.037905424225
8.69624630289 1028 8.65809843111 0.0381478717716 0.008 0.001 0.0291478717716
8.70424630289 1029 8.67658155831 0.0276647445712 0.008 0.001 0.0186647445712
8.71224630289 1030 8.67740886706 0.0348374358216 0.008 0.001 0.0258374358216
8.72024630289 1031 8.68366376608 0.0365825368073 0.008 0.001 0.0275825368073
8.72824630289 1032 8.6873008529 0.0409454499894 0.008 0.001 0.0319454499894
8.73624630289 1033 8.68822145427 0.0480248486135 0.008 0.001 0.0390248486135
8.74424630289 1034 8.69696284952 0.0472834533666 0.008 0.001 0.0382834533666
8.75224630289 1035 8.71110283262 0.0411434702659 0.008 0.001 0.0321434702659
8.76024630289 1036 8.72086504992 0.0393812529635 0.008 0.001 0.0303812529635
8.76824630289 1037 8.73139557877 0.0368507241175 0.008 0.001 0.0278507241175
8.77624630289 1038 8.74201466987 0.0342316330202 0.008 0.001 0.0252316330202
8.78424630289 1039 8.74887570311 0.0353705997777 0.008 0.001 0.0263705997777
8.79224630289 1040 8.7664581495 0.0257881533872 0.008 0.001 0.0167881533872
8.80024630289 1041 8.7736060856 0.0266402172842 0.008 0.001 0.0176402172842
8.80824630289 1042 8.78322003174 0.0250262711447 0.008 0.001 0.0160262711447
8.81624630289 1043 8.78800254288 0.0282437600028 0.008 0.001 0.0192437600028
8.82424630289 1044 8.81155894111 0.0126873617716 0.008 0.001 0.00368736177156
8.83224630289 1045 8.81358968111 0.0186566217766 0.008 0.001 0.00965662177665
8.84024630289 1046 8.82753527717 0.0127110257112 0.008 0.001 0.00371102571118
8.84824630289 1047 8.83169992899 0.0165463739009 0.008 0.001 0.00754637390092
8.86917525382 1048 8.86017525382 0.009 0.008 0.001 0.0
8.8977551687 1049 8.8887551687 0.009 0.008 0.001 0.0
8.9057551687 1050 8.89670310569 0.00905206301652 0.008 0.001 5.20630165148e-05
8.91552741904 1051 8.90652741904 0.009 0.008 0.001 0.0
8.92352741904 1052 8.91204646197 0.0114809570662 0.008 0.001 0.00248095706619
8.93152741904 1053 8.91597724981 0.0155501692345 0.008 0.001 0.00655016923454
8.93952741904 1054 8.91912713433 0.020400284712 0.008 0.001 0.011400284712
8.94752741904 1055 8.93405893075 0.0134684882937 0.008 0.001 0.00446848829372
8.95552741904 1056 8.93613925715 0.0193881618945 0.008 0.001 0.0103881618945
8.96352741904 1057 8.9375777124 0.0259497066372 0.008 0.001 0.0169497066372
8.97152741904 1058 8.94086374115 0.0306636778894 0.008 0.001 0.0216636778894
8.97952741904 1059 8.95240406473 0.0271233543062 0.008 0.001 0.0181233543061
8.98752741904 1060 8.95487322198 0.0326541970554 0.008 0.001 0.0236541970554
8.99552741904 1061 8.95729551289 0.0382319061493 0.008 0.001 0.0292319061493
9.00352741904 1062 8.96139699465 0.0421304243935 0.008 0.001 0.0331304243935
9.01152741904 1063 8.96237299734 0.0491544216994 0.008 0.001 0.0401544216994
9.01952741904 1064 8.96264585723 0.0568815618102 0.008 0.001 0.0478815618102
9.02752741904 1065 8.98027638615 0.0472510328908 0.008 0.001 0.0382510328908
9.03552741904 1066 8.99819684104 0.0373305780018 0.008 0.001 0.0283305780018
9.04352741904 1067 9.00014162242 0.0433857966232 0.008 0.001 0.0343857966232
9.05152741904 1068 9.00205692174 0.0494704972961 0.008 0.001 0.0404704972961
9.05952741904 1069 9.00970322275 0.0498241962919 0.008 0.001 0.0408241962919
9.06752741904 1070 9.02032143965 0.0472059793907 0.008 0.001 0.0382059793907
9.07552741904 1071 9.02166402376 0.0538633952782 0.008 0.001 0.0448633952782
9.08352741904 1072 9.02364599601 0.0598814230343 0.008 0.001 0.0508814230343
9.09152741904 1073 9.04419261051 0.0473348085271 0.008 0.001 0.0383348085271
9.09952741904 1074 9.05337926255 0.046148156487 0.008 0.001 0.037148156487
9.10752741904 1075 9.05672187093 0.0508055481134 0.008 0.001 0.0418055481134
9.11552741904 1076 9.06391332593 0.0516140931119 0.008 0.001 0.0426140931119
9.12352741904 1077 9.07466902701 0.048858392033 0.008 0.001 0.039858392033
9.13152741904 1078 9.07507684927 0.0564505697724 0.008 0.001 0.0474505697724
9.13952741904 1079 9.07942877859 0.0600986404493 0.008 0.001 0.0510986404493
9.14752741904 1080 9.09038474745 0.0571426715852 0.008 0.001 0.0481426715852
9.15552741904 1081 9.10832589942 0.0472015196244 0.008 0.001 0.0382015196244
9.16352741904 1082 9.11531729677 0.0482101222734 0.008 0.001 0.0392101222734
9.17152741904 1083 9.13046877498 0.0410586440617 0.008 0.001 0.0320586440617
9.17952741904 1084 9.13157243242 0.0479549866154 0.008 0.001 0.0389549866154
9.18752741904 1085 9.13279488536 0.0547325336786 0.008 0.001 0.0457325336786
9.19552741904 1086 9.13466936823 0.0608580508118 0.008 0.001 0.0518580508118
9.20352741904 1087 9.15428163968 0.0492457793594 0.008 0.001 0.0402457793594
9.21152741904 1088 9.16500188816 0.0465255308812 0.008 0.001 0.0375255308812
9.21952741904 1089 9.17726139385 0.0422660251874 0.008 0.001 0.0332660251874
9.22752741904 1090 9.17842356439 0.0491038546486 0.008 0.001 0.0401038546486
9.23552741904 1091 9.18143757929 0.0540898397485 0.008 0.001 0.0450898397485
9.24352741904 1092 9.19969729223 0.043830126808 0.008 0.001 0.034830126808
9.25152741904 1093 9.20411922778 0.0474081912555 0.008 0.001 0.0384081912555
9.25952741904 1094 9.2114642051 0.048063213944 0.008 0.001 0.039063213944
9.26752741904 1095 9.21283843018 0.0546889888576 0.008 0.001 0.0456889888576
9.27552741904 1096 9.21481461885 0.0607128001941 0.008 0.001 0.0517128001941
9.28352741904 1097 9.21684711041 0.0666803086285 0.008 0.001 0.0576803086285
9.29152741904 1098 9.21871736866 0.0728100503815 0.008 0.001 0.0638100503815
9.29952741904 1099 9.22378298507 0.0757444339677 0.008 0.001 0.0667444339677
9.30752741904 1100 9.22846268562 0.0790647334181 0.008 0.001 0.0700647334181
9.31552741904 1101 9.23050636272 0.0850210563216 0.008 0.001 0.0760210563216
9.32352741904 1102 9.23698245591 0.0865449631251 0.008 0.001 0.0775449631251
9.33152741904 1103 9.24145775123 0.0900696678137 0.008 0.001 0.0810696678137
9.33952741904 1104 9.25734056473 0.0821868543095 0.008 0.001 0.0731868543095
9.34752741904 1105 9.26044568148 0.0870817375563 0.008 0.001 0.0780817375563
9.35552741904 1106 9.26747773669 0.0880496823541 0.008 0.001 0.0790496823541
9.36352741904 1107 9.26931043994 0.0942169790962 0.008 0.001 0.0852169790962
9.37152741904 1108 9.27816528508 0.093362133961 0.008 0.001 0.084362133961
9.37952741904 1109 9.29108416859 0.0884432504534 0.008 0.001 0.0794432504534
9.38752741904 1110 9.29378768096 0.0937397380805 0.008 0.001 0.0847397380805
9.39552741904 1111 9.29818054086 0.0973468781838 0.008 0.001 0.0883468781838
9.40352741904 1112 9.30818615238 0.0953412666643 0.008 0.001 0.0863412666643
9.41152741904 1113 9.31421645276 0.097310966277 0.008 0.001 0.088310966277
9.41952741904 1114 9.31790375812 0.101623660918 0.008 0.001 0.0926236609175
9.42752741904 1115 9.31891077667 0.108616642367 0.008 0.001 0.0996166423666
9.43552741904 1116 9.33023564955 0.105291769488 0.008 0.001 0.0962917694878
9.44352741904 1117 9.33419410551 0.109333313526 0.008 0.001 0.100333313526
9.45152741904 1118 9.33468190842 0.116845510619 0.008 0.001 0.107845510619
9.45952741904 1119 9.34581743566 0.113709983376 0.008 0.001 0.104709983376
9.46752741904 1120 9.35785957054 0.109667848502 0.008 0.001 0.100667848502
9.47552741904 1121 9.38370188846 0.09182553058 0.008 0.001 0.08282553058
9.48352741904 1122 9.39442949811 0.089097920931 0.008 0.001 0.080097920931
9.49152741904 1123 9.39854150436 0.0929859146771 0.008 0.001 0.0839859146771
9.49952741904 1124 9.39872536068 0.100802058356 0.008 0.001 0.0918020583559
9.50752741904 1125 9.41292600292 0.0946014161172 0.008 0.001 0.0856014161172
9.51552741904 1126 9.41574035008 0.0997870689599 0.008 0.001 0.0907870689599
9.52352741904 1127 9.44860147824 0.0749259407951 0.008 0.001 0.0659259407951
9.53152741904 1128 9.46280126543 0.0687261536134 0.008 0.001 0.0597261536134
9.53952741904 1129 9.4695533511 0.0699740679396 0.008 0.001 0.0609740679396
9.54752741904 1130 9.47258387666 0.0749435423833 0.008 0.001 0.0659435423833
9.55552741904 1131 9.47441833934 0.0811090797 0.008 0.001 0.0721090797
9.56352741904 1132 9.48309165942 0.0804357596155 0.008 0.001 0.0714357596155
9.57152741904 1133 9.48318414295 0.0883432760906 0.008 0.001 0.0793432760906
9.57952741904 1134 9.48380119352 0.0957262255235 0.008 0.001 0.0867262255235
9.58752741904 1135 9.48720643199 0.100320987048 0.008 0.001 0.0913209870485
9.59552741904 1136 9.49729717537 0.0982302436668 0.008 0.001 0.0892302436668
9.60352741904 1137 9.50384803157 0.0996793874684 0.008 0.001 0.0906793874684
9.61152741904 1138 9.51320707931 0.0983203397251 0.008 0.001 0.0893203397251
9.61952741904 1139 9.52518738655 0.0943400324939 0.008 0.001 0.0853400324939
9.62752741904 1140 9.53575240335 0.0917750156905 0.008 0.001 0.0827750156905
9.63552741904 1141 9.53833593544 0.0971914836042 0.008 0.001 0.0881914836042
9.64352741904 1142 9.54064438551 0.102883033528 0.008 0.001 0.0938830335277
9.65152741904 1143 9.5557278779 0.095799541142 0.008 0.001 0.086799541142
9.65952741904 1144 9.56068024476 0.0988471742836 0.008 0.001 0.0898471742836
9.66752741904 1145 9.56410139992 0.103426019125 0.008 0.001 0.0944260191248
9.67552741904 1146 9.57544735857 0.100080060466 0.008 0.001 0.091080060466
9.68352741904 1147 9.57547653283 0.108050886208 0.008 0.001 0.0990508862081
9.69152741904 1148 9.59608021155 0.095447207492 0.008 0.001 0.086447207492
9.69952741904 1149 9.62181809393 0.0777093251051 0.008 0.001 0.0687093251051
9.70752741904 1150 9.62546179485 0.0820656241856 0.008 0.001 0.0730656241856
9.71552741904 1151 9.62876616345 0.0867612555878 0.008 0.001 0.0777612555878
9.72352741904 1152 9.63473225151 0.08879516753 0.008 0.001 0.07979516753
9.73152741904 1153 9.64270845754 0.0888189614964 0.008 0.001 0.0798189614964
9.73952741904 1154 9.66323647567 0.0762909433684 0.008 0.001 0.0672909433684
9.74752741904 1155 9.66352698515 0.0840004338907 0.008 0.001 0.0750004338907
9.75552741904 1156 9.68715509402 0.0683723250155 0.008 0.001 0.0593723250155
9.76352741904 1157 9.69108089494 0.072446524097 0.008 0.001 0.063446524097
9.77152741904 1158 9.69119248287 0.0803349361713 0.008 0.001 0.0713349361713
9.77952741904 1159 9.70848890778 0.0710385112569 0.008 0.001 0.0620385112569
9.78752741904 1160 9.71630095653 0.0712264625074 0.008 0.001 0.0622264625074
9.79552741904 1161 9.76165833776 0.0338690812783 0.008 0.001 0.0248690812783
9.80352741904 1162 9.76441921324 0.0391082058001 0.008 0.001 0.0301082058001
9.81152741904 1163 9.77030907199 0.0412183470469 0.008 0.001 0.0322183470469
9.81952741904 1164 9.77375451087 0.0457729081664 0.008 0.001 0.0367729081664
9.82752741904 1165 9.78652939463 0.040998024405 0.008 0.001 0.031998024405
9.83552741904 1166 9.79214454696 0.0433828720821 0.008 0.001 0.0343828720821
9.84352741904 1167 9.79689482617 0.0466325928697 0.008 0.001 0.0376325928697
9.85152741904 1168 9.79725167204 0.0542757470028 0.008 0.001 0.0452757470028
9.85952741904 1169 9.81949323872 0.0400341803201 0.008 0.001 0.0310341803201
9.86752741904 1170 9.82567479249 0.041852626545 0.008 0.001 0.032852626545
9.87552741904 1171 9.83360068058 0.0419267384636 0.008 0.001 0.0329267384636
9.88352741904 1172 9.84483330505 0.0386941139943 0.008 0.001 0.0296941139943
9.89152741904 1173 9.85506024467 0.0364671743661 0.008 0.001 0.0274671743661
9.89952741904 1174 9.86849707182 0.0310303472209 0.008 0.001 0.0220303472209
9.90752741904 1175 9.87807142606 0.0294559929752 0.008 0.001 0.0204559929752
9.91552741904 1176 9.88388567606 0.0316417429845 0.008 0.001 0.0226417429845
9.94347066664 1177 9.93447066664 0.009 0.008 0.001 0.0
9.95147066664 1178 9.9359255877 0.0155450789358 0.008 0.001 0.00654507893584
9.95947066664 1179 9.94709745139 0.0123732152471 0.008 0.001 0.00337321524707
9.96747066664 1180 9.95003611862 0.017434548019 0.008 0.001 0.00843454801902
9.97547066664 1181 9.95058877574 0.0248818908999 0.008 0.001 0.0158818908999
9.98347066664 1182 9.95062285387 0.0328478127689 0.008 0.001 0.0238478127689
9.99147066664 1183 9.95490122952 0.0365694371179 0.008 0.001 0.0275694371179
9.99947066664 1184 9.96049935018 0.0389713164574 0.008 0.001 0.0299713164574
10.0074706666 1185 9.9643357141 0.0431349525374 0.008 0.001 0.0341349525374
10.0154706666 1186 9.97413744535 0.0413332212905 0.008 0.001 0.0323332212905
10.0234706666 1187 9.97554269507 0.0479279715724 0.008 0.001 0.0389279715724
10.0314706666 1188 9.97682381853 0.054646848111 0.008 0.001 0.045646848111
10.0394706666 1189 9.98897079557 0.0504998710659 0.008 0.001 0.0414998710659
