# Time (seconds) Sequence (number) Size (bytes) Port (number) Sent(s)/Acked(a)
0.0108 0 0 1 a
0.0116 0 0 2000 a
0.0316 1000 1000 1 a
0.0324 2000 1000 1 a
0.0332 1000 1000 2000 a
0.034 2000 1000 2000 a
0.0532 3000 1000 1 a
0.054 4000 1000 1 a
0.0548 5000 1000 1 a
0.0556 6000 1000 1 a
0.0564 3000 1000 2000 a
0.0572 4000 1000 2000 a
0.058 5000 1000 2000 a
0.0588 6000 1000 2000 a
0.0764 7000 1000 1 a
0.0772 8000 1000 1 a
0.078 9000 1000 1 a
0.0788 10000 1000 1 a
0.0796 11000 1000 1 a
0.0804 12000 1000 1 a
0.0812 13000 1000 1 a
0.082 14000 1000 1 a
0.0828 7000 1000 2000 a
0.0836 8000 1000 2000 a
0.0844 9000 1000 2000 a
0.0852 10000 1000 2000 a
0.086 11000 1000 2000 a
0.0868 12000 1000 2000 a
0.0876 13000 1000 2000 a
0.0884 14000 1000 2000 a
0.1028 15000 1000 1 a
0.1036 16000 1000 1 a
0.1044 17000 1000 1 a
0.1052 18000 1000 1 a
0.106 19000 1000 1 a
0.1068 20000 1000 1 a
0.1076 21000 1000 1 a
0.1084 22000 1000 1 a
0.1092 23000 1000 1 a
0.11 24000 1000 1 a
0.1108 25000 1000 1 a
0.1116 26000 1000 1 a
0.1124 27000 1000 1 a
0.1132 28000 1000 1 a
0.114 29000 1000 1 a
0.1148 30000 1000 1 a
0.1156 15000 1000 2000 a
0.1164 16000 1000 2000 a
0.1172 17000 1000 2000 a
0.118 18000 1000 2000 a
0.1188 19000 1000 2000 a
0.1196 20000 1000 2000 a
0.1204 21000 1000 2000 a
0.1212 22000 1000 2000 a
0.122 23000 1000 2000 a
0.1228 24000 1000 2000 a
0.1236 25000 1000 2000 a
0.1244 26000 1000 2000 a
0.1252 27000 1000 2000 a
0.126 28000 1000 2000 a
0.1268 29000 1000 2000 a
0.1276 30000 1000 2000 a
0.1356 31000 1000 1 a
0.1364 32000 1000 1 a
0.1372 33000 1000 1 a
0.138 34000 1000 1 a
0.1388 35000 1000 1 a
0.1396 36000 1000 1 a
0.1404 37000 1000 1 a
0.1412 38000 1000 1 a
0.142 39000 1000 1 a
0.1428 40000 1000 1 a
0.1436 41000 1000 1 a
0.1444 42000 1000 1 a
0.1452 43000 1000 1 a
0.146 44000 1000 1 a
0.1468 45000 1000 1 a
0.1476 46000 1000 1 a
0.1484 47000 1000 1 a
0.1492 48000 1000 1 a
0.15 49000 1000 1 a
0.1508 50000 1000 1 a
0.1516 51000 1000 1 a
0.1524 52000 1000 1 a
0.1532 53000 1000 1 a
0.154 54000 1000 1 a
0.1548 55000 1000 1 a
0.1556 56000 1000 1 a
0.1564 57000 1000 1 a
0.1572 58000 1000 1 a
0.158 59000 1000 1 a
0.1588 60000 1000 1 a
0.1596 61000 1000 1 a
0.1604 62000 1000 1 a
0.1612 31000 1000 2000 a
0.162 32000 1000 2000 a
0.1628 33000 1000 2000 a
0.1636 34000 1000 2000 a
0.1644 35000 1000 2000 a
0.1652 36000 1000 2000 a
0.166 37000 1000 2000 a
0.1668 38000 1000 2000 a
0.1676 39000 1000 2000 a
0.1684 40000 1000 2000 a
0.1692 41000 1000 2000 a
0.17 42000 1000 2000 a
0.1708 43000 1000 2000 a
0.1716 44000 1000 2000 a
0.1724 45000 1000 2000 a
0.1732 46000 1000 2000 a
0.174 47000 1000 2000 a
0.1748 48000 1000 2000 a
0.1756 49000 1000 2000 a
0.1764 50000 1000 2000 a
0.1772 51000 1000 2000 a
0.178 52000 1000 2000 a
0.1788 53000 1000 2000 a
0.1796 54000 1000 2000 a
0.1804 55000 1000 2000 a
0.1812 56000 1000 2000 a
0.182 57000 1000 2000 a
0.1828 58000 1000 2000 a
0.1836 59000 1000 2000 a
0.1844 60000 1000 2000 a
0.1852 61000 1000 2000 a
0.186 62000 1000 2000 a
0.1868 63000 1000 1 a
0.1876 64000 1000 1 a
0.1884 65000 1000 1 a
0.1892 66000 1000 1 a
0.19 67000 1000 1 a
0.1908 68000 1000 1 a
0.1916 69000 1000 1 a
0.1924 70000 1000 1 a
0.1932 71000 1000 1 a
0.194 72000 1000 1 a
0.1948 73000 1000 1 a
0.1956 74000 1000 1 a
0.1964 75000 1000 1 a
0.1972 76000 1000 1 a
0.198 77000 1000 1 a
0.1988 78000 1000 1 a
0.1996 79000 1000 1 a
0.2004 80000 1000 1 a
0.2012 81000 1000 1 a
0.202 82000 1000 1 a
0.2028 83000 1000 1 a
0.2036 84000 1000 1 a
0.2044 85000 1000 1 a
0.2052 86000 1000 1 a
0.206 87000 1000 1 a
0.2068 88000 1000 1 a
0.2076 89000 1000 1 a
0.2084 90000 1000 1 a
0.2092 91000 1000 1 a
0.21 92000 1000 1 a
0.2108 93000 1000 1 a
0.2116 94000 1000 1 a
0.2124 95000 1000 1 a
0.2132 96000 1000 1 a
0.214 97000 1000 1 a
0.2148 98000 1000 1 a
0.2156 99000 1000 1 a
0.2164 100000 1000 1 a
0.2172 101000 1000 1 a
0.218 102000 1000 1 a
0.2188 103000 1000 1 a
0.2196 104000 1000 1 a
0.2204 105000 1000 1 a
0.2212 106000 1000 1 a
0.222 107000 1000 1 a
0.2228 108000 1000 1 a
0.2236 109000 1000 1 a
0.2244 110000 1000 1 a
0.2252 111000 1000 1 a
0.226 112000 1000 1 a
0.2268 113000 1000 1 a
0.2276 114000 1000 1 a
0.2284 115000 1000 1 a
0.2292 116000 1000 1 a
0.23 117000 1000 1 a
0.2308 118000 1000 1 a
0.2316 119000 1000 1 a
0.2324 120000 1000 1 a
0.2332 121000 1000 1 a
0.234 122000 1000 1 a
0.2348 123000 1000 1 a
0.2356 124000 1000 1 a
0.2364 125000 1000 1 a
0.2372 126000 1000 1 a
0.238 63000 1000 2000 a
0.2388 64000 1000 2000 a
0.2396 65000 1000 2000 a
0.2404 66000 1000 2000 a
0.2412 67000 1000 2000 a
0.242 68000 1000 2000 a
0.2428 69000 1000 2000 a
0.2436 70000 1000 2000 a
0.2444 71000 1000 2000 a
0.2452 72000 1000 2000 a
0.246 73000 1000 2000 a
0.2468 74000 1000 2000 a
0.2476 75000 1000 2000 a
0.2484 76000 1000 2000 a
0.2492 77000 1000 2000 a
0.25 78000 1000 2000 a
0.2508 79000 1000 2000 a
0.2516 80000 1000 2000 a
0.2524 81000 1000 2000 a
0.2532 82000 1000 2000 a
0.254 83000 1000 2000 a
0.2548 84000 1000 2000 a
0.2556 85000 1000 2000 a
0.2564 86000 1000 2000 a
0.2572 87000 1000 2000 a
0.258 88000 1000 2000 a
0.2588 89000 1000 2000 a
0.2596 90000 1000 2000 a
0.2604 91000 1000 2000 a
0.2612 92000 1000 2000 a
0.262 93000 1000 2000 a
0.2628 94000 1000 2000 a
0.2636 95000 1000 2000 a
0.2644 96000 1000 2000 a
0.2652 97000 1000 2000 a
0.266 98000 1000 2000 a
0.2668 99000 1000 2000 a
0.2676 100000 1000 2000 a
0.2684 101000 1000 2000 a
0.2692 102000 1000 2000 a
0.27 103000 1000 2000 a
0.2708 104000 1000 2000 a
0.2716 105000 1000 2000 a
0.2724 106000 1000 2000 a
0.2732 107000 1000 2000 a
0.274 108000 1000 2000 a
0.2748 109000 1000 2000 a
0.2756 110000 1000 2000 a
0.2764 111000 1000 2000 a
0.2772 112000 1000 2000 a
0.278 113000 1000 2000 a
0.2788 114000 1000 2000 a
0.2796 115000 1000 2000 a
0.2804 116000 1000 2000 a
0.2812 117000 1000 2000 a
0.282 118000 1000 2000 a
0.2828 119000 1000 2000 a
0.2836 120000 1000 2000 a
0.2844 121000 1000 2000 a
0.2852 122000 1000 2000 a
0.286 123000 1000 2000 a
0.2868 124000 1000 2000 a
0.2876 125000 1000 2000 a
0.2884 126000 1000 2000 a
0.2892 127000 1000 1 a
0.29 128000 1000 1 a
0.2908 129000 1000 1 a
0.2916 130000 1000 1 a
0.2924 131000 1000 1 a
0.2932 132000 1000 1 a
0.294 133000 1000 1 a
0.2948 134000 1000 1 a
0.2956 135000 1000 1 a
0.2964 136000 1000 1 a
0.2972 137000 1000 1 a
0.298 138000 1000 1 a
0.2988 139000 1000 1 a
0.2996 140000 1000 1 a
0.3004 141000 1000 1 a
0.3012 142000 1000 1 a
0.302 143000 1000 1 a
0.3028 144000 1000 1 a
0.3036 145000 1000 1 a
0.3044 146000 1000 1 a
0.3052 147000 1000 1 a
0.306 148000 1000 1 a
0.3068 149000 1000 1 a
0.3076 150000 1000 1 a
0.3084 151000 1000 1 a
0.3092 152000 1000 1 a
0.31 153000 1000 1 a
0.3108 154000 1000 1 a
0.3116 155000 1000 1 a
0.3124 156000 1000 1 a
0.3132 157000 1000 1 a
0.314 158000 1000 1 a
0.3148 159000 1000 1 a
0.3156 160000 1000 1 a
0.3164 161000 1000 1 a
0.3172 162000 1000 1 a
0.318 163000 1000 1 a
0.3188 164000 1000 1 a
0.3196 165000 1000 1 a
0.3204 166000 1000 1 a
0.3212 167000 1000 1 a
0.322 168000 1000 1 a
0.3228 169000 1000 1 a
0.3236 170000 1000 1 a
0.3244 171000 1000 1 a
0.3252 172000 1000 1 a
0.326 173000 1000 1 a
0.3268 174000 1000 1 a
0.3276 175000 1000 1 a
0.3284 176000 1000 1 a
0.3292 177000 1000 1 a
0.33 178000 1000 1 a
0.3308 179000 1000 1 a
0.3316 180000 1000 1 a
0.3324 181000 1000 1 a
0.3332 182000 1000 1 a
0.334 183000 1000 1 a
0.3348 184000 1000 1 a
0.3356 185000 1000 1 a
0.3364 186000 1000 1 a
0.3372 187000 1000 1 a
0.338 188000 1000 1 a
0.3388 189000 1000 1 a
0.3396 190000 1000 1 a
0.3404 191000 1000 1 a
0.3412 192000 1000 1 a
0.342 193000 1000 1 a
0.3428 194000 1000 1 a
0.3436 195000 1000 1 a
0.3444 196000 1000 1 a
0.3452 197000 1000 1 a
0.346 198000 1000 1 a
0.3468 199000 1000 1 a
0.3476 200000 1000 1 a
0.3484 201000 1000 1 a
0.3492 202000 1000 1 a
0.35 203000 1000 1 a
0.3508 204000 1000 1 a
0.3516 205000 1000 1 a
0.3524 206000 1000 1 a
0.3532 207000 1000 1 a
0.354 208000 1000 1 a
0.3548 209000 1000 1 a
0.3556 210000 1000 1 a
0.3564 211000 1000 1 a
0.3572 212000 1000 1 a
0.358 213000 1000 1 a
0.3588 214000 1000 1 a
0.3596 215000 1000 1 a
0.3604 216000 1000 1 a
0.3612 217000 1000 1 a
0.362 218000 1000 1 a
0.3628 219000 1000 1 a
0.3636 220000 1000 1 a
0.3644 221000 1000 1 a
0.3652 222000 1000 1 a
0.366 223000 1000 1 a
0.3668 224000 1000 1 a
0.3676 225000 1000 1 a
0.367832 226000 1000 1 a
0.368632 127000 1000 2000 a
0.369432 128000 1000 2000 a
0.370232 129000 1000 2000 a
0.371032 130000 1000 2000 a
0.371832 131000 1000 2000 a
0.372632 132000 1000 2000 a
0.373432 133000 1000 2000 a
0.374232 134000 1000 2000 a
0.375032 135000 1000 2000 a
0.375832 136000 1000 2000 a
0.376632 137000 1000 2000 a
0.377432 138000 1000 2000 a
0.378232 139000 1000 2000 a
0.379032 140000 1000 2000 a
0.379832 141000 1000 2000 a
0.380632 142000 1000 2000 a
0.381432 143000 1000 2000 a
0.382232 144000 1000 2000 a
0.383032 145000 1000 2000 a
0.383832 146000 1000 2000 a
0.384632 147000 1000 2000 a
0.385432 148000 1000 2000 a
0.386232 149000 1000 2000 a
0.387032 150000 1000 2000 a
0.387832 151000 1000 2000 a
0.388632 152000 1000 2000 a
0.389432 153000 1000 2000 a
0.390232 154000 1000 2000 a
0.391032 155000 1000 2000 a
0.391832 156000 1000 2000 a
0.392632 157000 1000 2000 a
0.393432 158000 1000 2000 a
0.394232 159000 1000 2000 a
0.395032 160000 1000 2000 a
0.395832 161000 1000 2000 a
0.396632 162000 1000 2000 a
0.397432 163000 1000 2000 a
0.398232 164000 1000 2000 a
0.399032 165000 1000 2000 a
0.399832 166000 1000 2000 a
0.400632 167000 1000 2000 a
0.401432 168000 1000 2000 a
0.402232 169000 1000 2000 a
0.403032 170000 1000 2000 a
0.403832 171000 1000 2000 a
0.404632 172000 1000 2000 a
0.405432 173000 1000 2000 a
0.406232 174000 1000 2000 a
0.407032 175000 1000 2000 a
0.407832 176000 1000 2000 a
0.408632 177000 1000 2000 a
0.409432 178000 1000 2000 a
0.410232 179000 1000 2000 a
0.411032 180000 1000 2000 a
0.411832 181000 1000 2000 a
0.412632 182000 1000 2000 a
0.413432 183000 1000 2000 a
0.414232 184000 1000 2000 a
0.415032 185000 1000 2000 a
0.415832 186000 1000 2000 a
0.416632 187000 1000 2000 a
0.417432 188000 1000 2000 a
0.418232 189000 1000 2000 a
0.419032 190000 1000 2000 a
0.419832 191000 1000 2000 a
0.420632 192000 1000 2000 a
0.421432 193000 1000 2000 a
0.422232 194000 1000 2000 a
0.423032 195000 1000 2000 a
0.423832 196000 1000 2000 a
0.424632 197000 1000 2000 a
0.425432 198000 1000 2000 a
0.426232 199000 1000 2000 a
0.427032 200000 1000 2000 a
0.427832 201000 1000 2000 a
0.428632 202000 1000 2000 a
0.429432 203000 1000 2000 a
0.430232 204000 1000 2000 a
0.431032 205000 1000 2000 a
0.431832 206000 1000 2000 a
0.432632 207000 1000 2000 a
0.433432 208000 1000 2000 a
0.434232 209000 1000 2000 a
0.435032 210000 1000 2000 a
0.435832 211000 1000 2000 a
0.436632 212000 1000 2000 a
0.437432 213000 1000 2000 a
0.438232 214000 1000 2000 a
0.439032 215000 1000 2000 a
0.439832 216000 1000 2000 a
0.440632 217000 1000 2000 a
0.441432 218000 1000 2000 a
0.442232 219000 1000 2000 a
0.443032 220000 1000 2000 a
0.443832 221000 1000 2000 a
0.444632 222000 1000 2000 a
0.445432 223000 1000 2000 a
0.446232 224000 1000 2000 a
0.447032 225000 1000 2000 a
0.447264 226000 1000 2000 a
0.448064 226290 290 1 a
0.448864 227290 1000 1 a
0.449664 228290 1000 1 a
0.450464 229290 1000 1 a
0.451264 230290 1000 1 a
0.452064 231290 1000 1 a
0.452864 232290 1000 1 a
0.453664 233290 1000 1 a
0.454464 234290 1000 1 a
0.455264 235290 1000 1 a
0.456064 236290 1000 1 a
0.456864 237290 1000 1 a
0.457664 238290 1000 1 a
0.458464 239290 1000 1 a
0.459264 240290 1000 1 a
0.460064 241290 1000 1 a
0.460864 242290 1000 1 a
0.461664 243290 1000 1 a
0.462464 244290 1000 1 a
0.463264 245290 1000 1 a
0.464064 246290 1000 1 a
0.464864 247290 1000 1 a
0.465664 248290 1000 1 a
0.466464 249290 1000 1 a
0.467264 250290 1000 1 a
0.468064 251290 1000 1 a
0.468864 252290 1000 1 a
0.469664 253290 1000 1 a
0.470464 254290 1000 1 a
0.471264 255290 1000 1 a
0.472064 256290 1000 1 a
0.472864 257290 1000 1 a
0.473664 258290 1000 1 a
0.474464 259290 1000 1 a
0.475264 260290 1000 1 a
0.476064 261290 1000 1 a
0.476864 262290 1000 1 a
0.477664 263290 1000 1 a
0.478464 264290 1000 1 a
0.479264 265290 1000 1 a
0.480064 266290 1000 1 a
0.480864 267290 1000 1 a
0.481664 268290 1000 1 a
0.482464 269290 1000 1 a
0.483264 270290 1000 1 a
0.484064 271290 1000 1 a
0.484864 272290 1000 1 a
0.485664 273290 1000 1 a
0.486464 274290 1000 1 a
0.487264 275290 1000 1 a
0.488064 276290 1000 1 a
0.488864 277290 1000 1 a
0.489664 278290 1000 1 a
0.490464 279290 1000 1 a
0.491264 280290 1000 1 a
0.492064 281290 1000 1 a
0.492864 282290 1000 1 a
0.493664 283290 1000 1 a
0.494464 284290 1000 1 a
0.495264 285290 1000 1 a
0.496064 286290 1000 1 a
0.496864 287290 1000 1 a
0.497664 288290 1000 1 a
0.498464 289290 1000 1 a
0.499264 290290 1000 1 a
0.500064 291290 1000 1 a
0.500864 292290 1000 1 a
0.501664 293290 1000 1 a
0.502464 294290 1000 1 a
0.503264 295290 1000 1 a
0.504064 296290 1000 1 a
0.504864 297290 1000 1 a
0.505664 298290 1000 1 a
0.506464 299290 1000 1 a
0.507264 300290 1000 1 a
0.508064 301290 1000 1 a
0.508864 302290 1000 1 a
0.509664 303290 1000 1 a
0.510464 304290 1000 1 a
0.511264 305290 1000 1 a
0.512064 306290 1000 1 a
0.512864 307290 1000 1 a
0.513664 308290 1000 1 a
0.514464 309290 1000 1 a
0.515264 310290 1000 1 a
0.516064 311290 1000 1 a
0.516864 312290 1000 1 a
0.517664 313290 1000 1 a
0.518464 314290 1000 1 a
0.519264 315290 1000 1 a
0.520064 316290 1000 1 a
0.520864 317290 1000 1 a
0.521664 318290 1000 1 a
0.522464 319290 1000 1 a
0.523264 320290 1000 1 a
0.524064 321290 1000 1 a
0.524864 322290 1000 1 a
0.525664 323290 1000 1 a
0.526464 324290 1000 1 a
0.527264 325290 1000 1 a
0.527468 326290 1000 1 a
0.528268 226290 290 2000 a
0.529068 227290 1000 2000 a
0.529868 228290 1000 2000 a
0.530668 229290 1000 2000 a
0.531468 230290 1000 2000 a
0.532268 231290 1000 2000 a
0.533068 232290 1000 2000 a
0.533868 233290 1000 2000 a
0.534668 234290 1000 2000 a
0.535468 235290 1000 2000 a
0.536268 236290 1000 2000 a
0.537068 237290 1000 2000 a
0.537868 238290 1000 2000 a
0.538668 239290 1000 2000 a
0.539468 240290 1000 2000 a
0.540268 241290 1000 2000 a
0.541068 242290 1000 2000 a
0.541868 243290 1000 2000 a
0.542668 244290 1000 2000 a
0.543468 245290 1000 2000 a
0.544268 246290 1000 2000 a
0.545068 247290 1000 2000 a
0.545868 248290 1000 2000 a
0.546668 249290 1000 2000 a
0.547468 250290 1000 2000 a
0.548268 251290 1000 2000 a
0.549068 252290 1000 2000 a
0.549868 253290 1000 2000 a
0.550668 254290 1000 2000 a
0.551468 255290 1000 2000 a
0.552268 256290 1000 2000 a
0.553068 257290 1000 2000 a
0.553868 258290 1000 2000 a
0.554668 259290 1000 2000 a
0.555468 260290 1000 2000 a
0.556268 261290 1000 2000 a
0.557068 262290 1000 2000 a
0.557868 263290 1000 2000 a
0.558668 264290 1000 2000 a
0.559468 265290 1000 2000 a
0.560268 266290 1000 2000 a
0.561068 267290 1000 2000 a
0.561868 268290 1000 2000 a
0.562668 269290 1000 2000 a
0.563468 270290 1000 2000 a
0.564268 271290 1000 2000 a
0.565068 272290 1000 2000 a
0.565868 273290 1000 2000 a
0.566668 274290 1000 2000 a
0.567468 275290 1000 2000 a
0.568268 276290 1000 2000 a
0.569068 277290 1000 2000 a
0.569868 278290 1000 2000 a
0.570668 279290 1000 2000 a
0.571468 280290 1000 2000 a
0.572268 281290 1000 2000 a
0.573068 282290 1000 2000 a
0.573868 283290 1000 2000 a
0.574668 284290 1000 2000 a
0.575468 285290 1000 2000 a
0.576268 286290 1000 2000 a
0.577068 287290 1000 2000 a
0.577868 288290 1000 2000 a
0.578668 289290 1000 2000 a
0.579468 290290 1000 2000 a
0.580268 291290 1000 2000 a
0.581068 292290 1000 2000 a
0.581868 293290 1000 2000 a
0.582668 294290 1000 2000 a
0.583468 295290 1000 2000 a
0.584268 296290 1000 2000 a
0.585068 297290 1000 2000 a
0.585868 298290 1000 2000 a
0.586668 299290 1000 2000 a
0.587468 300290 1000 2000 a
0.588268 301290 1000 2000 a
0.589068 302290 1000 2000 a
0.589868 303290 1000 2000 a
0.590668 304290 1000 2000 a
0.591468 305290 1000 2000 a
0.592268 306290 1000 2000 a
0.593068 307290 1000 2000 a
0.593868 308290 1000 2000 a
0.594668 309290 1000 2000 a
0.595468 310290 1000 2000 a
0.596268 311290 1000 2000 a
0.597068 312290 1000 2000 a
0.597868 313290 1000 2000 a
0.598668 314290 1000 2000 a
0.599468 315290 1000 2000 a
0.600268 316290 1000 2000 a
0.601068 317290 1000 2000 a
0.601868 318290 1000 2000 a
0.602668 319290 1000 2000 a
0.603468 320290 1000 2000 a
0.604268 321290 1000 2000 a
0.605068 322290 1000 2000 a
0.605868 323290 1000 2000 a
0.606668 324290 1000 2000 a
0.607468 325290 1000 2000 a
0.607672 326290 1000 2000 a
0.608472 326545 255 1 a
0.609272 327545 1000 1 a
0.610072 328545 1000 1 a
0.610872 329545 1000 1 a
0.611672 330545 1000 1 a
0.612472 331545 1000 1 a
0.613272 332545 1000 1 a
0.614072 333545 1000 1 a
0.614872 334545 1000 1 a
0.615672 335545 1000 1 a
0.616472 336545 1000 1 a
0.617272 337545 1000 1 a
0.618072 338545 1000 1 a
0.618872 339545 1000 1 a
0.619672 340545 1000 1 a
0.620472 341545 1000 1 a
0.621272 342545 1000 1 a
0.622072 343545 1000 1 a
0.622872 344545 1000 1 a
0.623672 345545 1000 1 a
0.624472 346545 1000 1 a
0.625272 347545 1000 1 a
0.626072 348545 1000 1 a
0.626872 349545 1000 1 a
0.627672 350545 1000 1 a
0.628472 351545 1000 1 a
0.629272 352545 1000 1 a
0.630072 353545 1000 1 a
0.630872 354545 1000 1 a
0.631672 355545 1000 1 a
0.632472 356545 1000 1 a
0.633272 357545 1000 1 a
0.634072 358545 1000 1 a
0.634872 359545 1000 1 a
0.635672 360545 1000 1 a
0.636472 361545 1000 1 a
0.637272 362545 1000 1 a
0.638072 363545 1000 1 a
0.638872 364545 1000 1 a
0.639672 365545 1000 1 a
0.640472 366545 1000 1 a
0.641272 367545 1000 1 a
0.642072 368545 1000 1 a
0.642872 369545 1000 1 a
0.643672 370545 1000 1 a
0.644472 371545 1000 1 a
0.645272 372545 1000 1 a
0.646072 373545 1000 1 a
0.646872 374545 1000 1 a
0.647672 375545 1000 1 a
0.648472 376545 1000 1 a
0.649272 377545 1000 1 a
0.650072 378545 1000 1 a
0.650872 379545 1000 1 a
0.651672 380545 1000 1 a
0.652472 381545 1000 1 a
0.653272 382545 1000 1 a
0.654072 383545 1000 1 a
0.654872 384545 1000 1 a
0.655672 385545 1000 1 a
0.656472 386545 1000 1 a
0.657272 387545 1000 1 a
0.658072 388545 1000 1 a
0.658872 389545 1000 1 a
0.659672 390545 1000 1 a
0.660472 391545 1000 1 a
0.661272 392545 1000 1 a
0.662072 393545 1000 1 a
0.662872 394545 1000 1 a
0.663672 395545 1000 1 a
0.664472 396545 1000 1 a
0.665272 397545 1000 1 a
0.666072 398545 1000 1 a
0.666872 399545 1000 1 a
0.667672 400545 1000 1 a
0.668472 401545 1000 1 a
0.669272 402545 1000 1 a
0.670072 403545 1000 1 a
0.670872 404545 1000 1 a
0.671672 405545 1000 1 a
0.672472 406545 1000 1 a
0.673272 407545 1000 1 a
0.674072 408545 1000 1 a
0.674872 409545 1000 1 a
0.675672 410545 1000 1 a
0.676472 411545 1000 1 a
0.677272 412545 1000 1 a
0.678072 413545 1000 1 a
0.678872 414545 1000 1 a
0.679672 415545 1000 1 a
0.680472 416545 1000 1 a
0.681272 417545 1000 1 a
0.682072 418545 1000 1 a
0.682872 419545 1000 1 a
0.683672 420545 1000 1 a
0.684472 421545 1000 1 a
0.685272 422545 1000 1 a
0.686072 423545 1000 1 a
0.686872 424545 1000 1 a
0.687672 425545 1000 1 a
0.688472 426545 1000 1 a
0.6885976 427545 1000 1 a
0.6893976 326545 255 2000 a
0.6901976 327545 1000 2000 a
0.6909976 328545 1000 2000 a
0.6917976 329545 1000 2000 a
0.6925976 330545 1000 2000 a
0.6933976 331545 1000 2000 a
0.6941976 332545 1000 2000 a
0.6949976 333545 1000 2000 a
0.6957976 334545 1000 2000 a
0.6965976 335545 1000 2000 a
0.6973976 336545 1000 2000 a
0.6981976 337545 1000 2000 a
0.6989976 338545 1000 2000 a
0.6997976 339545 1000 2000 a
0.7005976 340545 1000 2000 a
0.7013976 341545 1000 2000 a
0.7021976 342545 1000 2000 a
0.7029976 343545 1000 2000 a
0.7037976 344545 1000 2000 a
0.7045976 345545 1000 2000 a
0.7053976 346545 1000 2000 a
0.7061976 347545 1000 2000 a
0.7069976 348545 1000 2000 a
0.7077976 349545 1000 2000 a
0.7085976 350545 1000 2000 a
0.7093976 351545 1000 2000 a
0.7101976 352545 1000 2000 a
0.7109976 353545 1000 2000 a
0.7117976 354545 1000 2000 a
0.7125976 355545 1000 2000 a
0.7133976 356545 1000 2000 a
0.7141976 357545 1000 2000 a
0.7149976 358545 1000 2000 a
0.7157976 359545 1000 2000 a
0.7165976 360545 1000 2000 a
0.7173976 361545 1000 2000 a
0.7181976 362545 1000 2000 a
0.7189976 363545 1000 2000 a
0.7197976 364545 1000 2000 a
0.7205976 365545 1000 2000 a
0.7213976 366545 1000 2000 a
0.7221976 367545 1000 2000 a
0.7229976 368545 1000 2000 a
0.7237976 369545 1000 2000 a
0.7245976 370545 1000 2000 a
0.7253976 371545 1000 2000 a
0.7261976 372545 1000 2000 a
0.7269976 373545 1000 2000 a
0.7277976 374545 1000 2000 a
0.7285976 375545 1000 2000 a
0.7293976 376545 1000 2000 a
0.7301976 377545 1000 2000 a
0.7309976 378545 1000 2000 a
0.7317976 379545 1000 2000 a
0.7325976 380545 1000 2000 a
0.7333976 381545 1000 2000 a
0.7341976 382545 1000 2000 a
0.7349976 383545 1000 2000 a
0.7357976 384545 1000 2000 a
0.7365976 385545 1000 2000 a
0.7373976 386545 1000 2000 a
0.7381976 387545 1000 2000 a
0.7389976 388545 1000 2000 a
0.7397976 389545 1000 2000 a
0.7405976 390545 1000 2000 a
0.7413976 391545 1000 2000 a
0.7421976 392545 1000 2000 a
0.7429976 393545 1000 2000 a
0.7437976 394545 1000 2000 a
0.7445976 395545 1000 2000 a
0.7453976 396545 1000 2000 a
0.7461976 397545 1000 2000 a
0.7469976 398545 1000 2000 a
0.7477976 399545 1000 2000 a
0.7485976 400545 1000 2000 a
0.7493976 401545 1000 2000 a
0.7501976 402545 1000 2000 a
0.7509976 403545 1000 2000 a
0.7517976 404545 1000 2000 a
0.7525976 405545 1000 2000 a
0.7533976 406545 1000 2000 a
0.7541976 407545 1000 2000 a
0.7549976 408545 1000 2000 a
0.7557976 409545 1000 2000 a
0.7565976 410545 1000 2000 a
0.7573976 411545 1000 2000 a
0.7581976 412545 1000 2000 a
0.7589976 413545 1000 2000 a
0.7597976 414545 1000 2000 a
0.7605976 415545 1000 2000 a
0.7613976 416545 1000 2000 a
0.7621976 417545 1000 2000 a
0.7629976 418545 1000 2000 a
0.7637976 419545 1000 2000 a
0.7645976 420545 1000 2000 a
0.7653976 421545 1000 2000 a
0.7661976 422545 1000 2000 a
0.7669976 423545 1000 2000 a
0.7677976 424545 1000 2000 a
0.7685976 425545 1000 2000 a
0.7693976 426545 1000 2000 a
0.7695232 427545 1000 2000 a
0.7703232 427702 157 1 a
0.7711232 428702 1000 1 a
0.7719232 429702 1000 1 a
0.7727232 430702 1000 1 a
0.7735232 431702 1000 1 a
0.7743232 432702 1000 1 a
0.7751232 433702 1000 1 a
0.7759232 434702 1000 1 a
0.7767232 435702 1000 1 a
0.7775232 436702 1000 1 a
0.7783232 437702 1000 1 a
0.7791232 438702 1000 1 a
0.7799232 439702 1000 1 a
0.7807232 440702 1000 1 a
0.7815232 441702 1000 1 a
0.7823232 442702 1000 1 a
0.7831232 443702 1000 1 a
0.7839232 444702 1000 1 a
0.7847232 445702 1000 1 a
0.7855232 446702 1000 1 a
0.7863232 447702 1000 1 a
0.7871232 448702 1000 1 a
0.7879232 449702 1000 1 a
0.7887232 450702 1000 1 a
0.7895232 451702 1000 1 a
0.7903232 452702 1000 1 a
0.7911232 453702 1000 1 a
0.7919232 454702 1000 1 a
0.7927232 455702 1000 1 a
0.7935232 456702 1000 1 a
0.7943232 457702 1000 1 a
0.7951232 458702 1000 1 a
0.7959232 459702 1000 1 a
0.7967232 460702 1000 1 a
0.7975232 461702 1000 1 a
0.7983232 462702 1000 1 a
0.7991232 463702 1000 1 a
0.7999232 464702 1000 1 a
0.8007232 465702 1000 1 a
0.8015232 466702 1000 1 a
0.8023232 467702 1000 1 a
0.8031232 468702 1000 1 a
0.8039232 469702 1000 1 a
0.8047232 470702 1000 1 a
0.8055232 471702 1000 1 a
0.8063232 472702 1000 1 a
0.8071232 473702 1000 1 a
0.8079232 474702 1000 1 a
0.8087232 475702 1000 1 a
0.8095232 476702 1000 1 a
0.8103232 477702 1000 1 a
0.8111232 478702 1000 1 a
0.8119232 479702 1000 1 a
0.8127232 480702 1000 1 a
0.8135232 481702 1000 1 a
0.8143232 482702 1000 1 a
0.8151232 483702 1000 1 a
0.8159232 484702 1000 1 a
0.8167232 485702 1000 1 a
0.8175232 486702 1000 1 a
0.8183232 487702 1000 1 a
0.8191232 488702 1000 1 a
0.8199232 489702 1000 1 a
0.8207232 490702 1000 1 a
0.8215232 491702 1000 1 a
0.8223232 492702 1000 1 a
0.8231232 493702 1000 1 a
0.8239232 494702 1000 1 a
0.8247232 495702 1000 1 a
0.8255232 496702 1000 1 a
0.8263232 497702 1000 1 a
0.8271232 498702 1000 1 a
0.8279232 499702 1000 1 a
0.8287232 500702 1000 1 a
0.8295232 501702 1000 1 a
0.8303232 502702 1000 1 a
0.8311232 503702 1000 1 a
0.8319232 504702 1000 1 a
0.8327232 505702 1000 1 a
0.8335232 506702 1000 1 a
0.8343232 507702 1000 1 a
0.8351232 508702 1000 1 a
0.8359232 509702 1000 1 a
0.8367232 510702 1000 1 a
0.8375232 511702 1000 1 a
0.8383232 512702 1000 1 a
0.8391232 513702 1000 1 a
0.8399232 514702 1000 1 a
0.8407232 515702 1000 1 a
0.8415232 516702 1000 1 a
0.8423232 517702 1000 1 a
0.8431232 518702 1000 1 a
0.8439232 519702 1000 1 a
0.8447232 520702 1000 1 a
0.8455232 521702 1000 1 a
0.8463232 522702 1000 1 a
0.8471232 523702 1000 1 a
0.8479232 524702 1000 1 a
0.8487232 525702 1000 1 a
0.8495232 526702 1000 1 a
0.8503232 527702 1000 1 a
0.8511232 528702 1000 1 a
0.8511768 529702 1000 1 a
0.8519768 427702 157 2000 a
0.8527768 428702 1000 2000 a
0.8535768 429702 1000 2000 a
0.8543768 430702 1000 2000 a
0.8551768 431702 1000 2000 a
0.8559768 432702 1000 2000 a
0.8567768 433702 1000 2000 a
0.8575768 434702 1000 2000 a
0.8583768 435702 1000 2000 a
0.8591768 436702 1000 2000 a
0.8599768 437702 1000 2000 a
0.8607768 438702 1000 2000 a
0.8615768 439702 1000 2000 a
0.8623768 440702 1000 2000 a
0.8631768 441702 1000 2000 a
0.8639768 442702 1000 2000 a
0.8647768 443702 1000 2000 a
0.8655768 444702 1000 2000 a
0.8663768 445702 1000 2000 a
0.8671768 446702 1000 2000 a
0.8679768 447702 1000 2000 a
0.8687768 448702 1000 2000 a
0.8695768 449702 1000 2000 a
0.8703768 450702 1000 2000 a
0.8711768 451702 1000 2000 a
0.8719768 452702 1000 2000 a
0.8727768 453702 1000 2000 a
0.8735768 454702 1000 2000 a
0.8743768 455702 1000 2000 a
0.8751768 456702 1000 2000 a
0.8759768 457702 1000 2000 a
0.8767768 458702 1000 2000 a
0.8775768 459702 1000 2000 a
0.8783768 460702 1000 2000 a
0.8791768 461702 1000 2000 a
0.8799768 462702 1000 2000 a
0.8807768 463702 1000 2000 a
0.8815768 464702 1000 2000 a
0.8823768 465702 1000 2000 a
0.8831768 466702 1000 2000 a
0.8839768 467702 1000 2000 a
0.8847768 468702 1000 2000 a
0.8855768 469702 1000 2000 a
0.8863768 470702 1000 2000 a
0.8871768 471702 1000 2000 a
0.8879768 472702 1000 2000 a
0.8887768 473702 1000 2000 a
0.8895768 474702 1000 2000 a
0.8903768 475702 1000 2000 a
0.8911768 476702 1000 2000 a
0.8919768 477702 1000 2000 a
0.8927768 478702 1000 2000 a
0.8935768 479702 1000 2000 a
0.8943768 480702 1000 2000 a
0.8951768 481702 1000 2000 a
0.8959768 482702 1000 2000 a
0.8967768 483702 1000 2000 a
0.8975768 484702 1000 2000 a
0.8983768 485702 1000 2000 a
0.8991768 486702 1000 2000 a
0.8999768 487702 1000 2000 a
0.9007768 488702 1000 2000 a
0.9015768 489702 1000 2000 a
0.9023768 490702 1000 2000 a
0.9031768 491702 1000 2000 a
0.9039768 492702 1000 2000 a
0.9047768 493702 1000 2000 a
0.9055768 494702 1000 2000 a
0.9063768 495702 1000 2000 a
0.9071768 496702 1000 2000 a
0.9079768 497702 1000 2000 a
0.9087768 498702 1000 2000 a
0.9095768 499702 1000 2000 a
0.9103768 500702 1000 2000 a
0.9111768 501702 1000 2000 a
0.9119768 502702 1000 2000 a
0.9127768 503702 1000 2000 a
0.9135768 504702 1000 2000 a
0.9143768 505702 1000 2000 a
0.9151768 506702 1000 2000 a
0.9159768 507702 1000 2000 a
0.9167768 508702 1000 2000 a
0.9175768 509702 1000 2000 a
0.9183768 510702 1000 2000 a
0.9191768 511702 1000 2000 a
0.9199768 512702 1000 2000 a
0.9207768 513702 1000 2000 a
0.9215768 514702 1000 2000 a
0.9223768 515702 1000 2000 a
0.9231768 516702 1000 2000 a
0.9239768 517702 1000 2000 a
0.9247768 518702 1000 2000 a
0.9255768 519702 1000 2000 a
0.9263768 520702 1000 2000 a
0.9271768 521702 1000 2000 a
0.9279768 522702 1000 2000 a
0.9287768 523702 1000 2000 a
0.9295768 524702 1000 2000 a
0.9303768 525702 1000 2000 a
0.9311768 526702 1000 2000 a
0.9319768 527702 1000 2000 a
0.9327768 528702 1000 2000 a
0.9328304 529702 1000 2000 a
0.9336304 529769 67 1 a
0.9344304 530769 1000 1 a
0.9352304 531769 1000 1 a
0.9360304 532769 1000 1 a
0.9368304 533769 1000 1 a
0.9376304 534769 1000 1 a
0.9384304 535769 1000 1 a
0.9392304 536769 1000 1 a
0.9400304 537769 1000 1 a
0.9408304 538769 1000 1 a
0.9416304 539769 1000 1 a
0.9424304 540769 1000 1 a
0.9432304 541769 1000 1 a
0.9440304 542769 1000 1 a
0.9448304 543769 1000 1 a
0.9456304 544769 1000 1 a
0.9464304 545769 1000 1 a
0.9472304 546769 1000 1 a
0.9480304 547769 1000 1 a
0.9488304 548769 1000 1 a
0.9496304 549769 1000 1 a
0.9504304 550769 1000 1 a
0.9512304 551769 1000 1 a
0.9520304 552769 1000 1 a
0.9528304 553769 1000 1 a
0.9536304 554769 1000 1 a
0.9544304 555769 1000 1 a
0.9552304 556769 1000 1 a
0.9560304 557769 1000 1 a
0.9568304 558769 1000 1 a
0.9576304 559769 1000 1 a
0.9584304 560769 1000 1 a
0.9592304 561769 1000 1 a
0.9600304 562769 1000 1 a
0.9608304 563769 1000 1 a
0.9616304 564769 1000 1 a
0.9624304 565769 1000 1 a
0.9632304 566769 1000 1 a
0.9640304 567769 1000 1 a
0.9648304 568769 1000 1 a
0.9656304 569769 1000 1 a
0.9664304 570769 1000 1 a
0.9672304 571769 1000 1 a
0.9680304 572769 1000 1 a
0.9688304 573769 1000 1 a
0.9696304 574769 1000 1 a
0.9704304 575769 1000 1 a
0.9712304 576769 1000 1 a
0.9720304 577769 1000 1 a
0.9728304 578769 1000 1 a
0.9736304 579769 1000 1 a
0.9744304 580769 1000 1 a
0.9752304 581769 1000 1 a
0.9760304 582769 1000 1 a
0.9768304 583769 1000 1 a
0.9776304 584769 1000 1 a
0.9784304 585769 1000 1 a
0.9792304 586769 1000 1 a
0.9800304 587769 1000 1 a
0.9808304 588769 1000 1 a
0.9816304 589769 1000 1 a
0.9824304 590769 1000 1 a
0.9832304 591769 1000 1 a
0.9840304 592769 1000 1 a
0.9848304 593769 1000 1 a
0.9856304 594769 1000 1 a
0.9864304 595769 1000 1 a
0.9872304 596769 1000 1 a
0.9880304 597769 1000 1 a
0.9888304 598769 1000 1 a
0.9896304 599769 1000 1 a
0.9904304 600769 1000 1 a
0.9912304 601769 1000 1 a
0.9920304 602769 1000 1 a
0.9928304 603769 1000 1 a
0.9936304 604769 1000 1 a
0.9944304 605769 1000 1 a
0.9952304 606769 1000 1 a
0.9960304 607769 1000 1 a
0.9968304 608769 1000 1 a
0.9976304 609769 1000 1 a
0.9984304 610769 1000 1 a
0.9992304 611769 1000 1 a
1.0000304 612769 1000 1 a
1.0008304 613769 1000 1 a
1.0016304 614769 1000 1 a
1.0024304 615769 1000 1 a
1.0032304 616769 1000 1 a
1.0040304 617769 1000 1 a
1.0048304 618769 1000 1 a
1.0056304 619769 1000 1 a
1.0064304 620769 1000 1 a
1.0072304 621769 1000 1 a
1.0080304 622769 1000 1 a
1.0088304 623769 1000 1 a
1.0096304 624769 1000 1 a
1.0104304 625769 1000 1 a
1.0112304 626769 1000 1 a
1.0120304 627769 1000 1 a
1.0128304 628769 1000 1 a
1.0136304 629769 1000 1 a
1.0144304 630769 1000 1 a
1.0152184 631769 1000 1 a
1.0160184 529769 67 2000 a
1.0168184 530769 1000 2000 a
1.0176184 531769 1000 2000 a
1.0184184 532769 1000 2000 a
1.0192184 533769 1000 2000 a
1.0200184 534769 1000 2000 a
1.0208184 535769 1000 2000 a
1.0216184 536769 1000 2000 a
1.0224184 537769 1000 2000 a
1.0232184 538769 1000 2000 a
1.0240184 539769 1000 2000 a
1.0248184 540769 1000 2000 a
1.0256184 541769 1000 2000 a
1.0264184 542769 1000 2000 a
1.0272184 543769 1000 2000 a
1.0280184 544769 1000 2000 a
1.0288184 545769 1000 2000 a
1.0296184 546769 1000 2000 a
1.0304184 547769 1000 2000 a
1.0312184 548769 1000 2000 a
1.0320184 549769 1000 2000 a
1.0328184 550769 1000 2000 a
1.0336184 551769 1000 2000 a
1.0344184 552769 1000 2000 a
1.0352184 553769 1000 2000 a
1.0360184 554769 1000 2000 a
1.0368184 555769 1000 2000 a
1.0376184 556769 1000 2000 a
1.0384184 557769 1000 2000 a
1.0392184 558769 1000 2000 a
1.0400184 559769 1000 2000 a
1.0408184 560769 1000 2000 a
1.0416184 561769 1000 2000 a
1.0424184 562769 1000 2000 a
1.0432184 563769 1000 2000 a
1.0440184 564769 1000 2000 a
1.0448184 565769 1000 2000 a
1.0456184 566769 1000 2000 a
1.0464184 567769 1000 2000 a
1.0472184 568769 1000 2000 a
1.0480184 569769 1000 2000 a
1.0488184 570769 1000 2000 a
1.0496184 571769 1000 2000 a
1.0504184 572769 1000 2000 a
1.0512184 573769 1000 2000 a
1.0520184 574769 1000 2000 a
1.0528184 575769 1000 2000 a
1.0536184 576769 1000 2000 a
1.0544184 577769 1000 2000 a
1.0552184 578769 1000 2000 a
1.0560184 579769 1000 2000 a
1.0568184 580769 1000 2000 a
1.0576184 581769 1000 2000 a
1.0584184 582769 1000 2000 a
1.0592184 583769 1000 2000 a
1.0600184 584769 1000 2000 a
1.0608184 585769 1000 2000 a
1.0616184 586769 1000 2000 a
1.0624184 587769 1000 2000 a
1.0632184 588769 1000 2000 a
1.0640184 589769 1000 2000 a
1.0648184 590769 1000 2000 a
1.0656184 591769 1000 2000 a
1.0664184 592769 1000 2000 a
1.0672184 593769 1000 2000 a
1.0680184 594769 1000 2000 a
1.0688184 595769 1000 2000 a
1.0696184 596769 1000 2000 a
1.0704184 597769 1000 2000 a
1.0712184 598769 1000 2000 a
1.0720184 599769 1000 2000 a
1.0728184 600769 1000 2000 a
1.0736184 601769 1000 2000 a
1.0744184 602769 1000 2000 a
1.0752184 603769 1000 2000 a
1.0760184 604769 1000 2000 a
1.0768184 605769 1000 2000 a
1.0776184 606769 1000 2000 a
1.0784184 607769 1000 2000 a
1.0792184 608769 1000 2000 a
1.0800184 609769 1000 2000 a
1.0808184 610769 1000 2000 a
1.0816184 611769 1000 2000 a
1.0824184 612769 1000 2000 a
1.0832184 613769 1000 2000 a
1.0840184 614769 1000 2000 a
1.0848184 615769 1000 2000 a
1.0856184 616769 1000 2000 a
1.0864184 617769 1000 2000 a
1.0872184 618769 1000 2000 a
1.0880184 619769 1000 2000 a
1.0888184 620769 1000 2000 a
1.0896184 621769 1000 2000 a
1.0904184 622769 1000 2000 a
1.0912184 623769 1000 2000 a
1.0920184 624769 1000 2000 a
1.0928184 625769 1000 2000 a
1.0936184 626769 1000 2000 a
1.0944184 627769 1000 2000 a
1.0952184 628769 1000 2000 a
1.0960184 629769 1000 2000 a
1.0968184 630769 1000 2000 a
1.0976064 631769 1000 2000 a
1.0984064 632754 985 1 a
1.0992064 633754 1000 1 a
1.1000064 634754 1000 1 a
1.1008064 635754 1000 1 a
1.1016064 636754 1000 1 a
1.1024064 637754 1000 1 a
1.1032064 638754 1000 1 a
1.1040064 639754 1000 1 a
1.1048064 640754 1000 1 a
1.1056064 641754 1000 1 a
1.1064064 642754 1000 1 a
1.1072064 643754 1000 1 a
1.1080064 644754 1000 1 a
1.1088064 645754 1000 1 a
1.1096064 646754 1000 1 a
1.1104064 647754 1000 1 a
1.1112064 648754 1000 1 a
1.1120064 649754 1000 1 a
1.1128064 650754 1000 1 a
1.1136064 651754 1000 1 a
1.1144064 652754 1000 1 a
1.1152064 653754 1000 1 a
1.1160064 654754 1000 1 a
1.1168064 655754 1000 1 a
1.1176064 656754 1000 1 a
1.1184064 657754 1000 1 a
1.1192064 658754 1000 1 a
1.1200064 659754 1000 1 a
1.1208064 660754 1000 1 a
1.1216064 661754 1000 1 a
1.1224064 662754 1000 1 a
1.1232064 663754 1000 1 a
1.1240064 664754 1000 1 a
1.1248064 665754 1000 1 a
1.1256064 666754 1000 1 a
1.1264064 667754 1000 1 a
1.1272064 668754 1000 1 a
1.1280064 669754 1000 1 a
1.1288064 670754 1000 1 a
1.1296064 671754 1000 1 a
1.1304064 672754 1000 1 a
1.1312064 673754 1000 1 a
1.1320064 674754 1000 1 a
1.1328064 675754 1000 1 a
1.1336064 676754 1000 1 a
1.1344064 677754 1000 1 a
1.1352064 678754 1000 1 a
1.1360064 679754 1000 1 a
1.1368064 680754 1000 1 a
1.1376064 681754 1000 1 a
1.1384064 682754 1000 1 a
1.1392064 683754 1000 1 a
1.1400064 684754 1000 1 a
1.1408064 685754 1000 1 a
1.1416064 686754 1000 1 a
1.1424064 687754 1000 1 a
1.1432064 688754 1000 1 a
1.1440064 689754 1000 1 a
1.1448064 690754 1000 1 a
1.1456064 691754 1000 1 a
1.1464064 692754 1000 1 a
1.1472064 693754 1000 1 a
1.1480064 694754 1000 1 a
1.1488064 695754 1000 1 a
1.1496064 696754 1000 1 a
1.1504064 697754 1000 1 a
1.1512064 698754 1000 1 a
1.1520064 699754 1000 1 a
1.1528064 700754 1000 1 a
1.1536064 701754 1000 1 a
1.1544064 702754 1000 1 a
1.1552064 703754 1000 1 a
1.1560064 704754 1000 1 a
1.1568064 705754 1000 1 a
1.1576064 706754 1000 1 a
1.1584064 707754 1000 1 a
1.1592064 708754 1000 1 a
1.1600064 709754 1000 1 a
1.1608064 710754 1000 1 a
1.1616064 711754 1000 1 a
1.1624064 712754 1000 1 a
1.1632064 713754 1000 1 a
1.1640064 714754 1000 1 a
1.1648064 715754 1000 1 a
1.1656064 716754 1000 1 a
1.1664064 717754 1000 1 a
1.1672064 718754 1000 1 a
1.1680064 719754 1000 1 a
1.1688064 720754 1000 1 a
1.1696064 721754 1000 1 a
1.1704064 722754 1000 1 a
1.1712064 723754 1000 1 a
1.1720064 724754 1000 1 a
1.1728064 725754 1000 1 a
1.1736064 726754 1000 1 a
1.1744064 727754 1000 1 a
1.1752064 728754 1000 1 a
1.1760064 729754 1000 1 a
1.1768064 730754 1000 1 a
1.1776064 731754 1000 1 a
1.1784064 732754 1000 1 a
1.1792064 733754 1000 1 a
1.1800064 734754 1000 1 a
1.180736 735754 1000 1 a
1.181536 632754 985 2000 a
1.182336 633754 1000 2000 a
1.183136 634754 1000 2000 a
1.183936 635754 1000 2000 a
1.184736 636754 1000 2000 a
1.185536 637754 1000 2000 a
1.186336 638754 1000 2000 a
1.187136 639754 1000 2000 a
1.187936 640754 1000 2000 a
1.188736 641754 1000 2000 a
1.189536 642754 1000 2000 a
1.190336 643754 1000 2000 a
1.191136 644754 1000 2000 a
1.191936 645754 1000 2000 a
1.192736 646754 1000 2000 a
1.193536 647754 1000 2000 a
1.194336 648754 1000 2000 a
1.195136 649754 1000 2000 a
1.195936 650754 1000 2000 a
1.196736 651754 1000 2000 a
1.197536 652754 1000 2000 a
1.198336 653754 1000 2000 a
1.199136 654754 1000 2000 a
1.199936 655754 1000 2000 a
1.200736 656754 1000 2000 a
1.201536 657754 1000 2000 a
1.202336 658754 1000 2000 a
1.203136 659754 1000 2000 a
1.203936 660754 1000 2000 a
1.204736 661754 1000 2000 a
1.205536 662754 1000 2000 a
1.206336 663754 1000 2000 a
1.207136 664754 1000 2000 a
1.207936 665754 1000 2000 a
1.208736 666754 1000 2000 a
1.209536 667754 1000 2000 a
1.210336 668754 1000 2000 a
1.211136 669754 1000 2000 a
1.211936 670754 1000 2000 a
1.212736 671754 1000 2000 a
1.213536 672754 1000 2000 a
1.214336 673754 1000 2000 a
1.215136 674754 1000 2000 a
1.215936 675754 1000 2000 a
1.216736 676754 1000 2000 a
1.217536 677754 1000 2000 a
1.218336 678754 1000 2000 a
1.219136 679754 1000 2000 a
1.219936 680754 1000 2000 a
1.220736 681754 1000 2000 a
1.221536 682754 1000 2000 a
1.222336 683754 1000 2000 a
1.223136 684754 1000 2000 a
1.223936 685754 1000 2000 a
1.224736 686754 1000 2000 a
1.225536 687754 1000 2000 a
1.226336 688754 1000 2000 a
1.227136 689754 1000 2000 a
1.227936 690754 1000 2000 a
1.228736 691754 1000 2000 a
1.229536 692754 1000 2000 a
1.230336 693754 1000 2000 a
1.231136 694754 1000 2000 a
1.231936 695754 1000 2000 a
1.232736 696754 1000 2000 a
1.233536 697754 1000 2000 a
1.234336 698754 1000 2000 a
1.235136 699754 1000 2000 a
1.235936 700754 1000 2000 a
1.236736 701754 1000 2000 a
1.237536 702754 1000 2000 a
1.238336 703754 1000 2000 a
1.239136 704754 1000 2000 a
1.239936 705754 1000 2000 a
1.240736 706754 1000 2000 a
1.241536 707754 1000 2000 a
1.242336 708754 1000 2000 a
1.243136 709754 1000 2000 a
1.243936 710754 1000 2000 a
1.244736 711754 1000 2000 a
1.245536 712754 1000 2000 a
1.246336 713754 1000 2000 a
1.247136 714754 1000 2000 a
1.247936 715754 1000 2000 a
1.248736 716754 1000 2000 a
1.249536 717754 1000 2000 a
1.250336 718754 1000 2000 a
1.251136 719754 1000 2000 a
1.251936 720754 1000 2000 a
1.252736 721754 1000 2000 a
1.253536 722754 1000 2000 a
1.254336 723754 1000 2000 a
1.255136 724754 1000 2000 a
1.255936 725754 1000 2000 a
1.256736 726754 1000 2000 a
1.257536 727754 1000 2000 a
1.258336 728754 1000 2000 a
1.259136 729754 1000 2000 a
1.259936 730754 1000 2000 a
1.260736 731754 1000 2000 a
1.261536 732754 1000 2000 a
1.262336 733754 1000 2000 a
1.263136 734754 1000 2000 a
1.2638656 735754 1000 2000 a
1.2646656 736666 912 1 a
1.2654656 737666 1000 1 a
1.2662656 738666 1000 1 a
1.2670656 739666 1000 1 a
1.2678656 740666 1000 1 a
1.2686656 741666 1000 1 a
1.2694656 742666 1000 1 a
1.2702656 743666 1000 1 a
1.2710656 744666 1000 1 a
1.2718656 745666 1000 1 a
1.2726656 746666 1000 1 a
1.2734656 747666 1000 1 a
1.2742656 748666 1000 1 a
1.2750656 749666 1000 1 a
1.2758656 750666 1000 1 a
1.2766656 751666 1000 1 a
1.2774656 752666 1000 1 a
1.2782656 753666 1000 1 a
1.2790656 754666 1000 1 a
1.2798656 755666 1000 1 a
1.2806656 756666 1000 1 a
1.2814656 757666 1000 1 a
1.2822656 758666 1000 1 a
1.2830656 759666 1000 1 a
1.2838656 760666 1000 1 a
1.2846656 761666 1000 1 a
1.2854656 762666 1000 1 a
1.2862656 763666 1000 1 a
1.2870656 764666 1000 1 a
1.2878656 765666 1000 1 a
1.2886656 766666 1000 1 a
1.2894656 767666 1000 1 a
1.2902656 768666 1000 1 a
1.2910656 769666 1000 1 a
1.2918656 770666 1000 1 a
1.2926656 771666 1000 1 a
1.2934656 772666 1000 1 a
1.2942656 773666 1000 1 a
1.2950656 774666 1000 1 a
1.2958656 775666 1000 1 a
1.2966656 776666 1000 1 a
1.2974656 777666 1000 1 a
1.2982656 778666 1000 1 a
1.2990656 779666 1000 1 a
1.2998656 780666 1000 1 a
1.3006656 781666 1000 1 a
1.3014656 782666 1000 1 a
1.3022656 783666 1000 1 a
1.3030656 784666 1000 1 a
1.3038656 785666 1000 1 a
1.3046656 786666 1000 1 a
1.3054656 787666 1000 1 a
1.3062656 788666 1000 1 a
1.3070656 789666 1000 1 a
1.3078656 790666 1000 1 a
1.3086656 791666 1000 1 a
1.3094656 792666 1000 1 a
1.3102656 793666 1000 1 a
1.3110656 794666 1000 1 a
1.3118656 795666 1000 1 a
1.3126656 796666 1000 1 a
1.3134656 797666 1000 1 a
1.3142656 798666 1000 1 a
1.3150656 799666 1000 1 a
1.3158656 800666 1000 1 a
1.3166656 801666 1000 1 a
1.3174656 802666 1000 1 a
1.3182656 803666 1000 1 a
1.3190656 804666 1000 1 a
1.3198656 805666 1000 1 a
1.3206656 806666 1000 1 a
1.3214656 807666 1000 1 a
1.3222656 808666 1000 1 a
1.3230656 809666 1000 1 a
1.3238656 810666 1000 1 a
1.3246656 811666 1000 1 a
1.3254656 812666 1000 1 a
1.3262656 813666 1000 1 a
1.3270656 814666 1000 1 a
1.3278656 815666 1000 1 a
1.3286656 816666 1000 1 a
1.3294656 817666 1000 1 a
1.3302656 818666 1000 1 a
1.3310656 819666 1000 1 a
1.3318656 820666 1000 1 a
1.3326656 821666 1000 1 a
1.3334656 822666 1000 1 a
1.3342656 823666 1000 1 a
1.3350656 824666 1000 1 a
1.3358656 825666 1000 1 a
1.3366656 826666 1000 1 a
1.3374656 827666 1000 1 a
1.3382656 828666 1000 1 a
1.3390656 829666 1000 1 a
1.3398656 830666 1000 1 a
1.3406656 831666 1000 1 a
1.3414656 832666 1000 1 a
1.3422656 833666 1000 1 a
1.3430656 834666 1000 1 a
1.3438656 835666 1000 1 a
1.3446656 836666 1000 1 a
1.3454656 837666 1000 1 a
1.3462656 838666 1000 1 a
1.3470656 839666 1000 1 a
1.3477432 840666 1000 1 a
1.3485432 736666 912 2000 a
1.3493432 737666 1000 2000 a
1.3501432 738666 1000 2000 a
1.3509432 739666 1000 2000 a
1.3517432 740666 1000 2000 a
1.3525432 741666 1000 2000 a
1.3533432 742666 1000 2000 a
1.3541432 743666 1000 2000 a
1.3549432 744666 1000 2000 a
1.3557432 745666 1000 2000 a
1.3565432 746666 1000 2000 a
1.3573432 747666 1000 2000 a
1.3581432 748666 1000 2000 a
1.3589432 749666 1000 2000 a
1.3597432 750666 1000 2000 a
1.3605432 751666 1000 2000 a
1.3613432 752666 1000 2000 a
1.3621432 753666 1000 2000 a
1.3629432 754666 1000 2000 a
1.3637432 755666 1000 2000 a
1.3645432 756666 1000 2000 a
1.3653432 757666 1000 2000 a
1.3661432 758666 1000 2000 a
1.3669432 759666 1000 2000 a
1.3677432 760666 1000 2000 a
1.3685432 761666 1000 2000 a
1.3693432 762666 1000 2000 a
1.3701432 763666 1000 2000 a
1.3709432 764666 1000 2000 a
1.3717432 765666 1000 2000 a
1.3725432 766666 1000 2000 a
1.3733432 767666 1000 2000 a
1.3741432 768666 1000 2000 a
1.3749432 769666 1000 2000 a
1.3757432 770666 1000 2000 a
1.3765432 771666 1000 2000 a
1.3773432 772666 1000 2000 a
1.3781432 773666 1000 2000 a
1.3789432 774666 1000 2000 a
1.3797432 775666 1000 2000 a
1.3805432 776666 1000 2000 a
1.3813432 777666 1000 2000 a
1.3821432 778666 1000 2000 a
1.3829432 779666 1000 2000 a
1.3837432 780666 1000 2000 a
1.3845432 781666 1000 2000 a
1.3853432 782666 1000 2000 a
1.3861432 783666 1000 2000 a
1.3869432 784666 1000 2000 a
1.3877432 785666 1000 2000 a
1.3885432 786666 1000 2000 a
1.3893432 787666 1000 2000 a
1.3901432 788666 1000 2000 a
1.3909432 789666 1000 2000 a
1.3917432 790666 1000 2000 a
1.3925432 791666 1000 2000 a
1.3933432 792666 1000 2000 a
1.3941432 793666 1000 2000 a
1.3949432 794666 1000 2000 a
1.3957432 795666 1000 2000 a
1.3965432 796666 1000 2000 a
1.3973432 797666 1000 2000 a
1.3981432 798666 1000 2000 a
1.3989432 799666 1000 2000 a
1.3997432 800666 1000 2000 a
1.4005432 801666 1000 2000 a
1.4013432 802666 1000 2000 a
1.4021432 803666 1000 2000 a
1.4029432 804666 1000 2000 a
1.4037432 805666 1000 2000 a
1.4045432 806666 1000 2000 a
1.4053432 807666 1000 2000 a
1.4061432 808666 1000 2000 a
1.4069432 809666 1000 2000 a
1.4077432 810666 1000 2000 a
1.4085432 811666 1000 2000 a
1.4093432 812666 1000 2000 a
1.4101432 813666 1000 2000 a
1.4109432 814666 1000 2000 a
1.4117432 815666 1000 2000 a
1.4125432 816666 1000 2000 a
1.4133432 817666 1000 2000 a
1.4141432 818666 1000 2000 a
1.4149432 819666 1000 2000 a
1.4157432 820666 1000 2000 a
1.4165432 821666 1000 2000 a
1.4173432 822666 1000 2000 a
1.4181432 823666 1000 2000 a
1.4189432 824666 1000 2000 a
1.4197432 825666 1000 2000 a
1.4205432 826666 1000 2000 a
1.4213432 827666 1000 2000 a
1.4221432 828666 1000 2000 a
1.4229432 829666 1000 2000 a
1.4237432 830666 1000 2000 a
1.4245432 831666 1000 2000 a
1.4253432 832666 1000 2000 a
1.4261432 833666 1000 2000 a
1.4269432 834666 1000 2000 a
1.4277432 835666 1000 2000 a
1.4285432 836666 1000 2000 a
1.4293432 837666 1000 2000 a
1.4301432 838666 1000 2000 a
1.4309432 839666 1000 2000 a
1.4316208 840666 1000 2000 a
1.4324208 841513 847 1 a
1.4332208 842513 1000 1 a
1.4340208 843513 1000 1 a
1.4348208 844513 1000 1 a
1.4356208 845513 1000 1 a
1.4364208 846513 1000 1 a
1.4372208 847513 1000 1 a
1.4380208 848513 1000 1 a
1.4388208 849513 1000 1 a
1.4396208 850513 1000 1 a
1.4404208 851513 1000 1 a
1.4412208 852513 1000 1 a
1.4420208 853513 1000 1 a
1.4428208 854513 1000 1 a
1.4436208 855513 1000 1 a
1.4444208 856513 1000 1 a
1.4452208 857513 1000 1 a
1.4460208 858513 1000 1 a
1.4468208 859513 1000 1 a
1.4476208 860513 1000 1 a
1.4484208 861513 1000 1 a
1.4492208 862513 1000 1 a
1.4500208 863513 1000 1 a
1.4508208 864513 1000 1 a
1.4516208 865513 1000 1 a
1.4524208 866513 1000 1 a
1.4532208 867513 1000 1 a
1.4540208 868513 1000 1 a
1.4548208 869513 1000 1 a
1.4556208 870513 1000 1 a
1.4564208 871513 1000 1 a
1.4572208 872513 1000 1 a
1.4580208 873513 1000 1 a
1.4588208 874513 1000 1 a
1.4596208 875513 1000 1 a
1.4604208 876513 1000 1 a
1.4612208 877513 1000 1 a
1.4620208 878513 1000 1 a
1.4628208 879513 1000 1 a
1.4636208 880513 1000 1 a
1.4644208 881513 1000 1 a
1.4652208 882513 1000 1 a
1.4660208 883513 1000 1 a
1.4668208 884513 1000 1 a
1.4676208 885513 1000 1 a
1.4684208 886513 1000 1 a
1.4692208 887513 1000 1 a
1.4700208 888513 1000 1 a
1.4708208 889513 1000 1 a
1.4716208 890513 1000 1 a
1.4724208 891513 1000 1 a
1.4732208 892513 1000 1 a
1.4740208 893513 1000 1 a
1.4748208 894513 1000 1 a
1.4756208 895513 1000 1 a
1.4764208 896513 1000 1 a
1.4772208 897513 1000 1 a
1.4780208 898513 1000 1 a
1.4788208 899513 1000 1 a
1.4796208 900513 1000 1 a
1.4804208 901513 1000 1 a
1.4812208 902513 1000 1 a
1.4820208 903513 1000 1 a
1.4828208 904513 1000 1 a
1.4836208 905513 1000 1 a
1.4844208 906513 1000 1 a
1.4852208 907513 1000 1 a
1.4860208 908513 1000 1 a
1.4868208 909513 1000 1 a
1.4876208 910513 1000 1 a
1.4884208 911513 1000 1 a
1.4892208 912513 1000 1 a
1.4900208 913513 1000 1 a
1.4908208 914513 1000 1 a
1.4916208 915513 1000 1 a
1.4924208 916513 1000 1 a
1.4932208 917513 1000 1 a
1.4940208 918513 1000 1 a
1.4948208 919513 1000 1 a
1.4956208 920513 1000 1 a
1.4964208 921513 1000 1 a
1.4972208 922513 1000 1 a
1.4980208 923513 1000 1 a
1.4988208 924513 1000 1 a
1.4996208 925513 1000 1 a
1.5004208 926513 1000 1 a
1.5012208 927513 1000 1 a
1.5020208 928513 1000 1 a
1.5028208 929513 1000 1 a
1.5036208 930513 1000 1 a
1.5044208 931513 1000 1 a
1.5052208 932513 1000 1 a
1.5060208 933513 1000 1 a
1.5068208 934513 1000 1 a
1.5076208 935513 1000 1 a
1.5084208 936513 1000 1 a
1.5092208 937513 1000 1 a
1.5100208 938513 1000 1 a
1.5108208 939513 1000 1 a
1.5116208 940513 1000 1 a
1.5124208 941513 1000 1 a
1.5132208 942513 1000 1 a
1.5140208 943513 1000 1 a
1.5148208 944513 1000 1 a
1.5156208 945513 1000 1 a
1.5162536 946513 1000 1 a
1.5170536 841513 847 2000 a
1.5178536 842513 1000 2000 a
1.5186536 843513 1000 2000 a
1.5194536 844513 1000 2000 a
1.5202536 845513 1000 2000 a
1.5210536 846513 1000 2000 a
1.5218536 847513 1000 2000 a
1.5226536 848513 1000 2000 a
1.5234536 849513 1000 2000 a
1.5242536 850513 1000 2000 a
1.5250536 851513 1000 2000 a
1.5258536 852513 1000 2000 a
1.5266536 853513 1000 2000 a
1.5274536 854513 1000 2000 a
1.5282536 855513 1000 2000 a
1.5290536 856513 1000 2000 a
1.5298536 857513 1000 2000 a
1.5306536 858513 1000 2000 a
1.5314536 859513 1000 2000 a
1.5322536 860513 1000 2000 a
1.5330536 861513 1000 2000 a
1.5338536 862513 1000 2000 a
1.5346536 863513 1000 2000 a
1.5354536 864513 1000 2000 a
1.5362536 865513 1000 2000 a
1.5370536 866513 1000 2000 a
1.5378536 867513 1000 2000 a
1.5386536 868513 1000 2000 a
1.5394536 869513 1000 2000 a
1.5402536 870513 1000 2000 a
1.5410536 871513 1000 2000 a
1.5418536 872513 1000 2000 a
1.5426536 873513 1000 2000 a
1.5434536 874513 1000 2000 a
1.5442536 875513 1000 2000 a
1.5450536 876513 1000 2000 a
1.5458536 877513 1000 2000 a
1.5466536 878513 1000 2000 a
1.5474536 879513 1000 2000 a
1.5482536 880513 1000 2000 a
1.5490536 881513 1000 2000 a
1.5498536 882513 1000 2000 a
1.5506536 883513 1000 2000 a
1.5514536 884513 1000 2000 a
1.5522536 885513 1000 2000 a
1.5530536 886513 1000 2000 a
1.5538536 887513 1000 2000 a
1.5546536 888513 1000 2000 a
1.5554536 889513 1000 2000 a
1.5562536 890513 1000 2000 a
1.5570536 891513 1000 2000 a
1.5578536 892513 1000 2000 a
1.5586536 893513 1000 2000 a
1.5594536 894513 1000 2000 a
1.5602536 895513 1000 2000 a
1.5610536 896513 1000 2000 a
1.5618536 897513 1000 2000 a
1.5626536 898513 1000 2000 a
1.5634536 899513 1000 2000 a
1.5642536 900513 1000 2000 a
1.5650536 901513 1000 2000 a
1.5658536 902513 1000 2000 a
1.5666536 903513 1000 2000 a
1.5674536 904513 1000 2000 a
1.5682536 905513 1000 2000 a
1.5690536 906513 1000 2000 a
1.5698536 907513 1000 2000 a
1.5706536 908513 1000 2000 a
1.5714536 909513 1000 2000 a
1.5722536 910513 1000 2000 a
1.5730536 911513 1000 2000 a
1.5738536 912513 1000 2000 a
1.5746536 913513 1000 2000 a
1.5754536 914513 1000 2000 a
1.5762536 915513 1000 2000 a
1.5770536 916513 1000 2000 a
1.5778536 917513 1000 2000 a
1.5786536 918513 1000 2000 a
1.5794536 919513 1000 2000 a
1.5802536 920513 1000 2000 a
1.5810536 921513 1000 2000 a
1.5818536 922513 1000 2000 a
1.5826536 923513 1000 2000 a
1.5834536 924513 1000 2000 a
1.5842536 925513 1000 2000 a
1.5850536 926513 1000 2000 a
1.5858536 927513 1000 2000 a
1.5866536 928513 1000 2000 a
1.5874536 929513 1000 2000 a
1.5882536 930513 1000 2000 a
1.5890536 931513 1000 2000 a
1.5898536 932513 1000 2000 a
1.5906536 933513 1000 2000 a
1.5914536 934513 1000 2000 a
1.5922536 935513 1000 2000 a
1.5930536 936513 1000 2000 a
1.5938536 937513 1000 2000 a
1.5946536 938513 1000 2000 a
1.5954536 939513 1000 2000 a
1.5962536 940513 1000 2000 a
1.5970536 941513 1000 2000 a
1.5978536 942513 1000 2000 a
1.5986536 943513 1000 2000 a
1.5994536 944513 1000 2000 a
1.6002536 945513 1000 2000 a
1.6008864 946513 1000 2000 a
1.6016864 947304 791 1 a
1.6024864 948304 1000 1 a
1.6032864 949304 1000 1 a
1.6040864 950304 1000 1 a
1.6048864 951304 1000 1 a
1.6056864 952304 1000 1 a
1.6064864 953304 1000 1 a
1.6072864 954304 1000 1 a
1.6080864 955304 1000 1 a
1.6088864 956304 1000 1 a
1.6096864 957304 1000 1 a
1.6104864 958304 1000 1 a
1.6112864 959304 1000 1 a
1.6120864 960304 1000 1 a
1.6128864 961304 1000 1 a
1.6136864 962304 1000 1 a
1.6144864 963304 1000 1 a
1.6152864 964304 1000 1 a
1.6160864 965304 1000 1 a
1.6168864 966304 1000 1 a
1.6176864 967304 1000 1 a
1.6184864 968304 1000 1 a
1.6192864 969304 1000 1 a
1.6200864 970304 1000 1 a
1.6208864 971304 1000 1 a
1.6216864 972304 1000 1 a
1.6224864 973304 1000 1 a
1.6232864 974304 1000 1 a
1.6240864 975304 1000 1 a
1.6248864 976304 1000 1 a
1.6256864 977304 1000 1 a
1.6264864 978304 1000 1 a
1.6272864 979304 1000 1 a
1.6280864 980304 1000 1 a
1.6288864 981304 1000 1 a
1.6296864 982304 1000 1 a
1.6304864 983304 1000 1 a
1.6312864 984304 1000 1 a
1.6320864 985304 1000 1 a
1.6328864 986304 1000 1 a
1.6336864 987304 1000 1 a
1.6344864 988304 1000 1 a
1.6352864 989304 1000 1 a
1.6360864 990304 1000 1 a
1.6368864 991304 1000 1 a
1.6376864 992304 1000 1 a
1.6384864 993304 1000 1 a
1.6392864 994304 1000 1 a
1.6400864 995304 1000 1 a
1.6408864 996304 1000 1 a
1.6416864 997304 1000 1 a
1.6424864 998304 1000 1 a
1.6430432 999304 1000 1 a
1.6438432 947304 791 2000 a
1.6446432 948304 1000 2000 a
1.6454432 949304 1000 2000 a
1.6462432 950304 1000 2000 a
1.6470432 951304 1000 2000 a
1.6478432 952304 1000 2000 a
1.6486432 953304 1000 2000 a
1.6494432 954304 1000 2000 a
1.6502432 955304 1000 2000 a
1.6510432 956304 1000 2000 a
1.6518432 957304 1000 2000 a
1.6526432 958304 1000 2000 a
1.6534432 959304 1000 2000 a
1.6542432 960304 1000 2000 a
1.6550432 961304 1000 2000 a
1.6558432 962304 1000 2000 a
1.6566432 963304 1000 2000 a
1.6574432 964304 1000 2000 a
1.6582432 965304 1000 2000 a
1.6590432 966304 1000 2000 a
1.6598432 967304 1000 2000 a
1.6606432 968304 1000 2000 a
1.6614432 969304 1000 2000 a
1.6622432 970304 1000 2000 a
1.6630432 971304 1000 2000 a
1.6638432 972304 1000 2000 a
1.6646432 973304 1000 2000 a
1.6654432 974304 1000 2000 a
1.6662432 975304 1000 2000 a
1.6670432 976304 1000 2000 a
1.6678432 977304 1000 2000 a
1.6686432 978304 1000 2000 a
1.6694432 979304 1000 2000 a
1.6702432 980304 1000 2000 a
1.6710432 981304 1000 2000 a
1.6718432 982304 1000 2000 a
1.6726432 983304 1000 2000 a
1.6734432 984304 1000 2000 a
1.6742432 985304 1000 2000 a
1.6750432 986304 1000 2000 a
1.6758432 987304 1000 2000 a
1.6766432 988304 1000 2000 a
1.6774432 989304 1000 2000 a
1.6782432 990304 1000 2000 a
1.6790432 991304 1000 2000 a
1.6798432 992304 1000 2000 a
1.6806432 993304 1000 2000 a
1.6814432 994304 1000 2000 a
1.6822432 995304 1000 2000 a
1.6830432 996304 1000 2000 a
1.6838432 997304 1000 2000 a
1.6846432 998304 1000 2000 a
1.6852 999304 1000 2000 a
