# Time (seconds) Size (packets)0 0
0 0
0 1
0.0008 0
0.0208 0
0.0208 0
0.0208 1
0.0216 0
0.0216 1
0.0216 2
0.0224 1
0.0232 0
0.0424 0
0.0424 0
0.0424 1
0.0424 2
0.0424 3
0.0432 2
0.044 3
0.044 4
0.044 5
0.044 6
0.044 5
0.0448 4
0.0456 3
0.0464 2
0.0472 1
0.048 0
0.0656 0
0.0656 0
0.0656 1
0.0656 2
0.0656 3
0.0656 4
0.0656 5
0.0656 6
0.0656 7
0.0664 6
0.0672 5
0.068 4
0.0688 3
0.0688 4
0.0688 5
0.0688 6
0.0688 7
0.0688 8
0.0688 9
0.0688 10
0.0688 11
0.0696 10
0.0704 9
0.0712 8
0.072 7
0.0728 6
0.0736 5
0.0744 4
0.0752 3
0.076 2
0.0768 1
0.0776 0
0.092 0
0.092 0
0.092 1
0.092 2
0.092 3
0.092 4
0.092 5
0.092 6
0.092 7
0.092 8
0.092 9
0.092 10
0.092 11
0.092 12
0.092 13
0.092 14
0.092 15
0.0928 14
0.0936 13
0.0944 12
0.0952 11
0.096 10
0.0968 9
0.0976 8
0.0984 7
0.0984 8
0.0984 9
0.0984 10
0.0984 11
0.0984 12
0.0984 13
0.0984 14
0.0984 15
0.0984 16
0.0984 17
0.0984 18
0.0984 19
0.0984 20
0.0984 21
0.0984 22
0.0984 23
0.0992 22
0.1 21
0.1008 20
0.1016 19
0.1024 18
0.1032 17
0.104 16
0.1048 15
0.1056 14
0.1064 13
0.1072 12
0.108 11
0.1088 10
0.1096 9
0.1104 8
0.1112 7
0.112 6
0.1128 5
0.1136 4
0.1144 3
0.1152 2
0.116 1
0.1168 0
0.1248 0
0.1248 0
0.1248 1
0.1248 2
0.1248 3
0.1248 4
0.1248 5
0.1248 6
0.1248 7
0.1248 8
0.1248 9
0.1248 10
0.1248 11
0.1248 12
0.1248 13
0.1248 14
0.1248 15
0.1248 16
0.1248 17
0.1248 18
0.1248 19
0.1248 20
0.1248 21
0.1248 22
0.1248 23
0.1248 24
0.1248 25
0.1248 26
0.1248 27
0.1248 28
0.1248 29
0.1248 30
0.1248 31
0.1256 30
0.1264 29
0.1272 28
0.128 27
0.1288 26
0.1296 25
0.1304 24
0.1312 23
0.132 22
0.1328 21
0.1336 20
0.1344 19
0.1352 18
0.136 17
0.1368 16
0.1376 15
0.1376 16
0.1376 17
0.1376 18
0.1376 19
0.1376 20
0.1376 21
0.1376 22
0.1376 23
0.1376 24
0.1376 25
0.1376 26
0.1376 27
0.1376 28
0.1376 29
0.1376 30
0.1376 31
0.1376 32
0.1376 33
0.1376 34
0.1376 35
0.1376 36
0.1376 37
0.1376 38
0.1376 39
0.1376 40
0.1376 41
0.1376 42
0.1376 43
0.1376 44
0.1376 45
0.1376 46
0.1376 47
0.1384 46
0.1392 45
0.14 44
0.1408 43
0.1416 42
0.1424 41
0.1432 40
0.144 39
0.1448 38
0.1456 37
0.1464 36
0.1472 35
0.148 34
0.1488 33
0.1496 32
0.1504 31
0.1512 30
0.152 29
0.1528 28
0.1536 27
0.1544 26
0.1552 25
0.156 24
0.1568 23
0.1576 22
0.1584 21
0.1592 20
0.16 19
0.1608 18
0.1616 17
0.1624 16
0.1632 15
0.164 14
0.1648 13
0.1656 12
0.1664 11
0.1672 10
0.168 9
0.1688 8
0.1696 7
0.1704 6
0.1704 7
0.1704 8
0.1704 9
0.1704 10
0.1704 11
0.1704 12
0.1704 13
0.1704 14
0.1704 15
0.1704 16
0.1704 17
0.1704 18
0.1704 19
0.1704 20
0.1704 21
0.1704 22
0.1704 23
0.1704 24
0.1704 25
0.1704 26
0.1704 27
0.1704 28
0.1704 29
0.1704 30
0.1704 31
0.1704 32
0.1704 33
0.1704 34
0.1704 35
0.1704 36
0.1704 37
0.1704 38
0.1704 39
0.1704 40
0.1704 41
0.1704 42
0.1704 43
0.1704 44
0.1704 45
0.1704 46
0.1704 47
0.1704 48
0.1704 49
0.1704 50
0.1704 51
0.1704 52
0.1704 53
0.1704 54
0.1704 55
0.1704 56
0.1704 57
0.1704 58
0.1704 59
0.1704 60
0.1704 61
0.1704 62
0.1704 63
0.1704 64
0.1704 65
0.1704 66
0.1704 67
0.1704 68
0.1704 69
0.1704 70
0.1712 69
0.172 68
0.1728 67
0.1736 66
0.1744 65
0.1752 64
0.176 63
0.1768 62
0.1776 61
0.1784 60
0.1792 59
0.18 58
0.1808 57
0.1816 56
0.1824 55
0.1832 54
0.184 53
0.1848 52
0.1856 51
0.1864 50
0.1872 49
0.188 48
0.1888 47
0.1896 46
0.1904 45
0.1912 44
0.192 43
0.1928 42
0.1936 41
0.1944 40
0.1952 39
0.196 38
0.196 39
0.196 40
0.196 41
0.196 42
0.196 43
0.196 44
0.196 45
0.196 46
0.196 47
0.196 48
0.196 49
0.196 50
0.196 51
0.196 52
0.196 53
0.196 54
0.196 55
0.196 56
0.196 57
0.196 58
0.196 59
0.196 60
0.196 61
0.196 62
0.196 63
0.196 64
0.196 65
0.196 66
0.196 67
0.196 68
0.196 69
0.196 70
0.196 71
0.196 72
0.196 73
0.196 74
0.196 75
0.196 76
0.196 77
0.196 78
0.196 79
0.196 80
0.196 81
0.196 82
0.196 83
0.196 84
0.196 85
0.196 86
0.196 87
0.196 88
0.196 89
0.196 90
0.196 91
0.196 92
0.196 93
0.196 94
0.196 95
0.196 96
0.196 97
0.196 98
0.196 99
0.196 100
0.196 101
0.196 102
0.1968 101
0.1976 100
0.1984 99
0.1992 98
0.2 97
0.2008 96
0.2016 95
0.2024 94
0.2032 93
0.204 92
0.2048 91
0.2056 90
0.2064 89
0.2072 88
0.208 87
0.2088 86
0.2096 85
0.2104 84
0.2112 83
0.212 82
0.2128 81
0.2136 80
0.2144 79
0.2152 78
0.216 77
0.2168 76
0.2176 75
0.2184 74
0.2192 73
0.22 72
0.2208 71
0.2216 70
0.2224 69
0.2232 68
0.224 67
0.2248 66
0.2256 65
0.2264 64
0.2272 63
0.228 62
0.2288 61
0.2296 60
0.2304 59
0.2312 58
0.232 57
0.2328 56
0.2336 55
0.2344 54
0.2352 53
0.236 52
0.2368 51
0.2376 50
0.2384 49
0.2392 48
0.24 47
0.2408 46
0.2416 45
0.2424 44
0.2432 43
0.244 42
0.2448 41
0.2456 40
0.2464 39
0.2472 38
0.2472 39
0.2472 40
0.2472 41
0.2472 42
0.2472 43
0.2472 44
0.2472 45
0.2472 46
0.2472 47
0.2472 48
0.2472 49
0.2472 50
0.2472 51
0.2472 52
0.2472 53
0.2472 54
0.2472 55
0.2472 56
0.2472 57
0.2472 58
0.2472 59
0.2472 60
0.2472 61
0.2472 62
0.2472 63
0.2472 64
0.2472 65
0.2472 66
0.2472 67
0.2472 68
0.2472 69
0.2472 70
0.2472 71
0.2472 72
0.2472 73
0.2472 74
0.2472 75
0.2472 76
0.2472 77
0.2472 78
0.2472 79
0.2472 80
0.2472 81
0.2472 82
0.2472 83
0.2472 84
0.2472 85
0.2472 86
0.2472 87
0.2472 88
0.2472 89
0.2472 90
0.2472 91
0.2472 92
0.2472 93
0.2472 94
0.2472 95
0.2472 96
0.2472 97
0.2472 98
0.2472 99
0.2472 100
0.2472 101
0.2472 102
0.2472 103
0.2472 104
0.2472 105
0.2472 106
0.2472 107
0.2472 108
0.2472 109
0.2472 110
0.2472 111
0.2472 112
0.2472 113
0.2472 114
0.2472 115
0.2472 116
0.2472 117
0.2472 118
0.2472 119
0.2472 120
0.2472 121
0.2472 122
0.2472 123
0.2472 124
0.2472 125
0.2472 126
0.2472 127
0.2472 128
0.2472 129
0.2472 130
0.2472 131
0.2472 132
0.2472 133
0.2472 134
0.2472 135
0.2472 136
0.2472 137
0.2472 138
0.248 137
0.2488 136
0.2496 135
0.2504 134
0.2512 133
0.252 132
0.2528 131
0.2536 130
0.2544 129
0.2552 128
0.256 127
0.2568 126
0.2576 125
0.2584 124
0.2592 123
0.26 122
0.2608 121
0.2616 120
0.2624 119
0.2632 118
0.264 117
0.2648 116
0.2656 115
0.2664 114
0.2672 113
0.268 112
0.2688 111
0.2696 110
0.2704 109
0.2712 108
0.272 107
0.2728 106
0.2736 105
0.2744 104
0.2752 103
0.276 102
0.2768 101
0.2776 100
0.2784 99
0.2792 98
0.28 97
0.2808 96
0.2816 95
0.2824 94
0.2832 93
0.284 92
0.2848 91
0.2856 90
0.2864 89
0.2872 88
0.288 87
0.2888 86
0.2896 85
0.2904 84
0.2912 83
0.292 82
0.2928 81
0.2936 80
0.2944 79
0.2952 78
0.296 77
0.2968 76
0.2976 75
0.2984 76
0.2984 77
0.2984 78
0.2984 79
0.2984 80
0.2984 81
0.2984 82
0.2984 83
0.2984 84
0.2984 85
0.2984 86
0.2984 87
0.2984 88
0.2984 89
0.2984 90
0.2984 91
0.2984 92
0.2984 93
0.2984 94
0.2984 95
0.2984 96
0.2984 97
0.2984 98
0.2984 99
0.2984 100
0.2984 101
0.2984 102
0.2984 103
0.2984 104
0.2984 105
0.2984 106
0.2984 107
0.2984 108
0.2984 109
0.2984 110
0.2984 111
0.2984 112
0.2984 113
0.2984 114
0.2984 115
0.2984 116
0.2984 117
0.2984 118
0.2984 119
0.2984 120
0.2984 121
0.2984 122
0.2984 123
0.2984 124
0.2984 125
0.2984 126
0.2984 127
0.2984 128
0.2984 129
0.2984 130
0.2984 131
0.2984 132
0.2984 133
0.2984 134
0.2984 135
0.2984 136
0.2984 137
0.2984 138
0.2984 139
0.2984 140
0.2984 141
0.2984 142
0.2984 143
0.2984 144
0.2984 145
0.2984 146
0.2984 147
0.2984 148
0.2984 149
0.2984 150
0.2984 151
0.2984 152
0.2984 153
0.2984 154
0.2984 155
0.2984 156
0.2984 157
0.2984 158
0.2984 159
0.2984 160
0.2984 161
0.2984 162
0.2984 163
0.2984 164
0.2984 165
0.2984 166
0.2984 167
0.2984 168
0.2984 169
0.2984 170
0.2984 171
0.2984 172
0.2984 173
0.2984 174
0.2984 175
0.2984 174
0.2992 173
0.3 172
0.3008 171
0.3016 170
0.3024 169
0.3032 168
0.304 167
0.3048 166
0.3056 165
0.3064 164
0.3072 163
0.308 162
0.3088 161
0.3096 160
0.3104 159
0.3112 158
0.312 157
0.3128 156
0.3136 155
0.3144 154
0.3152 153
0.316 152
0.3168 151
0.3176 150
0.3184 149
0.3192 148
0.32 147
0.3208 146
0.3216 145
0.3224 144
0.3232 143
0.324 142
0.3248 141
0.3256 140
0.3264 139
0.3272 138
0.328 137
0.3288 136
0.3296 135
0.3304 134
0.3312 133
0.332 132
0.3328 131
0.3336 130
0.3344 129
0.3352 128
0.336 127
0.3368 126
0.3376 125
0.3384 124
0.3392 123
0.34 122
0.3408 121
0.3416 120
0.3424 119
0.3432 118
0.344 117
0.3448 116
0.3456 115
0.3464 114
0.3472 113
0.348 112
0.3488 111
0.3496 110
0.3504 109
0.3512 108
0.352 107
0.3528 106
0.3536 105
0.3544 104
0.3552 103
0.356 102
0.3568 101
0.3576 100
0.357832 99
0.358632 98
0.359432 97
0.360232 96
0.361032 95
0.361832 94
0.362632 93
0.363432 92
0.364232 91
0.365032 90
0.365832 89
0.366632 88
0.367432 87
0.368232 86
0.369032 85
0.369832 84
0.370632 83
0.371432 82
0.372232 81
0.373032 80
0.373832 79
0.374632 78
0.375432 77
0.376232 76
0.377032 75
0.377832 76
0.377832 77
0.377832 78
0.377832 79
0.377832 80
0.377832 81
0.377832 82
0.377832 83
0.377832 84
0.377832 85
0.377832 86
0.377832 87
0.377832 88
0.377832 89
0.377832 90
0.377832 91
0.377832 92
0.377832 93
0.377832 94
0.377832 95
0.377832 96
0.377832 97
0.377832 98
0.377832 99
0.377832 100
0.377832 101
0.377832 102
0.377832 103
0.377832 104
0.377832 105
0.377832 106
0.377832 107
0.377832 108
0.377832 109
0.377832 110
0.377832 111
0.377832 112
0.377832 113
0.377832 114
0.377832 115
0.377832 116
0.377832 117
0.377832 118
0.377832 119
0.377832 120
0.377832 121
0.377832 122
0.377832 123
0.377832 124
0.377832 125
0.377832 126
0.377832 127
0.377832 128
0.377832 129
0.377832 130
0.377832 131
0.377832 132
0.377832 133
0.377832 134
0.377832 135
0.377832 136
0.377832 137
0.377832 138
0.377832 139
0.377832 140
0.377832 141
0.377832 142
0.377832 143
0.377832 144
0.377832 145
0.377832 146
0.377832 147
0.377832 148
0.377832 149
0.377832 150
0.377832 151
0.377832 152
0.377832 153
0.377832 154
0.377832 155
0.377832 156
0.377832 157
0.377832 158
0.377832 159
0.377832 160
0.377832 161
0.377832 162
0.377832 163
0.377832 164
0.377832 165
0.377832 166
0.377832 167
0.377832 168
0.377832 169
0.377832 170
0.377832 171
0.377832 172
0.377832 173
0.377832 174
0.377832 175
0.377832 176
0.377832 175
0.378632 174
0.379432 173
0.380232 172
0.381032 171
0.381832 170
0.382632 169
0.383432 168
0.384232 167
0.385032 166
0.385832 165
0.386632 164
0.387432 163
0.388232 162
0.389032 161
0.389832 160
0.390632 159
0.391432 158
0.392232 157
0.393032 156
0.393832 155
0.394632 154
0.395432 153
0.396232 152
0.397032 151
0.397832 150
0.398632 149
0.399432 148
0.400232 147
0.401032 146
0.401832 145
0.402632 144
0.403432 143
0.404232 142
0.405032 141
0.405832 140
0.406632 139
0.407432 138
0.408232 137
0.409032 136
0.409832 135
0.410632 134
0.411432 133
0.412232 132
0.413032 131
0.413832 130
0.414632 129
0.415432 128
0.416232 127
0.417032 126
0.417832 125
0.418632 124
0.419432 123
0.420232 122
0.421032 121
0.421832 120
0.422632 119
0.423432 118
0.424232 117
0.425032 116
0.425832 115
0.426632 114
0.427432 113
0.428232 112
0.429032 111
0.429832 110
0.430632 109
0.431432 108
0.432232 107
0.433032 106
0.433832 105
0.434632 104
0.435432 103
0.436232 102
0.437032 101
0.437264 100
0.438064 99
0.438864 98
0.439664 97
0.440464 96
0.441264 95
0.442064 94
0.442864 93
0.443664 92
0.444464 91
0.445264 90
0.446064 89
0.446864 88
0.447664 87
0.448464 86
0.449264 85
0.450064 84
0.450864 83
0.451664 82
0.452464 81
0.453264 80
0.454064 79
0.454864 78
0.455664 77
0.456464 76
0.457264 77
0.457264 78
0.457264 79
0.457264 80
0.457264 81
0.457264 82
0.457264 83
0.457264 84
0.457264 85
0.457264 86
0.457264 87
0.457264 88
0.457264 89
0.457264 90
0.457264 91
0.457264 92
0.457264 93
0.457264 94
0.457264 95
0.457264 96
0.457264 97
0.457264 98
0.457264 99
0.457264 100
0.457264 101
0.457264 102
0.457264 103
0.457264 104
0.457264 105
0.457264 106
0.457264 107
0.457264 108
0.457264 109
0.457264 110
0.457264 111
0.457264 112
0.457264 113
0.457264 114
0.457264 115
0.457264 116
0.457264 117
0.457264 118
0.457264 119
0.457264 120
0.457264 121
0.457264 122
0.457264 123
0.457264 124
0.457264 125
0.457264 126
0.457264 127
0.457264 128
0.457264 129
0.457264 130
0.457264 131
0.457264 132
0.457264 133
0.457264 134
0.457264 135
0.457264 136
0.457264 137
0.457264 138
0.457264 139
0.457264 140
0.457264 141
0.457264 142
0.457264 143
0.457264 144
0.457264 145
0.457264 146
0.457264 147
0.457264 148
0.457264 149
0.457264 150
0.457264 151
0.457264 152
0.457264 153
0.457264 154
0.457264 155
0.457264 156
0.457264 157
0.457264 158
0.457264 159
0.457264 160
0.457264 161
0.457264 162
0.457264 163
0.457264 164
0.457264 165
0.457264 166
0.457264 167
0.457264 168
0.457264 169
0.457264 170
0.457264 171
0.457264 172
0.457264 173
0.457264 174
0.457264 175
0.457264 176
0.457264 177
0.457264 176
0.458064 175
0.458864 174
0.459664 173
0.460464 172
0.461264 171
0.462064 170
0.462864 169
0.463664 168
0.464464 167
0.465264 166
0.466064 165
0.466864 164
0.467664 163
0.468464 162
0.469264 161
0.470064 160
0.470864 159
0.471664 158
0.472464 157
0.473264 156
0.474064 155
0.474864 154
0.475664 153
0.476464 152
0.477264 151
0.478064 150
0.478864 149
0.479664 148
0.480464 147
0.481264 146
0.482064 145
0.482864 144
0.483664 143
0.484464 142
0.485264 141
0.486064 140
0.486864 139
0.487664 138
0.488464 137
0.489264 136
0.490064 135
0.490864 134
0.491664 133
0.492464 132
0.493264 131
0.494064 130
0.494864 129
0.495664 128
0.496464 127
0.497264 126
0.498064 125
0.498864 124
0.499664 123
0.500464 122
0.501264 121
0.502064 120
0.502864 119
0.503664 118
0.504464 117
0.505264 116
0.506064 115
0.506864 114
0.507664 113
0.508464 112
0.509264 111
0.510064 110
0.510864 109
0.511664 108
0.512464 107
0.513264 106
0.514064 105
0.514864 104
0.515664 103
0.516464 102
0.517264 101
0.517468 100
0.518268 99
0.519068 98
0.519868 97
0.520668 96
0.521468 95
0.522268 94
0.523068 93
0.523868 92
0.524668 91
0.525468 90
0.526268 89
0.527068 88
0.527868 87
0.528668 86
0.529468 85
0.530268 84
0.531068 83
0.531868 82
0.532668 81
0.533468 80
0.534268 79
0.535068 78
0.535868 77
0.536668 76
0.537468 77
0.537468 78
0.537468 79
0.537468 80
0.537468 81
0.537468 82
0.537468 83
0.537468 84
0.537468 85
0.537468 86
0.537468 87
0.537468 88
0.537468 89
0.537468 90
0.537468 91
0.537468 92
0.537468 93
0.537468 94
0.537468 95
0.537468 96
0.537468 97
0.537468 98
0.537468 99
0.537468 100
0.537468 101
0.537468 102
0.537468 103
0.537468 104
0.537468 105
0.537468 106
0.537468 107
0.537468 108
0.537468 109
0.537468 110
0.537468 111
0.537468 112
0.537468 113
0.537468 114
0.537468 115
0.537468 116
0.537468 117
0.537468 118
0.537468 119
0.537468 120
0.537468 121
0.537468 122
0.537468 123
0.537468 124
0.537468 125
0.537468 126
0.537468 127
0.537468 128
0.537468 129
0.537468 130
0.537468 131
0.537468 132
0.537468 133
0.537468 134
0.537468 135
0.537468 136
0.537468 137
0.537468 138
0.537468 139
0.537468 140
0.537468 141
0.537468 142
0.537468 143
0.537468 144
0.537468 145
0.537468 146
0.537468 147
0.537468 148
0.537468 149
0.537468 150
0.537468 151
0.537468 152
0.537468 153
0.537468 154
0.537468 155
0.537468 156
0.537468 157
0.537468 158
0.537468 159
0.537468 160
0.537468 161
0.537468 162
0.537468 163
0.537468 164
0.537468 165
0.537468 166
0.537468 167
0.537468 168
0.537468 169
0.537468 170
0.537468 171
0.537468 172
0.537468 173
0.537468 174
0.537468 175
0.537468 176
0.537468 177
0.537468 178
0.537468 177
0.538268 176
0.539068 175
0.539868 174
0.540668 173
0.541468 172
0.542268 171
0.543068 170
0.543868 169
0.544668 168
0.545468 167
0.546268 166
0.547068 165
0.547868 164
0.548668 163
0.549468 162
0.550268 161
0.551068 160
0.551868 159
0.552668 158
0.553468 157
0.554268 156
0.555068 155
0.555868 154
0.556668 153
0.557468 152
0.558268 151
0.559068 150
0.559868 149
0.560668 148
0.561468 147
0.562268 146
0.563068 145
0.563868 144
0.564668 143
0.565468 142
0.566268 141
0.567068 140
0.567868 139
0.568668 138
0.569468 137
0.570268 136
0.571068 135
0.571868 134
0.572668 133
0.573468 132
0.574268 131
0.575068 130
0.575868 129
0.576668 128
0.577468 127
0.578268 126
0.579068 125
0.579868 124
0.580668 123
0.581468 122
0.582268 121
0.583068 120
0.583868 119
0.584668 118
0.585468 117
0.586268 116
0.587068 115
0.587868 114
0.588668 113
0.589468 112
0.590268 111
0.591068 110
0.591868 109
0.592668 108
0.593468 107
0.594268 106
0.595068 105
0.595868 104
0.596668 103
0.597468 102
0.597672 101
0.598472 100
0.599272 99
0.600072 98
0.600872 97
0.601672 96
0.602472 95
0.603272 94
0.604072 93
0.604872 92
0.605672 91
0.606472 90
0.607272 89
0.608072 88
0.608872 87
0.609672 86
0.610472 85
0.611272 84
0.612072 83
0.612872 82
0.613672 81
0.614472 80
0.615272 79
0.616072 78
0.616872 77
0.617672 78
0.617672 79
0.617672 80
0.617672 81
0.617672 82
0.617672 83
0.617672 84
0.617672 85
0.617672 86
0.617672 87
0.617672 88
0.617672 89
0.617672 90
0.617672 91
0.617672 92
0.617672 93
0.617672 94
0.617672 95
0.617672 96
0.617672 97
0.617672 98
0.617672 99
0.617672 100
0.617672 101
0.617672 102
0.617672 103
0.617672 104
0.617672 105
0.617672 106
0.617672 107
0.617672 108
0.617672 109
0.617672 110
0.617672 111
0.617672 112
0.617672 113
0.617672 114
0.617672 115
0.617672 116
0.617672 117
0.617672 118
0.617672 119
0.617672 120
0.617672 121
0.617672 122
0.617672 123
0.617672 124
0.617672 125
0.617672 126
0.617672 127
0.617672 128
0.617672 129
0.617672 130
0.617672 131
0.617672 132
0.617672 133
0.617672 134
0.617672 135
0.617672 136
0.617672 137
0.617672 138
0.617672 139
0.617672 140
0.617672 141
0.617672 142
0.617672 143
0.617672 144
0.617672 145
0.617672 146
0.617672 147
0.617672 148
0.617672 149
0.617672 150
0.617672 151
0.617672 152
0.617672 153
0.617672 154
0.617672 155
0.617672 156
0.617672 157
0.617672 158
0.617672 159
0.617672 160
0.617672 161
0.617672 162
0.617672 163
0.617672 164
0.617672 165
0.617672 166
0.617672 167
0.617672 168
0.617672 169
0.617672 170
0.617672 171
0.617672 172
0.617672 173
0.617672 174
0.617672 175
0.617672 176
0.617672 177
0.617672 178
0.617672 179
0.617672 178
0.618472 177
0.619272 176
0.620072 175
0.620872 174
0.621672 173
0.622472 172
0.623272 171
0.624072 170
0.624872 169
0.625672 168
0.626472 167
0.627272 166
0.628072 165
0.628872 164
0.629672 163
0.630472 162
0.631272 161
0.632072 160
0.632872 159
0.633672 158
0.634472 157
0.635272 156
0.636072 155
0.636872 154
0.637672 153
0.638472 152
0.639272 151
0.640072 150
0.640872 149
0.641672 148
0.642472 147
0.643272 146
0.644072 145
0.644872 144
0.645672 143
0.646472 142
0.647272 141
0.648072 140
0.648872 139
0.649672 138
0.650472 137
0.651272 136
0.652072 135
0.652872 134
0.653672 133
0.654472 132
0.655272 131
0.656072 130
0.656872 129
0.657672 128
0.658472 127
0.659272 126
0.660072 125
0.660872 124
0.661672 123
0.662472 122
0.663272 121
0.664072 120
0.664872 119
0.665672 118
0.666472 117
0.667272 116
0.668072 115
0.668872 114
0.669672 113
0.670472 112
0.671272 111
0.672072 110
0.672872 109
0.673672 108
0.674472 107
0.675272 106
0.676072 105
0.676872 104
0.677672 103
0.678472 102
0.6785976 101
0.6793976 100
0.6801976 99
0.6809976 98
0.6817976 97
0.6825976 96
0.6833976 95
0.6841976 94
0.6849976 93
0.6857976 92
0.6865976 91
0.6873976 90
0.6881976 89
0.6889976 88
0.6897976 87
0.6905976 86
0.6913976 85
0.6921976 84
0.6929976 83
0.6937976 82
0.6945976 81
0.6953976 80
0.6961976 79
0.6969976 78
0.6977976 77
0.6985976 78
0.6985976 79
0.6985976 80
0.6985976 81
0.6985976 82
0.6985976 83
0.6985976 84
0.6985976 85
0.6985976 86
0.6985976 87
0.6985976 88
0.6985976 89
0.6985976 90
0.6985976 91
0.6985976 92
0.6985976 93
0.6985976 94
0.6985976 95
0.6985976 96
0.6985976 97
0.6985976 98
0.6985976 99
0.6985976 100
0.6985976 101
0.6985976 102
0.6985976 103
0.6985976 104
0.6985976 105
0.6985976 106
0.6985976 107
0.6985976 108
0.6985976 109
0.6985976 110
0.6985976 111
0.6985976 112
0.6985976 113
0.6985976 114
0.6985976 115
0.6985976 116
0.6985976 117
0.6985976 118
0.6985976 119
0.6985976 120
0.6985976 121
0.6985976 122
0.6985976 123
0.6985976 124
0.6985976 125
0.6985976 126
0.6985976 127
0.6985976 128
0.6985976 129
0.6985976 130
0.6985976 131
0.6985976 132
0.6985976 133
0.6985976 134
0.6985976 135
0.6985976 136
0.6985976 137
0.6985976 138
0.6985976 139
0.6985976 140
0.6985976 141
0.6985976 142
0.6985976 143
0.6985976 144
0.6985976 145
0.6985976 146
0.6985976 147
0.6985976 148
0.6985976 149
0.6985976 150
0.6985976 151
0.6985976 152
0.6985976 153
0.6985976 154
0.6985976 155
0.6985976 156
0.6985976 157
0.6985976 158
0.6985976 159
0.6985976 160
0.6985976 161
0.6985976 162
0.6985976 163
0.6985976 164
0.6985976 165
0.6985976 166
0.6985976 167
0.6985976 168
0.6985976 169
0.6985976 170
0.6985976 171
0.6985976 172
0.6985976 173
0.6985976 174
0.6985976 175
0.6985976 176
0.6985976 177
0.6985976 178
0.6985976 179
0.6985976 180
0.6985976 179
0.6993976 178
0.7001976 177
0.7009976 176
0.7017976 175
0.7025976 174
0.7033976 173
0.7041976 172
0.7049976 171
0.7057976 170
0.7065976 169
0.7073976 168
0.7081976 167
0.7089976 166
0.7097976 165
0.7105976 164
0.7113976 163
0.7121976 162
0.7129976 161
0.7137976 160
0.7145976 159
0.7153976 158
0.7161976 157
0.7169976 156
0.7177976 155
0.7185976 154
0.7193976 153
0.7201976 152
0.7209976 151
0.7217976 150
0.7225976 149
0.7233976 148
0.7241976 147
0.7249976 146
0.7257976 145
0.7265976 144
0.7273976 143
0.7281976 142
0.7289976 141
0.7297976 140
0.7305976 139
0.7313976 138
0.7321976 137
0.7329976 136
0.7337976 135
0.7345976 134
0.7353976 133
0.7361976 132
0.7369976 131
0.7377976 130
0.7385976 129
0.7393976 128
0.7401976 127
0.7409976 126
0.7417976 125
0.7425976 124
0.7433976 123
0.7441976 122
0.7449976 121
0.7457976 120
0.7465976 119
0.7473976 118
0.7481976 117
0.7489976 116
0.7497976 115
0.7505976 114
0.7513976 113
0.7521976 112
0.7529976 111
0.7537976 110
0.7545976 109
0.7553976 108
0.7561976 107
0.7569976 106
0.7577976 105
0.7585976 104
0.7593976 103
0.7595232 102
0.7603232 101
0.7611232 100
0.7619232 99
0.7627232 98
0.7635232 97
0.7643232 96
0.7651232 95
0.7659232 94
0.7667232 93
0.7675232 92
0.7683232 91
0.7691232 90
0.7699232 89
0.7707232 88
0.7715232 87
0.7723232 86
0.7731232 85
0.7739232 84
0.7747232 83
0.7755232 82
0.7763232 81
0.7771232 80
0.7779232 79
0.7787232 78
0.7795232 79
0.7795232 80
0.7795232 81
0.7795232 82
0.7795232 83
0.7795232 84
0.7795232 85
0.7795232 86
0.7795232 87
0.7795232 88
0.7795232 89
0.7795232 90
0.7795232 91
0.7795232 92
0.7795232 93
0.7795232 94
0.7795232 95
0.7795232 96
0.7795232 97
0.7795232 98
0.7795232 99
0.7795232 100
0.7795232 101
0.7795232 102
0.7795232 103
0.7795232 104
0.7795232 105
0.7795232 106
0.7795232 107
0.7795232 108
0.7795232 109
0.7795232 110
0.7795232 111
0.7795232 112
0.7795232 113
0.7795232 114
0.7795232 115
0.7795232 116
0.7795232 117
0.7795232 118
0.7795232 119
0.7795232 120
0.7795232 121
0.7795232 122
0.7795232 123
0.7795232 124
0.7795232 125
0.7795232 126
0.7795232 127
0.7795232 128
0.7795232 129
0.7795232 130
0.7795232 131
0.7795232 132
0.7795232 133
0.7795232 134
0.7795232 135
0.7795232 136
0.7795232 137
0.7795232 138
0.7795232 139
0.7795232 140
0.7795232 141
0.7795232 142
0.7795232 143
0.7795232 144
0.7795232 145
0.7795232 146
0.7795232 147
0.7795232 148
0.7795232 149
0.7795232 150
0.7795232 151
0.7795232 152
0.7795232 153
0.7795232 154
0.7795232 155
0.7795232 156
0.7795232 157
0.7795232 158
0.7795232 159
0.7795232 160
0.7795232 161
0.7795232 162
0.7795232 163
0.7795232 164
0.7795232 165
0.7795232 166
0.7795232 167
0.7795232 168
0.7795232 169
0.7795232 170
0.7795232 171
0.7795232 172
0.7795232 173
0.7795232 174
0.7795232 175
0.7795232 176
0.7795232 177
0.7795232 178
0.7795232 179
0.7795232 180
0.7795232 181
0.7795232 180
0.7803232 179
0.7811232 178
0.7819232 177
0.7827232 176
0.7835232 175
0.7843232 174
0.7851232 173
0.7859232 172
0.7867232 171
0.7875232 170
0.7883232 169
0.7891232 168
0.7899232 167
0.7907232 166
0.7915232 165
0.7923232 164
0.7931232 163
0.7939232 162
0.7947232 161
0.7955232 160
0.7963232 159
0.7971232 158
0.7979232 157
0.7987232 156
0.7995232 155
0.8003232 154
0.8011232 153
0.8019232 152
0.8027232 151
0.8035232 150
0.8043232 149
0.8051232 148
0.8059232 147
0.8067232 146
0.8075232 145
0.8083232 144
0.8091232 143
0.8099232 142
0.8107232 141
0.8115232 140
0.8123232 139
0.8131232 138
0.8139232 137
0.8147232 136
0.8155232 135
0.8163232 134
0.8171232 133
0.8179232 132
0.8187232 131
0.8195232 130
0.8203232 129
0.8211232 128
0.8219232 127
0.8227232 126
0.8235232 125
0.8243232 124
0.8251232 123
0.8259232 122
0.8267232 121
0.8275232 120
0.8283232 119
0.8291232 118
0.8299232 117
0.8307232 116
0.8315232 115
0.8323232 114
0.8331232 113
0.8339232 112
0.8347232 111
0.8355232 110
0.8363232 109
0.8371232 108
0.8379232 107
0.8387232 106
0.8395232 105
0.8403232 104
0.8411232 103
0.8411768 102
0.8419768 101
0.8427768 100
0.8435768 99
0.8443768 98
0.8451768 97
0.8459768 96
0.8467768 95
0.8475768 94
0.8483768 93
0.8491768 92
0.8499768 91
0.8507768 90
0.8515768 89
0.8523768 88
0.8531768 87
0.8539768 86
0.8547768 85
0.8555768 84
0.8563768 83
0.8571768 82
0.8579768 81
0.8587768 80
0.8595768 79
0.8603768 78
0.8611768 79
0.8611768 80
0.8611768 81
0.8611768 82
0.8611768 83
0.8611768 84
0.8611768 85
0.8611768 86
0.8611768 87
0.8611768 88
0.8611768 89
0.8611768 90
0.8611768 91
0.8611768 92
0.8611768 93
0.8611768 94
0.8611768 95
0.8611768 96
0.8611768 97
0.8611768 98
0.8611768 99
0.8611768 100
0.8611768 101
0.8611768 102
0.8611768 103
0.8611768 104
0.8611768 105
0.8611768 106
0.8611768 107
0.8611768 108
0.8611768 109
0.8611768 110
0.8611768 111
0.8611768 112
0.8611768 113
0.8611768 114
0.8611768 115
0.8611768 116
0.8611768 117
0.8611768 118
0.8611768 119
0.8611768 120
0.8611768 121
0.8611768 122
0.8611768 123
0.8611768 124
0.8611768 125
0.8611768 126
0.8611768 127
0.8611768 128
0.8611768 129
0.8611768 130
0.8611768 131
0.8611768 132
0.8611768 133
0.8611768 134
0.8611768 135
0.8611768 136
0.8611768 137
0.8611768 138
0.8611768 139
0.8611768 140
0.8611768 141
0.8611768 142
0.8611768 143
0.8611768 144
0.8611768 145
0.8611768 146
0.8611768 147
0.8611768 148
0.8611768 149
0.8611768 150
0.8611768 151
0.8611768 152
0.8611768 153
0.8611768 154
0.8611768 155
0.8611768 156
0.8611768 157
0.8611768 158
0.8611768 159
0.8611768 160
0.8611768 161
0.8611768 162
0.8611768 163
0.8611768 164
0.8611768 165
0.8611768 166
0.8611768 167
0.8611768 168
0.8611768 169
0.8611768 170
0.8611768 171
0.8611768 172
0.8611768 173
0.8611768 174
0.8611768 175
0.8611768 176
0.8611768 177
0.8611768 178
0.8611768 179
0.8611768 180
0.8611768 181
0.8611768 180
0.8619768 179
0.8627768 178
0.8635768 177
0.8643768 176
0.8651768 175
0.8659768 174
0.8667768 173
0.8675768 172
0.8683768 171
0.8691768 170
0.8699768 169
0.8707768 168
0.8715768 167
0.8723768 166
0.8731768 165
0.8739768 164
0.8747768 163
0.8755768 162
0.8763768 161
0.8771768 160
0.8779768 159
0.8787768 158
0.8795768 157
0.8803768 156
0.8811768 155
0.8819768 154
0.8827768 153
0.8835768 152
0.8843768 151
0.8851768 150
0.8859768 149
0.8867768 148
0.8875768 147
0.8883768 146
0.8891768 145
0.8899768 144
0.8907768 143
0.8915768 142
0.8923768 141
0.8931768 140
0.8939768 139
0.8947768 138
0.8955768 137
0.8963768 136
0.8971768 135
0.8979768 134
0.8987768 133
0.8995768 132
0.9003768 131
0.9011768 130
0.9019768 129
0.9027768 128
0.9035768 127
0.9043768 126
0.9051768 125
0.9059768 124
0.9067768 123
0.9075768 122
0.9083768 121
0.9091768 120
0.9099768 119
0.9107768 118
0.9115768 117
0.9123768 116
0.9131768 115
0.9139768 114
0.9147768 113
0.9155768 112
0.9163768 111
0.9171768 110
0.9179768 109
0.9187768 108
0.9195768 107
0.9203768 106
0.9211768 105
0.9219768 104
0.9227768 103
0.9228304 102
0.9236304 101
0.9244304 100
0.9252304 99
0.9260304 98
0.9268304 97
0.9276304 96
0.9284304 95
0.9292304 94
0.9300304 93
0.9308304 92
0.9316304 91
0.9324304 90
0.9332304 89
0.9340304 88
0.9348304 87
0.9356304 86
0.9364304 85
0.9372304 84
0.9380304 83
0.9388304 82
0.9396304 81
0.9404304 80
0.9412304 79
0.9420304 78
0.9428304 79
0.9428304 80
0.9428304 81
0.9428304 82
0.9428304 83
0.9428304 84
0.9428304 85
0.9428304 86
0.9428304 87
0.9428304 88
0.9428304 89
0.9428304 90
0.9428304 91
0.9428304 92
0.9428304 93
0.9428304 94
0.9428304 95
0.9428304 96
0.9428304 97
0.9428304 98
0.9428304 99
0.9428304 100
0.9428304 101
0.9428304 102
0.9428304 103
0.9428304 104
0.9428304 105
0.9428304 106
0.9428304 107
0.9428304 108
0.9428304 109
0.9428304 110
0.9428304 111
0.9428304 112
0.9428304 113
0.9428304 114
0.9428304 115
0.9428304 116
0.9428304 117
0.9428304 118
0.9428304 119
0.9428304 120
0.9428304 121
0.9428304 122
0.9428304 123
0.9428304 124
0.9428304 125
0.9428304 126
0.9428304 127
0.9428304 128
0.9428304 129
0.9428304 130
0.9428304 131
0.9428304 132
0.9428304 133
0.9428304 134
0.9428304 135
0.9428304 136
0.9428304 137
0.9428304 138
0.9428304 139
0.9428304 140
0.9428304 141
0.9428304 142
0.9428304 143
0.9428304 144
0.9428304 145
0.9428304 146
0.9428304 147
0.9428304 148
0.9428304 149
0.9428304 150
0.9428304 151
0.9428304 152
0.9428304 153
0.9428304 154
0.9428304 155
0.9428304 156
0.9428304 157
0.9428304 158
0.9428304 159
0.9428304 160
0.9428304 161
0.9428304 162
0.9428304 163
0.9428304 164
0.9428304 165
0.9428304 166
0.9428304 167
0.9428304 168
0.9428304 169
0.9428304 170
0.9428304 171
0.9428304 172
0.9428304 173
0.9428304 174
0.9428304 175
0.9428304 176
0.9428304 177
0.9428304 178
0.9428304 179
0.9428304 180
0.9428304 181
0.9428304 180
0.9436304 179
0.9444304 178
0.9452304 177
0.9460304 176
0.9468304 175
0.9476304 174
0.9484304 173
0.9492304 172
0.9500304 171
0.9508304 170
0.9516304 169
0.9524304 168
0.9532304 167
0.9540304 166
0.9548304 165
0.9556304 164
0.9564304 163
0.9572304 162
0.9580304 161
0.9588304 160
0.9596304 159
0.9604304 158
0.9612304 157
0.9620304 156
0.9628304 155
0.9636304 154
0.9644304 153
0.9652304 152
0.9660304 151
0.9668304 150
0.9676304 149
0.9684304 148
0.9692304 147
0.9700304 146
0.9708304 145
0.9716304 144
0.9724304 143
0.9732304 142
0.9740304 141
0.9748304 140
0.9756304 139
0.9764304 138
0.9772304 137
0.9780304 136
0.9788304 135
0.9796304 134
0.9804304 133
0.9812304 132
0.9820304 131
0.9828304 130
0.9836304 129
0.9844304 128
0.9852304 127
0.9860304 126
0.9868304 125
0.9876304 124
0.9884304 123
0.9892304 122
0.9900304 121
0.9908304 120
0.9916304 119
0.9924304 118
0.9932304 117
0.9940304 116
0.9948304 115
0.9956304 114
0.9964304 113
0.9972304 112
0.9980304 111
0.9988304 110
0.9996304 109
1.0004304 108
1.0012304 107
1.0020304 106
1.0028304 105
1.0036304 104
1.0044304 103
1.0052184 102
1.0060184 101
1.0068184 100
1.0076184 99
1.0084184 98
1.0092184 97
1.0100184 96
1.0108184 95
1.0116184 94
1.0124184 93
1.0132184 92
1.0140184 91
1.0148184 90
1.0156184 89
1.0164184 88
1.0172184 87
1.0180184 86
1.0188184 85
1.0196184 84
1.0204184 83
1.0212184 82
1.0220184 81
1.0228184 80
1.0236184 79
1.0244184 78
1.0252184 77
1.0252184 78
1.0252184 79
1.0252184 80
1.0252184 81
1.0252184 82
1.0252184 83
1.0252184 84
1.0252184 85
1.0252184 86
1.0252184 87
1.0252184 88
1.0252184 89
1.0252184 90
1.0252184 91
1.0252184 92
1.0252184 93
1.0252184 94
1.0252184 95
1.0252184 96
1.0252184 97
1.0252184 98
1.0252184 99
1.0252184 100
1.0252184 101
1.0252184 102
1.0252184 103
1.0252184 104
1.0252184 105
1.0252184 106
1.0252184 107
1.0252184 108
1.0252184 109
1.0252184 110
1.0252184 111
1.0252184 112
1.0252184 113
1.0252184 114
1.0252184 115
1.0252184 116
1.0252184 117
1.0252184 118
1.0252184 119
1.0252184 120
1.0252184 121
1.0252184 122
1.0252184 123
1.0252184 124
1.0252184 125
1.0252184 126
1.0252184 127
1.0252184 128
1.0252184 129
1.0252184 130
1.0252184 131
1.0252184 132
1.0252184 133
1.0252184 134
1.0252184 135
1.0252184 136
1.0252184 137
1.0252184 138
1.0252184 139
1.0252184 140
1.0252184 141
1.0252184 142
1.0252184 143
1.0252184 144
1.0252184 145
1.0252184 146
1.0252184 147
1.0252184 148
1.0252184 149
1.0252184 150
1.0252184 151
1.0252184 152
1.0252184 153
1.0252184 154
1.0252184 155
1.0252184 156
1.0252184 157
1.0252184 158
1.0252184 159
1.0252184 160
1.0252184 161
1.0252184 162
1.0252184 163
1.0252184 164
1.0252184 165
1.0252184 166
1.0252184 167
1.0252184 168
1.0252184 169
1.0252184 170
1.0252184 171
1.0252184 172
1.0252184 173
1.0252184 174
1.0252184 175
1.0252184 176
1.0252184 177
1.0252184 178
1.0252184 179
1.0252184 180
1.0252184 181
1.0260184 180
1.0268184 179
1.0276184 178
1.0284184 177
1.0292184 176
1.0300184 175
1.0308184 174
1.0316184 173
1.0324184 172
1.0332184 171
1.0340184 170
1.0348184 169
1.0356184 168
1.0364184 167
1.0372184 166
1.0380184 165
1.0388184 164
1.0396184 163
1.0404184 162
1.0412184 161
1.0420184 160
1.0428184 159
1.0436184 158
1.0444184 157
1.0452184 156
1.0460184 155
1.0468184 154
1.0476184 153
1.0484184 152
1.0492184 151
1.0500184 150
1.0508184 149
1.0516184 148
1.0524184 147
1.0532184 146
1.0540184 145
1.0548184 144
1.0556184 143
1.0564184 142
1.0572184 141
1.0580184 140
1.0588184 139
1.0596184 138
1.0604184 137
1.0612184 136
1.0620184 135
1.0628184 134
1.0636184 133
1.0644184 132
1.0652184 131
1.0660184 130
1.0668184 129
1.0676184 128
1.0684184 127
1.0692184 126
1.0700184 125
1.0708184 124
1.0716184 123
1.0724184 122
1.0732184 121
1.0740184 120
1.0748184 119
1.0756184 118
1.0764184 117
1.0772184 116
1.0780184 115
1.0788184 114
1.0796184 113
1.0804184 112
1.0812184 111
1.0820184 110
1.0828184 109
1.0836184 108
1.0844184 107
1.0852184 106
1.0860184 105
1.0868184 104
1.0876064 103
1.0884064 102
1.0892064 101
1.0900064 100
1.0908064 99
1.0916064 98
1.0924064 97
1.0932064 96
1.0940064 95
1.0948064 94
1.0956064 93
1.0964064 92
1.0972064 91
1.0980064 90
1.0988064 89
1.0996064 88
1.1004064 87
1.1012064 86
1.1020064 85
1.1028064 84
1.1036064 83
1.1044064 82
1.1052064 81
1.1060064 80
1.1068064 79
1.1076064 78
1.1076064 79
1.1076064 80
1.1076064 81
1.1076064 82
1.1076064 83
1.1076064 84
1.1076064 85
1.1076064 86
1.1076064 87
1.1076064 88
1.1076064 89
1.1076064 90
1.1076064 91
1.1076064 92
1.1076064 93
1.1076064 94
1.1076064 95
1.1076064 96
1.1076064 97
1.1076064 98
1.1076064 99
1.1076064 100
1.1076064 101
1.1076064 102
1.1076064 103
1.1076064 104
1.1076064 105
1.1076064 106
1.1076064 107
1.1076064 108
1.1076064 109
1.1076064 110
1.1076064 111
1.1076064 112
1.1076064 113
1.1076064 114
1.1076064 115
1.1076064 116
1.1076064 117
1.1076064 118
1.1076064 119
1.1076064 120
1.1076064 121
1.1076064 122
1.1076064 123
1.1076064 124
1.1076064 125
1.1076064 126
1.1076064 127
1.1076064 128
1.1076064 129
1.1076064 130
1.1076064 131
1.1076064 132
1.1076064 133
1.1076064 134
1.1076064 135
1.1076064 136
1.1076064 137
1.1076064 138
1.1076064 139
1.1076064 140
1.1076064 141
1.1076064 142
1.1076064 143
1.1076064 144
1.1076064 145
1.1076064 146
1.1076064 147
1.1076064 148
1.1076064 149
1.1076064 150
1.1076064 151
1.1076064 152
1.1076064 153
1.1076064 154
1.1076064 155
1.1076064 156
1.1076064 157
1.1076064 158
1.1076064 159
1.1076064 160
1.1076064 161
1.1076064 162
1.1076064 163
1.1076064 164
1.1076064 165
1.1076064 166
1.1076064 167
1.1076064 168
1.1076064 169
1.1076064 170
1.1076064 171
1.1076064 172
1.1076064 173
1.1076064 174
1.1076064 175
1.1076064 176
1.1076064 177
1.1076064 178
1.1076064 179
1.1076064 180
1.1076064 181
1.1076064 182
1.1084064 181
1.1092064 180
1.1100064 179
1.1108064 178
1.1116064 177
1.1124064 176
1.1132064 175
1.1140064 174
1.1148064 173
1.1156064 172
1.1164064 171
1.1172064 170
1.1180064 169
1.1188064 168
1.1196064 167
1.1204064 166
1.1212064 165
1.1220064 164
1.1228064 163
1.1236064 162
1.1244064 161
1.1252064 160
1.1260064 159
1.1268064 158
1.1276064 157
1.1284064 156
1.1292064 155
1.1300064 154
1.1308064 153
1.1316064 152
1.1324064 151
1.1332064 150
1.1340064 149
1.1348064 148
1.1356064 147
1.1364064 146
1.1372064 145
1.1380064 144
1.1388064 143
1.1396064 142
1.1404064 141
1.1412064 140
1.1420064 139
1.1428064 138
1.1436064 137
1.1444064 136
1.1452064 135
1.1460064 134
1.1468064 133
1.1476064 132
1.1484064 131
1.1492064 130
1.1500064 129
1.1508064 128
1.1516064 127
1.1524064 126
1.1532064 125
1.1540064 124
1.1548064 123
1.1556064 122
1.1564064 121
1.1572064 120
1.1580064 119
1.1588064 118
1.1596064 117
1.1604064 116
1.1612064 115
1.1620064 114
1.1628064 113
1.1636064 112
1.1644064 111
1.1652064 110
1.1660064 109
1.1668064 108
1.1676064 107
1.1684064 106
1.1692064 105
1.1700064 104
1.170736 103
1.171536 102
1.172336 101
1.173136 100
1.173936 99
1.174736 98
1.175536 97
1.176336 96
1.177136 95
1.177936 94
1.178736 93
1.179536 92
1.180336 91
1.181136 90
1.181936 89
1.182736 88
1.183536 87
1.184336 86
1.185136 85
1.185936 84
1.186736 83
1.187536 82
1.188336 81
1.189136 80
1.189936 79
1.190736 78
1.190736 79
1.190736 80
1.190736 81
1.190736 82
1.190736 83
1.190736 84
1.190736 85
1.190736 86
1.190736 87
1.190736 88
1.190736 89
1.190736 90
1.190736 91
1.190736 92
1.190736 93
1.190736 94
1.190736 95
1.190736 96
1.190736 97
1.190736 98
1.190736 99
1.190736 100
1.190736 101
1.190736 102
1.190736 103
1.190736 104
1.190736 105
1.190736 106
1.190736 107
1.190736 108
1.190736 109
1.190736 110
1.190736 111
1.190736 112
1.190736 113
1.190736 114
1.190736 115
1.190736 116
1.190736 117
1.190736 118
1.190736 119
1.190736 120
1.190736 121
1.190736 122
1.190736 123
1.190736 124
1.190736 125
1.190736 126
1.190736 127
1.190736 128
1.190736 129
1.190736 130
1.190736 131
1.190736 132
1.190736 133
1.190736 134
1.190736 135
1.190736 136
1.190736 137
1.190736 138
1.190736 139
1.190736 140
1.190736 141
1.190736 142
1.190736 143
1.190736 144
1.190736 145
1.190736 146
1.190736 147
1.190736 148
1.190736 149
1.190736 150
1.190736 151
1.190736 152
1.190736 153
1.190736 154
1.190736 155
1.190736 156
1.190736 157
1.190736 158
1.190736 159
1.190736 160
1.190736 161
1.190736 162
1.190736 163
1.190736 164
1.190736 165
1.190736 166
1.190736 167
1.190736 168
1.190736 169
1.190736 170
1.190736 171
1.190736 172
1.190736 173
1.190736 174
1.190736 175
1.190736 176
1.190736 177
1.190736 178
1.190736 179
1.190736 180
1.190736 181
1.190736 182
1.190736 183
1.191536 182
1.192336 181
1.193136 180
1.193936 179
1.194736 178
1.195536 177
1.196336 176
1.197136 175
1.197936 174
1.198736 173
1.199536 172
1.200336 171
1.201136 170
1.201936 169
1.202736 168
1.203536 167
1.204336 166
1.205136 165
1.205936 164
1.206736 163
1.207536 162
1.208336 161
1.209136 160
1.209936 159
1.210736 158
1.211536 157
1.212336 156
1.213136 155
1.213936 154
1.214736 153
1.215536 152
1.216336 151
1.217136 150
1.217936 149
1.218736 148
1.219536 147
1.220336 146
1.221136 145
1.221936 144
1.222736 143
1.223536 142
1.224336 141
1.225136 140
1.225936 139
1.226736 138
1.227536 137
1.228336 136
1.229136 135
1.229936 134
1.230736 133
1.231536 132
1.232336 131
1.233136 130
1.233936 129
1.234736 128
1.235536 127
1.236336 126
1.237136 125
1.237936 124
1.238736 123
1.239536 122
1.240336 121
1.241136 120
1.241936 119
1.242736 118
1.243536 117
1.244336 116
1.245136 115
1.245936 114
1.246736 113
1.247536 112
1.248336 111
1.249136 110
1.249936 109
1.250736 108
1.251536 107
1.252336 106
1.253136 105
1.2538656 104
1.2546656 103
1.2554656 102
1.2562656 101
1.2570656 100
1.2578656 99
1.2586656 98
1.2594656 97
1.2602656 96
1.2610656 95
1.2618656 94
1.2626656 93
1.2634656 92
1.2642656 91
1.2650656 90
1.2658656 89
1.2666656 88
1.2674656 87
1.2682656 86
1.2690656 85
1.2698656 84
1.2706656 83
1.2714656 82
1.2722656 81
1.2730656 80
1.2738656 79
1.2738656 80
1.2738656 81
1.2738656 82
1.2738656 83
1.2738656 84
1.2738656 85
1.2738656 86
1.2738656 87
1.2738656 88
1.2738656 89
1.2738656 90
1.2738656 91
1.2738656 92
1.2738656 93
1.2738656 94
1.2738656 95
1.2738656 96
1.2738656 97
1.2738656 98
1.2738656 99
1.2738656 100
1.2738656 101
1.2738656 102
1.2738656 103
1.2738656 104
1.2738656 105
1.2738656 106
1.2738656 107
1.2738656 108
1.2738656 109
1.2738656 110
1.2738656 111
1.2738656 112
1.2738656 113
1.2738656 114
1.2738656 115
1.2738656 116
1.2738656 117
1.2738656 118
1.2738656 119
1.2738656 120
1.2738656 121
1.2738656 122
1.2738656 123
1.2738656 124
1.2738656 125
1.2738656 126
1.2738656 127
1.2738656 128
1.2738656 129
1.2738656 130
1.2738656 131
1.2738656 132
1.2738656 133
1.2738656 134
1.2738656 135
1.2738656 136
1.2738656 137
1.2738656 138
1.2738656 139
1.2738656 140
1.2738656 141
1.2738656 142
1.2738656 143
1.2738656 144
1.2738656 145
1.2738656 146
1.2738656 147
1.2738656 148
1.2738656 149
1.2738656 150
1.2738656 151
1.2738656 152
1.2738656 153
1.2738656 154
1.2738656 155
1.2738656 156
1.2738656 157
1.2738656 158
1.2738656 159
1.2738656 160
1.2738656 161
1.2738656 162
1.2738656 163
1.2738656 164
1.2738656 165
1.2738656 166
1.2738656 167
1.2738656 168
1.2738656 169
1.2738656 170
1.2738656 171
1.2738656 172
1.2738656 173
1.2738656 174
1.2738656 175
1.2738656 176
1.2738656 177
1.2738656 178
1.2738656 179
1.2738656 180
1.2738656 181
1.2738656 182
1.2738656 183
1.2738656 184
1.2746656 183
1.2754656 182
1.2762656 181
1.2770656 180
1.2778656 179
1.2786656 178
1.2794656 177
1.2802656 176
1.2810656 175
1.2818656 174
1.2826656 173
1.2834656 172
1.2842656 171
1.2850656 170
1.2858656 169
1.2866656 168
1.2874656 167
1.2882656 166
1.2890656 165
1.2898656 164
1.2906656 163
1.2914656 162
1.2922656 161
1.2930656 160
1.2938656 159
1.2946656 158
1.2954656 157
1.2962656 156
1.2970656 155
1.2978656 154
1.2986656 153
1.2994656 152
1.3002656 151
1.3010656 150
1.3018656 149
1.3026656 148
1.3034656 147
1.3042656 146
1.3050656 145
1.3058656 144
1.3066656 143
1.3074656 142
1.3082656 141
1.3090656 140
1.3098656 139
1.3106656 138
1.3114656 137
1.3122656 136
1.3130656 135
1.3138656 134
1.3146656 133
1.3154656 132
1.3162656 131
1.3170656 130
1.3178656 129
1.3186656 128
1.3194656 127
1.3202656 126
1.3210656 125
1.3218656 124
1.3226656 123
1.3234656 122
1.3242656 121
1.3250656 120
1.3258656 119
1.3266656 118
1.3274656 117
1.3282656 116
1.3290656 115
1.3298656 114
1.3306656 113
1.3314656 112
1.3322656 111
1.3330656 110
1.3338656 109
1.3346656 108
1.3354656 107
1.3362656 106
1.3370656 105
1.3377432 104
1.3385432 103
1.3393432 102
1.3401432 101
1.3409432 100
1.3417432 99
1.3425432 98
1.3433432 97
1.3441432 96
1.3449432 95
1.3457432 94
1.3465432 93
1.3473432 92
1.3481432 91
1.3489432 90
1.3497432 89
1.3505432 88
1.3513432 87
1.3521432 86
1.3529432 85
1.3537432 84
1.3545432 83
1.3553432 82
1.3561432 81
1.3569432 80
1.3577432 79
1.3577432 80
1.3577432 81
1.3577432 82
1.3577432 83
1.3577432 84
1.3577432 85
1.3577432 86
1.3577432 87
1.3577432 88
1.3577432 89
1.3577432 90
1.3577432 91
1.3577432 92
1.3577432 93
1.3577432 94
1.3577432 95
1.3577432 96
1.3577432 97
1.3577432 98
1.3577432 99
1.3577432 100
1.3577432 101
1.3577432 102
1.3577432 103
1.3577432 104
1.3577432 105
1.3577432 106
1.3577432 107
1.3577432 108
1.3577432 109
1.3577432 110
1.3577432 111
1.3577432 112
1.3577432 113
1.3577432 114
1.3577432 115
1.3577432 116
1.3577432 117
1.3577432 118
1.3577432 119
1.3577432 120
1.3577432 121
1.3577432 122
1.3577432 123
1.3577432 124
1.3577432 125
1.3577432 126
1.3577432 127
1.3577432 128
1.3577432 129
1.3577432 130
1.3577432 131
1.3577432 132
1.3577432 133
1.3577432 134
1.3577432 135
1.3577432 136
1.3577432 137
1.3577432 138
1.3577432 139
1.3577432 140
1.3577432 141
1.3577432 142
1.3577432 143
1.3577432 144
1.3577432 145
1.3577432 146
1.3577432 147
1.3577432 148
1.3577432 149
1.3577432 150
1.3577432 151
1.3577432 152
1.3577432 153
1.3577432 154
1.3577432 155
1.3577432 156
1.3577432 157
1.3577432 158
1.3577432 159
1.3577432 160
1.3577432 161
1.3577432 162
1.3577432 163
1.3577432 164
1.3577432 165
1.3577432 166
1.3577432 167
1.3577432 168
1.3577432 169
1.3577432 170
1.3577432 171
1.3577432 172
1.3577432 173
1.3577432 174
1.3577432 175
1.3577432 176
1.3577432 177
1.3577432 178
1.3577432 179
1.3577432 180
1.3577432 181
1.3577432 182
1.3577432 183
1.3577432 184
1.3577432 185
1.3585432 184
1.3593432 183
1.3601432 182
1.3609432 181
1.3617432 180
1.3625432 179
1.3633432 178
1.3641432 177
1.3649432 176
1.3657432 175
1.3665432 174
1.3673432 173
1.3681432 172
1.3689432 171
1.3697432 170
1.3705432 169
1.3713432 168
1.3721432 167
1.3729432 166
1.3737432 165
1.3745432 164
1.3753432 163
1.3761432 162
1.3769432 161
1.3777432 160
1.3785432 159
1.3793432 158
1.3801432 157
1.3809432 156
1.3817432 155
1.3825432 154
1.3833432 153
1.3841432 152
1.3849432 151
1.3857432 150
1.3865432 149
1.3873432 148
1.3881432 147
1.3889432 146
1.3897432 145
1.3905432 144
1.3913432 143
1.3921432 142
1.3929432 141
1.3937432 140
1.3945432 139
1.3953432 138
1.3961432 137
1.3969432 136
1.3977432 135
1.3985432 134
1.3993432 133
1.4001432 132
1.4009432 131
1.4017432 130
1.4025432 129
1.4033432 128
1.4041432 127
1.4049432 126
1.4057432 125
1.4065432 124
1.4073432 123
1.4081432 122
1.4089432 121
1.4097432 120
1.4105432 119
1.4113432 118
1.4121432 117
1.4129432 116
1.4137432 115
1.4145432 114
1.4153432 113
1.4161432 112
1.4169432 111
1.4177432 110
1.4185432 109
1.4193432 108
1.4201432 107
1.4209432 106
1.4216208 105
1.4224208 104
1.4232208 103
1.4240208 102
1.4248208 101
1.4256208 100
1.4264208 99
1.4272208 98
1.4280208 97
1.4288208 96
1.4296208 95
1.4304208 94
1.4312208 93
1.4320208 92
1.4328208 91
1.4336208 90
1.4344208 89
1.4352208 88
1.4360208 87
1.4368208 86
1.4376208 85
1.4384208 84
1.4392208 83
1.4400208 82
1.4408208 81
1.4416208 80
1.4416208 81
1.4416208 82
1.4416208 83
1.4416208 84
1.4416208 85
1.4416208 86
1.4416208 87
1.4416208 88
1.4416208 89
1.4416208 90
1.4416208 91
1.4416208 92
1.4416208 93
1.4416208 94
1.4416208 95
1.4416208 96
1.4416208 97
1.4416208 98
1.4416208 99
1.4416208 100
1.4416208 101
1.4416208 102
1.4416208 103
1.4416208 104
1.4416208 105
1.4416208 106
1.4416208 107
1.4416208 108
1.4416208 109
1.4416208 110
1.4416208 111
1.4416208 112
1.4416208 113
1.4416208 114
1.4416208 115
1.4416208 116
1.4416208 117
1.4416208 118
1.4416208 119
1.4416208 120
1.4416208 121
1.4416208 122
1.4416208 123
1.4416208 124
1.4416208 125
1.4416208 126
1.4416208 127
1.4416208 128
1.4416208 129
1.4416208 130
1.4416208 131
1.4416208 132
1.4416208 133
1.4416208 134
1.4416208 135
1.4416208 136
1.4416208 137
1.4416208 138
1.4416208 139
1.4416208 140
1.4416208 141
1.4416208 142
1.4416208 143
1.4416208 144
1.4416208 145
1.4416208 146
1.4416208 147
1.4416208 148
1.4416208 149
1.4416208 150
1.4416208 151
1.4416208 152
1.4416208 153
1.4416208 154
1.4416208 155
1.4416208 156
1.4416208 157
1.4416208 158
1.4416208 159
1.4416208 160
1.4416208 161
1.4416208 162
1.4416208 163
1.4416208 164
1.4416208 165
1.4416208 166
1.4416208 167
1.4416208 168
1.4416208 169
1.4416208 170
1.4416208 171
1.4416208 172
1.4416208 173
1.4416208 174
1.4416208 175
1.4416208 176
1.4416208 177
1.4416208 178
1.4416208 179
1.4416208 180
1.4416208 181
1.4416208 182
1.4416208 183
1.4416208 184
1.4416208 185
1.4416208 186
1.4424208 185
1.4432208 184
1.4440208 183
1.4448208 182
1.4456208 181
1.4464208 180
1.4472208 179
1.4480208 178
1.4488208 177
1.4496208 176
1.4504208 175
1.4512208 174
1.4520208 173
1.4528208 172
1.4536208 171
1.4544208 170
1.4552208 169
1.4560208 168
1.4568208 167
1.4576208 166
1.4584208 165
1.4592208 164
1.4600208 163
1.4608208 162
1.4616208 161
1.4624208 160
1.4632208 159
1.4640208 158
1.4648208 157
1.4656208 156
1.4664208 155
1.4672208 154
1.4680208 153
1.4688208 152
1.4696208 151
1.4704208 150
1.4712208 149
1.4720208 148
1.4728208 147
1.4736208 146
1.4744208 145
1.4752208 144
1.4760208 143
1.4768208 142
1.4776208 141
1.4784208 140
1.4792208 139
1.4800208 138
1.4808208 137
1.4816208 136
1.4824208 135
1.4832208 134
1.4840208 133
1.4848208 132
1.4856208 131
1.4864208 130
1.4872208 129
1.4880208 128
1.4888208 127
1.4896208 126
1.4904208 125
1.4912208 124
1.4920208 123
1.4928208 122
1.4936208 121
1.4944208 120
1.4952208 119
1.4960208 118
1.4968208 117
1.4976208 116
1.4984208 115
1.4992208 114
1.5000208 113
1.5008208 112
1.5016208 111
1.5024208 110
1.5032208 109
1.5040208 108
1.5048208 107
1.5056208 106
1.5062536 105
1.5070536 104
1.5078536 103
1.5086536 102
1.5094536 101
1.5102536 100
1.5110536 99
1.5118536 98
1.5126536 97
1.5134536 96
1.5142536 95
1.5150536 94
1.5158536 93
1.5166536 92
1.5174536 91
1.5182536 90
1.5190536 89
1.5198536 88
1.5206536 87
1.5214536 86
1.5222536 85
1.5230536 84
1.5238536 83
1.5246536 82
1.5254536 81
1.5262536 80
1.5262536 81
1.5262536 82
1.5262536 83
1.5262536 84
1.5262536 85
1.5262536 86
1.5262536 87
1.5262536 88
1.5262536 89
1.5262536 90
1.5262536 91
1.5262536 92
1.5262536 93
1.5262536 94
1.5262536 95
1.5262536 96
1.5262536 97
1.5262536 98
1.5262536 99
1.5262536 100
1.5262536 101
1.5262536 102
1.5262536 103
1.5262536 104
1.5262536 105
1.5262536 106
1.5262536 107
1.5262536 108
1.5262536 109
1.5262536 110
1.5262536 111
1.5262536 112
1.5262536 113
1.5262536 114
1.5262536 115
1.5262536 116
1.5262536 117
1.5262536 118
1.5262536 119
1.5262536 120
1.5262536 121
1.5262536 122
1.5262536 123
1.5262536 124
1.5262536 125
1.5262536 126
1.5262536 127
1.5262536 128
1.5262536 129
1.5262536 130
1.5262536 131
1.5262536 132
1.5262536 133
1.5270536 132
1.5278536 131
1.5286536 130
1.5294536 129
1.5302536 128
1.5310536 127
1.5318536 126
1.5326536 125
1.5334536 124
1.5342536 123
1.5350536 122
1.5358536 121
1.5366536 120
1.5374536 119
1.5382536 118
1.5390536 117
1.5398536 116
1.5406536 115
1.5414536 114
1.5422536 113
1.5430536 112
1.5438536 111
1.5446536 110
1.5454536 109
1.5462536 108
1.5470536 107
1.5478536 106
1.5486536 105
1.5494536 104
1.5502536 103
1.5510536 102
1.5518536 101
1.5526536 100
1.5534536 99
1.5542536 98
1.5550536 97
1.5558536 96
1.5566536 95
1.5574536 94
1.5582536 93
1.5590536 92
1.5598536 91
1.5606536 90
1.5614536 89
1.5622536 88
1.5630536 87
1.5638536 86
1.5646536 85
1.5654536 84
1.5662536 83
1.5670536 82
1.5678536 81
1.5686536 80
1.5694536 79
1.5702536 78
1.5710536 77
1.5718536 76
1.5726536 75
1.5734536 74
1.5742536 73
1.5750536 72
1.5758536 71
1.5766536 70
1.5774536 69
1.5782536 68
1.5790536 67
1.5798536 66
1.5806536 65
1.5814536 64
1.5822536 63
1.5830536 62
1.5838536 61
1.5846536 60
1.5854536 59
1.5862536 58
1.5870536 57
1.5878536 56
1.5886536 55
1.5894536 54
1.5902536 53
1.5908864 52
1.5916864 51
1.5924864 50
1.5932864 49
1.5940864 48
1.5948864 47
1.5956864 46
1.5964864 45
1.5972864 44
1.5980864 43
1.5988864 42
1.5996864 41
1.6004864 40
1.6012864 39
1.6020864 38
1.6028864 37
1.6036864 36
1.6044864 35
1.6052864 34
1.6060864 33
1.6068864 32
1.6076864 31
1.6084864 30
1.6092864 29
1.6100864 28
1.6108864 27
1.6108864 28
1.6108864 29
1.6108864 30
1.6108864 31
1.6108864 32
1.6108864 33
1.6108864 34
1.6108864 35
1.6108864 36
1.6108864 37
1.6108864 38
1.6108864 39
1.6108864 40
1.6108864 41
1.6108864 42
1.6108864 43
1.6108864 44
1.6108864 45
1.6108864 46
1.6108864 47
1.6108864 48
1.6108864 49
1.6108864 50
1.6108864 51
1.6108864 52
1.6108864 53
1.6108864 54
1.6108864 55
1.6108864 56
1.6108864 57
1.6108864 58
1.6108864 59
1.6108864 60
1.6108864 61
1.6108864 62
1.6108864 63
1.6108864 64
1.6108864 65
1.6108864 66
1.6108864 67
1.6108864 68
1.6108864 69
1.6108864 70
1.6108864 71
1.6108864 72
1.6108864 73
1.6108864 74
1.6108864 75
1.6108864 76
1.6108864 77
1.6108864 78
1.6108864 79
1.6108864 80
1.6116864 79
1.6124864 78
1.6132864 77
1.6140864 76
1.6148864 75
1.6156864 74
1.6164864 73
1.6172864 72
1.6180864 71
1.6188864 70
1.6196864 69
1.6204864 68
1.6212864 67
1.6220864 66
1.6228864 65
1.6236864 64
1.6244864 63
1.6252864 62
1.6260864 61
1.6268864 60
1.6276864 59
1.6284864 58
1.6292864 57
1.6300864 56
1.6308864 55
1.6316864 54
1.6324864 53
1.6330432 52
1.6338432 51
1.6346432 50
1.6354432 49
1.6362432 48
1.6370432 47
1.6378432 46
1.6386432 45
1.6394432 44
1.6402432 43
1.6410432 42
1.6418432 41
1.6426432 40
1.6434432 39
1.6442432 38
1.6450432 37
1.6458432 36
1.6466432 35
1.6474432 34
1.6482432 33
1.6490432 32
1.6498432 31
1.6506432 30
1.6514432 29
1.6522432 28
1.6530432 27
1.6538432 26
1.6546432 25
1.6554432 24
1.6562432 23
1.6570432 22
1.6578432 21
1.6586432 20
1.6594432 19
1.6602432 18
1.6610432 17
1.6618432 16
1.6626432 15
1.6634432 14
1.6642432 13
1.6650432 12
1.6658432 11
1.6666432 10
1.6674432 9
1.6682432 8
1.6690432 7
1.6698432 6
1.6706432 5
1.6714432 4
1.6722432 3
1.6730432 2
1.6738432 1
1.6746432 0
