# Time (seconds) Sequence (number) Size (bytes) Sent(s)/Acked(a)
0.0 0 1000 s
0.0208 1000 1000 a
0.0216 1000 1000 s
0.0224 2000 1000 s
0.0416 2000 1000 a
0.0424 3000 1000 a
0.0432 3000 1000 s
0.044 4000 1000 s
0.0448 5000 1000 s
0.0456 6000 1000 s
0.0632 4000 1000 a
0.064 5000 1000 a
0.0648 6000 1000 a
0.0656 7000 1000 a
0.0664 7000 1000 s
0.0672 8000 1000 s
0.068 9000 1000 s
0.0688 10000 1000 s
0.0696 11000 1000 s
0.0704 12000 1000 s
0.0712 13000 1000 s
0.072 14000 1000 s
0.0864 8000 1000 a
0.0872 9000 1000 a
0.088 10000 1000 a
0.0888 11000 1000 a
0.0896 12000 1000 a
0.0904 13000 1000 a
0.0912 14000 1000 a
0.092 15000 1000 a
0.0928 15000 1000 s
0.0936 16000 1000 s
0.0944 17000 1000 s
0.0952 18000 1000 s
0.096 19000 1000 s
0.0968 20000 1000 s
0.0976 21000 1000 s
0.0984 22000 1000 s
0.0992 23000 1000 s
0.1 24000 1000 s
0.1008 25000 1000 s
0.1016 26000 1000 s
0.1024 27000 1000 s
0.1032 28000 1000 s
0.104 29000 1000 s
0.1048 30000 1000 s
0.1128 16000 1000 a
0.1136 17000 1000 a
0.1144 18000 1000 a
0.1152 19000 1000 a
0.116 20000 1000 a
0.1168 21000 1000 a
0.1176 22000 1000 a
0.1184 23000 1000 a
0.1192 24000 1000 a
0.12 25000 1000 a
0.1208 26000 1000 a
0.1216 27000 1000 a
0.1224 28000 1000 a
0.1232 29000 1000 a
0.124 30000 1000 a
0.1248 31000 1000 a
0.1256 31000 1000 s
0.1264 32000 1000 s
0.1272 33000 1000 s
0.128 34000 1000 s
0.1288 35000 1000 s
0.1296 36000 1000 s
0.1304 37000 1000 s
0.1312 38000 1000 s
0.132 39000 1000 s
0.1328 40000 1000 s
0.1336 41000 1000 s
0.1344 42000 1000 s
0.1352 43000 1000 s
0.136 44000 1000 s
0.1368 45000 1000 s
0.1376 46000 1000 s
0.1384 47000 1000 s
0.1392 48000 1000 s
0.14 49000 1000 s
0.1408 50000 1000 s
0.1416 51000 1000 s
0.1424 52000 1000 s
0.1432 53000 1000 s
0.144 54000 1000 s
0.1448 55000 1000 s
0.1456 56000 1000 s
0.1464 57000 1000 s
0.1472 58000 1000 s
0.148 59000 1000 s
0.1488 60000 1000 s
0.1496 61000 1000 s
0.1504 62000 1000 s
0.1456 32000 1000 a
0.1464 33000 1000 a
0.1472 34000 1000 a
0.148 35000 1000 a
0.1488 36000 1000 a
0.1496 37000 1000 a
0.1504 38000 1000 a
0.1512 39000 1000 a
0.152 40000 1000 a
0.1528 41000 1000 a
0.1536 42000 1000 a
0.1544 43000 1000 a
0.1552 44000 1000 a
0.156 45000 1000 a
0.1568 46000 1000 a
0.1576 47000 1000 a
0.1584 48000 1000 a
0.1592 49000 1000 a
0.16 50000 1000 a
0.1608 51000 1000 a
0.1616 52000 1000 a
0.1624 53000 1000 a
0.1632 54000 1000 a
0.164 55000 1000 a
0.1648 56000 1000 a
0.1656 57000 1000 a
0.1664 58000 1000 a
0.1672 59000 1000 a
0.168 60000 1000 a
0.1688 61000 1000 a
0.1696 62000 1000 a
0.1704 63000 1000 a
0.1712 63000 1000 s
0.172 64000 1000 s
0.1728 65000 1000 s
0.1736 66000 1000 s
0.1744 67000 1000 s
0.1752 68000 1000 s
0.176 69000 1000 s
0.1768 70000 1000 s
0.1776 71000 1000 s
0.1784 72000 1000 s
0.1792 73000 1000 s
0.18 74000 1000 s
0.1808 75000 1000 s
0.1816 76000 1000 s
0.1824 77000 1000 s
0.1832 78000 1000 s
0.184 79000 1000 s
0.1848 80000 1000 s
0.1856 81000 1000 s
0.1864 82000 1000 s
0.1872 83000 1000 s
0.188 84000 1000 s
0.1888 85000 1000 s
0.1896 86000 1000 s
0.1904 87000 1000 s
0.1912 88000 1000 s
0.192 89000 1000 s
0.1928 90000 1000 s
0.1936 91000 1000 s
0.1944 92000 1000 s
0.1952 93000 1000 s
0.196 94000 1000 s
0.1968 95000 1000 s
0.1976 96000 1000 s
0.1984 97000 1000 s
0.1992 98000 1000 s
0.2 99000 1000 s
0.2008 100000 1000 s
0.2016 101000 1000 s
0.2024 102000 1000 s
0.2032 103000 1000 s
0.204 104000 1000 s
0.2048 105000 1000 s
0.2056 106000 1000 s
0.2064 107000 1000 s
0.2072 108000 1000 s
0.208 109000 1000 s
0.2088 110000 1000 s
0.2096 111000 1000 s
0.2104 112000 1000 s
0.2112 113000 1000 s
0.212 114000 1000 s
0.2128 115000 1000 s
0.2136 116000 1000 s
0.2144 117000 1000 s
0.2152 118000 1000 s
0.216 119000 1000 s
0.2168 120000 1000 s
0.2176 121000 1000 s
0.2184 122000 1000 s
0.2192 123000 1000 s
0.22 124000 1000 s
0.2208 125000 1000 s
0.2216 126000 1000 s
0.1912 64000 1000 a
0.192 65000 1000 a
0.1928 66000 1000 a
0.1936 67000 1000 a
0.1944 68000 1000 a
0.1952 69000 1000 a
0.196 70000 1000 a
0.1968 71000 1000 a
0.1976 72000 1000 a
0.1984 73000 1000 a
0.1992 74000 1000 a
0.2 75000 1000 a
0.2008 76000 1000 a
0.2016 77000 1000 a
0.2024 78000 1000 a
0.2032 79000 1000 a
0.204 80000 1000 a
0.2048 81000 1000 a
0.2056 82000 1000 a
0.2064 83000 1000 a
0.2072 84000 1000 a
0.208 85000 1000 a
0.2088 86000 1000 a
0.2096 87000 1000 a
0.2104 88000 1000 a
0.2112 89000 1000 a
0.212 90000 1000 a
0.2128 91000 1000 a
0.2136 92000 1000 a
0.2144 93000 1000 a
0.2152 94000 1000 a
0.216 95000 1000 a
0.2168 96000 1000 a
0.2176 97000 1000 a
0.2184 98000 1000 a
0.2192 99000 1000 a
0.22 100000 1000 a
0.2208 101000 1000 a
0.2216 102000 1000 a
0.2224 103000 1000 a
0.2232 104000 1000 a
0.224 105000 1000 a
0.2248 106000 1000 a
0.2256 107000 1000 a
0.2264 108000 1000 a
0.2272 109000 1000 a
0.228 110000 1000 a
0.2288 111000 1000 a
0.2296 112000 1000 a
0.2304 113000 1000 a
0.2312 114000 1000 a
0.232 115000 1000 a
0.2328 116000 1000 a
0.2336 117000 1000 a
0.2344 118000 1000 a
0.2352 119000 1000 a
0.236 120000 1000 a
0.2368 121000 1000 a
0.2376 122000 1000 a
0.2384 123000 1000 a
0.2392 124000 1000 a
0.24 125000 1000 a
0.2408 126000 1000 a
0.2416 127000 1000 a
0.2424 127000 1000 s
0.2432 128000 1000 s
0.244 129000 1000 s
0.2448 130000 1000 s
0.2456 131000 1000 s
0.2464 132000 1000 s
0.2472 133000 1000 s
0.248 134000 1000 s
0.2488 135000 1000 s
0.2496 136000 1000 s
0.2504 137000 1000 s
0.2512 138000 1000 s
0.252 139000 1000 s
0.2528 140000 1000 s
0.2536 141000 1000 s
0.2544 142000 1000 s
0.2552 143000 1000 s
0.256 144000 1000 s
0.2568 145000 1000 s
0.2576 146000 1000 s
0.2584 147000 1000 s
0.2592 148000 1000 s
0.26 149000 1000 s
0.2608 150000 1000 s
0.2616 151000 1000 s
0.2624 152000 1000 s
0.2632 153000 1000 s
0.264 154000 1000 s
0.2648 155000 1000 s
0.2656 156000 1000 s
0.2664 157000 1000 s
0.2672 158000 1000 s
0.268 159000 1000 s
0.2688 160000 1000 s
0.2696 161000 1000 s
0.2704 162000 1000 s
0.2712 163000 1000 s
0.272 164000 1000 s
0.2728 165000 1000 s
0.2736 166000 1000 s
0.2744 167000 1000 s
0.2752 168000 1000 s
0.276 169000 1000 s
0.2768 170000 1000 s
0.2776 171000 1000 s
0.2784 172000 1000 s
0.2792 173000 1000 s
0.28 174000 1000 s
0.2808 175000 1000 s
0.2816 176000 1000 s
0.2824 177000 1000 s
0.2832 178000 1000 s
0.284 179000 1000 s
0.2848 180000 1000 s
0.2856 181000 1000 s
0.2864 182000 1000 s
0.2872 183000 1000 s
0.288 184000 1000 s
0.2888 185000 1000 s
0.2896 186000 1000 s
0.2904 187000 1000 s
0.2912 188000 1000 s
0.292 189000 1000 s
0.2928 190000 1000 s
0.2936 191000 1000 s
0.2944 192000 1000 s
0.2952 193000 1000 s
0.296 194000 1000 s
0.2968 195000 1000 s
0.2976 196000 1000 s
0.2984 197000 1000 s
0.2992 198000 1000 s
0.3 199000 1000 s
0.3008 200000 1000 s
0.3016 201000 1000 s
0.3024 202000 1000 s
0.3032 203000 1000 s
0.304 204000 1000 s
0.3048 205000 1000 s
0.3056 206000 1000 s
0.3064 207000 1000 s
0.3072 208000 1000 s
0.308 209000 1000 s
0.3088 210000 1000 s
0.3096 211000 1000 s
0.3104 212000 1000 s
0.3112 213000 1000 s
0.312 214000 1000 s
0.3128 215000 1000 s
0.3136 216000 1000 s
0.3144 217000 1000 s
0.3152 218000 1000 s
0.316 219000 1000 s
0.3168 220000 1000 s
0.3176 221000 1000 s
0.3184 222000 1000 s
0.3192 223000 1000 s
0.32 224000 1000 s
0.3208 225000 1000 s
0.3216 226000 1000 s
0.2624 128000 1000 a
0.2632 129000 1000 a
0.264 130000 1000 a
0.2648 131000 1000 a
0.2656 132000 1000 a
0.2664 133000 1000 a
0.2672 134000 1000 a
0.268 135000 1000 a
0.2688 136000 1000 a
0.2696 137000 1000 a
0.2704 138000 1000 a
0.2712 139000 1000 a
0.272 140000 1000 a
0.2728 141000 1000 a
0.2736 142000 1000 a
0.2744 143000 1000 a
0.2752 144000 1000 a
0.276 145000 1000 a
0.2768 146000 1000 a
0.2776 147000 1000 a
0.2784 148000 1000 a
0.2792 149000 1000 a
0.28 150000 1000 a
0.2808 151000 1000 a
0.2816 152000 1000 a
0.2824 153000 1000 a
0.2832 154000 1000 a
0.284 155000 1000 a
0.2848 156000 1000 a
0.2856 157000 1000 a
0.2864 158000 1000 a
0.2872 159000 1000 a
0.288 160000 1000 a
0.2888 161000 1000 a
0.2896 162000 1000 a
0.2904 163000 1000 a
0.2912 164000 1000 a
0.292 165000 1000 a
0.2928 166000 1000 a
0.2936 167000 1000 a
0.2944 168000 1000 a
0.2952 169000 1000 a
0.296 170000 1000 a
0.2968 171000 1000 a
0.2976 172000 1000 a
0.2984 173000 1000 a
0.2992 174000 1000 a
0.3 175000 1000 a
0.3008 176000 1000 a
0.3016 177000 1000 a
0.3024 178000 1000 a
0.3032 179000 1000 a
0.304 180000 1000 a
0.3048 181000 1000 a
0.3056 182000 1000 a
0.3064 183000 1000 a
0.3072 184000 1000 a
0.308 185000 1000 a
0.3088 186000 1000 a
0.3096 187000 1000 a
0.3104 188000 1000 a
0.3112 189000 1000 a
0.312 190000 1000 a
0.3128 191000 1000 a
0.3136 192000 1000 a
0.3144 193000 1000 a
0.3152 194000 1000 a
0.316 195000 1000 a
0.3168 196000 1000 a
0.3176 197000 1000 a
0.3184 198000 1000 a
0.3192 199000 1000 a
0.32 200000 1000 a
0.3208 201000 1000 a
0.3216 202000 1000 a
0.3224 203000 1000 a
0.3232 204000 1000 a
0.324 205000 1000 a
0.3248 206000 1000 a
0.3256 207000 1000 a
0.3264 208000 1000 a
0.3272 209000 1000 a
0.328 210000 1000 a
0.3288 211000 1000 a
0.3296 212000 1000 a
0.3304 213000 1000 a
0.3312 214000 1000 a
0.332 215000 1000 a
0.3328 216000 1000 a
0.3336 217000 1000 a
0.3344 218000 1000 a
0.3352 219000 1000 a
0.336 220000 1000 a
0.3368 221000 1000 a
0.3376 222000 1000 a
0.3384 223000 1000 a
0.3392 224000 1000 a
0.34 225000 1000 a
0.3408 226000 1000 a
0.341032 226290 1000 a
0.341832 226290 1000 s
0.342632 227290 1000 s
0.343432 228290 1000 s
0.344232 229290 1000 s
0.345032 230290 1000 s
0.345832 231290 1000 s
0.346632 232290 1000 s
0.347432 233290 1000 s
0.348232 234290 1000 s
0.349032 235290 1000 s
0.349832 236290 1000 s
0.350632 237290 1000 s
0.351432 238290 1000 s
0.352232 239290 1000 s
0.353032 240290 1000 s
0.353832 241290 1000 s
0.354632 242290 1000 s
0.355432 243290 1000 s
0.356232 244290 1000 s
0.357032 245290 1000 s
0.357832 246290 1000 s
0.358632 247290 1000 s
0.359432 248290 1000 s
0.360232 249290 1000 s
0.361032 250290 1000 s
0.361832 251290 1000 s
0.362632 252290 1000 s
0.363432 253290 1000 s
0.364232 254290 1000 s
0.365032 255290 1000 s
0.365832 256290 1000 s
0.366632 257290 1000 s
0.367432 258290 1000 s
0.368232 259290 1000 s
0.369032 260290 1000 s
0.369832 261290 1000 s
0.370632 262290 1000 s
0.371432 263290 1000 s
0.372232 264290 1000 s
0.373032 265290 1000 s
0.373832 266290 1000 s
0.374632 267290 1000 s
0.375432 268290 1000 s
0.376232 269290 1000 s
0.377032 270290 1000 s
0.377832 271290 1000 s
0.378632 272290 1000 s
0.379432 273290 1000 s
0.380232 274290 1000 s
0.381032 275290 1000 s
0.381832 276290 1000 s
0.382632 277290 1000 s
0.383432 278290 1000 s
0.384232 279290 1000 s
0.385032 280290 1000 s
0.385832 281290 1000 s
0.386632 282290 1000 s
0.387432 283290 1000 s
0.388232 284290 1000 s
0.389032 285290 1000 s
0.389832 286290 1000 s
0.390632 287290 1000 s
0.391432 288290 1000 s
0.392232 289290 1000 s
0.393032 290290 1000 s
0.393832 291290 1000 s
0.394632 292290 1000 s
0.395432 293290 1000 s
0.396232 294290 1000 s
0.397032 295290 1000 s
0.397832 296290 1000 s
0.398632 297290 1000 s
0.399432 298290 1000 s
0.400232 299290 1000 s
0.401032 300290 1000 s
0.401832 301290 1000 s
0.402632 302290 1000 s
0.403432 303290 1000 s
0.404232 304290 1000 s
0.405032 305290 1000 s
0.405832 306290 1000 s
0.406632 307290 1000 s
0.407432 308290 1000 s
0.408232 309290 1000 s
0.409032 310290 1000 s
0.409832 311290 1000 s
0.410632 312290 1000 s
0.411432 313290 1000 s
0.412232 314290 1000 s
0.413032 315290 1000 s
0.413832 316290 1000 s
0.414632 317290 1000 s
0.415432 318290 1000 s
0.416232 319290 1000 s
0.417032 320290 1000 s
0.417832 321290 1000 s
0.418632 322290 1000 s
0.419432 323290 1000 s
0.420232 324290 1000 s
0.421032 325290 1000 s
0.421832 326290 1000 s
0.361832 227290 1000 a
0.362632 228290 1000 a
0.363432 229290 1000 a
0.364232 230290 1000 a
0.365032 231290 1000 a
0.365832 232290 1000 a
0.366632 233290 1000 a
0.367432 234290 1000 a
0.368232 235290 1000 a
0.369032 236290 1000 a
0.369832 237290 1000 a
0.370632 238290 1000 a
0.371432 239290 1000 a
0.372232 240290 1000 a
0.373032 241290 1000 a
0.373832 242290 1000 a
0.374632 243290 1000 a
0.375432 244290 1000 a
0.376232 245290 1000 a
0.377032 246290 1000 a
0.377832 247290 1000 a
0.378632 248290 1000 a
0.379432 249290 1000 a
0.380232 250290 1000 a
0.381032 251290 1000 a
0.381832 252290 1000 a
0.382632 253290 1000 a
0.383432 254290 1000 a
0.384232 255290 1000 a
0.385032 256290 1000 a
0.385832 257290 1000 a
0.386632 258290 1000 a
0.387432 259290 1000 a
0.388232 260290 1000 a
0.389032 261290 1000 a
0.389832 262290 1000 a
0.390632 263290 1000 a
0.391432 264290 1000 a
0.392232 265290 1000 a
0.393032 266290 1000 a
0.393832 267290 1000 a
0.394632 268290 1000 a
0.395432 269290 1000 a
0.396232 270290 1000 a
0.397032 271290 1000 a
0.397832 272290 1000 a
0.398632 273290 1000 a
0.399432 274290 1000 a
0.400232 275290 1000 a
0.401032 276290 1000 a
0.401832 277290 1000 a
0.402632 278290 1000 a
0.403432 279290 1000 a
0.404232 280290 1000 a
0.405032 281290 1000 a
0.405832 282290 1000 a
0.406632 283290 1000 a
0.407432 284290 1000 a
0.408232 285290 1000 a
0.409032 286290 1000 a
0.409832 287290 1000 a
0.410632 288290 1000 a
0.411432 289290 1000 a
0.412232 290290 1000 a
0.413032 291290 1000 a
0.413832 292290 1000 a
0.414632 293290 1000 a
0.415432 294290 1000 a
0.416232 295290 1000 a
0.417032 296290 1000 a
0.417832 297290 1000 a
0.418632 298290 1000 a
0.419432 299290 1000 a
0.420232 300290 1000 a
0.421032 301290 1000 a
0.421832 302290 1000 a
0.422632 303290 1000 a
0.423432 304290 1000 a
0.424232 305290 1000 a
0.425032 306290 1000 a
0.425832 307290 1000 a
0.426632 308290 1000 a
0.427432 309290 1000 a
0.428232 310290 1000 a
0.429032 311290 1000 a
0.429832 312290 1000 a
0.430632 313290 1000 a
0.431432 314290 1000 a
0.432232 315290 1000 a
0.433032 316290 1000 a
0.433832 317290 1000 a
0.434632 318290 1000 a
0.435432 319290 1000 a
0.436232 320290 1000 a
0.437032 321290 1000 a
0.437832 322290 1000 a
0.438632 323290 1000 a
0.439432 324290 1000 a
0.440232 325290 1000 a
0.441032 326290 1000 a
0.441236 326545 1000 a
0.442036 326545 1000 s
0.442836 327545 1000 s
0.443636 328545 1000 s
0.444436 329545 1000 s
0.445236 330545 1000 s
0.446036 331545 1000 s
0.446836 332545 1000 s
0.447636 333545 1000 s
0.448436 334545 1000 s
0.449236 335545 1000 s
0.450036 336545 1000 s
0.450836 337545 1000 s
0.451636 338545 1000 s
0.452436 339545 1000 s
0.453236 340545 1000 s
0.454036 341545 1000 s
0.454836 342545 1000 s
0.455636 343545 1000 s
0.456436 344545 1000 s
0.457236 345545 1000 s
0.458036 346545 1000 s
0.458836 347545 1000 s
0.459636 348545 1000 s
0.460436 349545 1000 s
0.461236 350545 1000 s
0.462036 351545 1000 s
0.462836 352545 1000 s
0.463636 353545 1000 s
0.464436 354545 1000 s
0.465236 355545 1000 s
0.466036 356545 1000 s
0.466836 357545 1000 s
0.467636 358545 1000 s
0.468436 359545 1000 s
0.469236 360545 1000 s
0.470036 361545 1000 s
0.470836 362545 1000 s
0.471636 363545 1000 s
0.472436 364545 1000 s
0.473236 365545 1000 s
0.474036 366545 1000 s
0.474836 367545 1000 s
0.475636 368545 1000 s
0.476436 369545 1000 s
0.477236 370545 1000 s
0.478036 371545 1000 s
0.478836 372545 1000 s
0.479636 373545 1000 s
0.480436 374545 1000 s
0.481236 375545 1000 s
0.482036 376545 1000 s
0.482836 377545 1000 s
0.483636 378545 1000 s
0.484436 379545 1000 s
0.485236 380545 1000 s
0.486036 381545 1000 s
0.486836 382545 1000 s
0.487636 383545 1000 s
0.488436 384545 1000 s
0.489236 385545 1000 s
0.490036 386545 1000 s
0.490836 387545 1000 s
0.491636 388545 1000 s
0.492436 389545 1000 s
0.493236 390545 1000 s
0.494036 391545 1000 s
0.494836 392545 1000 s
0.495636 393545 1000 s
0.496436 394545 1000 s
0.497236 395545 1000 s
0.498036 396545 1000 s
0.498836 397545 1000 s
0.499636 398545 1000 s
0.500436 399545 1000 s
0.501236 400545 1000 s
0.502036 401545 1000 s
0.502836 402545 1000 s
0.503636 403545 1000 s
0.504436 404545 1000 s
0.505236 405545 1000 s
0.506036 406545 1000 s
0.506836 407545 1000 s
0.507636 408545 1000 s
0.508436 409545 1000 s
0.509236 410545 1000 s
0.510036 411545 1000 s
0.510836 412545 1000 s
0.511636 413545 1000 s
0.512436 414545 1000 s
0.513236 415545 1000 s
0.514036 416545 1000 s
0.514836 417545 1000 s
0.515636 418545 1000 s
0.516436 419545 1000 s
0.517236 420545 1000 s
0.518036 421545 1000 s
0.518836 422545 1000 s
0.519636 423545 1000 s
0.520436 424545 1000 s
0.521236 425545 1000 s
0.522036 426545 1000 s
0.522836 427545 1000 s
0.462036 327545 1000 a
0.462836 328545 1000 a
0.463636 329545 1000 a
0.464436 330545 1000 a
0.465236 331545 1000 a
0.466036 332545 1000 a
0.466836 333545 1000 a
0.467636 334545 1000 a
0.468436 335545 1000 a
0.469236 336545 1000 a
0.470036 337545 1000 a
0.470836 338545 1000 a
0.471636 339545 1000 a
0.472436 340545 1000 a
0.473236 341545 1000 a
0.474036 342545 1000 a
0.474836 343545 1000 a
0.475636 344545 1000 a
0.476436 345545 1000 a
0.477236 346545 1000 a
0.478036 347545 1000 a
0.478836 348545 1000 a
0.479636 349545 1000 a
0.480436 350545 1000 a
0.481236 351545 1000 a
0.482036 352545 1000 a
0.482836 353545 1000 a
0.483636 354545 1000 a
0.484436 355545 1000 a
0.485236 356545 1000 a
0.486036 357545 1000 a
0.486836 358545 1000 a
0.487636 359545 1000 a
0.488436 360545 1000 a
0.489236 361545 1000 a
0.490036 362545 1000 a
0.490836 363545 1000 a
0.491636 364545 1000 a
0.492436 365545 1000 a
0.493236 366545 1000 a
0.494036 367545 1000 a
0.494836 368545 1000 a
0.495636 369545 1000 a
0.496436 370545 1000 a
0.497236 371545 1000 a
0.498036 372545 1000 a
0.498836 373545 1000 a
0.499636 374545 1000 a
0.500436 375545 1000 a
0.501236 376545 1000 a
0.502036 377545 1000 a
0.502836 378545 1000 a
0.503636 379545 1000 a
0.504436 380545 1000 a
0.505236 381545 1000 a
0.506036 382545 1000 a
0.506836 383545 1000 a
0.507636 384545 1000 a
0.508436 385545 1000 a
0.509236 386545 1000 a
0.510036 387545 1000 a
0.510836 388545 1000 a
0.511636 389545 1000 a
0.512436 390545 1000 a
0.513236 391545 1000 a
0.514036 392545 1000 a
0.514836 393545 1000 a
0.515636 394545 1000 a
0.516436 395545 1000 a
0.517236 396545 1000 a
0.518036 397545 1000 a
0.518836 398545 1000 a
0.519636 399545 1000 a
0.520436 400545 1000 a
0.521236 401545 1000 a
0.522036 402545 1000 a
0.522836 403545 1000 a
0.523636 404545 1000 a
0.524436 405545 1000 a
0.525236 406545 1000 a
0.526036 407545 1000 a
0.526836 408545 1000 a
0.527636 409545 1000 a
0.528436 410545 1000 a
0.529236 411545 1000 a
0.530036 412545 1000 a
0.530836 413545 1000 a
0.531636 414545 1000 a
0.532436 415545 1000 a
0.533236 416545 1000 a
0.534036 417545 1000 a
0.534836 418545 1000 a
0.535636 419545 1000 a
0.536436 420545 1000 a
0.537236 421545 1000 a
0.538036 422545 1000 a
0.538836 423545 1000 a
0.539636 424545 1000 a
0.540436 425545 1000 a
0.541236 426545 1000 a
0.542036 427545 1000 a
0.5421616 427702 1000 a
0.5429616 427702 1000 s
0.5437616 428702 1000 s
0.5445616 429702 1000 s
0.5453616 430702 1000 s
0.5461616 431702 1000 s
0.5469616 432702 1000 s
0.5477616 433702 1000 s
0.5485616 434702 1000 s
0.5493616 435702 1000 s
0.5501616 436702 1000 s
0.5509616 437702 1000 s
0.5517616 438702 1000 s
0.5525616 439702 1000 s
0.5533616 440702 1000 s
0.5541616 441702 1000 s
0.5549616 442702 1000 s
0.5557616 443702 1000 s
0.5565616 444702 1000 s
0.5573616 445702 1000 s
0.5581616 446702 1000 s
0.5589616 447702 1000 s
0.5597616 448702 1000 s
0.5605616 449702 1000 s
0.5613616 450702 1000 s
0.5621616 451702 1000 s
0.5629616 452702 1000 s
0.5637616 453702 1000 s
0.5645616 454702 1000 s
0.5653616 455702 1000 s
0.5661616 456702 1000 s
0.5669616 457702 1000 s
0.5677616 458702 1000 s
0.5685616 459702 1000 s
0.5693616 460702 1000 s
0.5701616 461702 1000 s
0.5709616 462702 1000 s
0.5717616 463702 1000 s
0.5725616 464702 1000 s
0.5733616 465702 1000 s
0.5741616 466702 1000 s
0.5749616 467702 1000 s
0.5757616 468702 1000 s
0.5765616 469702 1000 s
0.5773616 470702 1000 s
0.5781616 471702 1000 s
0.5789616 472702 1000 s
0.5797616 473702 1000 s
0.5805616 474702 1000 s
0.5813616 475702 1000 s
0.5821616 476702 1000 s
0.5829616 477702 1000 s
0.5837616 478702 1000 s
0.5845616 479702 1000 s
0.5853616 480702 1000 s
0.5861616 481702 1000 s
0.5869616 482702 1000 s
0.5877616 483702 1000 s
0.5885616 484702 1000 s
0.5893616 485702 1000 s
0.5901616 486702 1000 s
0.5909616 487702 1000 s
0.5917616 488702 1000 s
0.5925616 489702 1000 s
0.5933616 490702 1000 s
0.5941616 491702 1000 s
0.5949616 492702 1000 s
0.5957616 493702 1000 s
0.5965616 494702 1000 s
0.5973616 495702 1000 s
0.5981616 496702 1000 s
0.5989616 497702 1000 s
0.5997616 498702 1000 s
0.6005616 499702 1000 s
0.6013616 500702 1000 s
0.6021616 501702 1000 s
0.6029616 502702 1000 s
0.6037616 503702 1000 s
0.6045616 504702 1000 s
0.6053616 505702 1000 s
0.6061616 506702 1000 s
0.6069616 507702 1000 s
0.6077616 508702 1000 s
0.6085616 509702 1000 s
0.6093616 510702 1000 s
0.6101616 511702 1000 s
0.6109616 512702 1000 s
0.6117616 513702 1000 s
0.6125616 514702 1000 s
0.6133616 515702 1000 s
0.6141616 516702 1000 s
0.6149616 517702 1000 s
0.6157616 518702 1000 s
0.6165616 519702 1000 s
0.6173616 520702 1000 s
0.6181616 521702 1000 s
0.6189616 522702 1000 s
0.6197616 523702 1000 s
0.6205616 524702 1000 s
0.6213616 525702 1000 s
0.6221616 526702 1000 s
0.6229616 527702 1000 s
0.6237616 528702 1000 s
0.6245616 529702 1000 s
0.5629616 428702 1000 a
0.5637616 429702 1000 a
0.5645616 430702 1000 a
0.5653616 431702 1000 a
0.5661616 432702 1000 a
0.5669616 433702 1000 a
0.5677616 434702 1000 a
0.5685616 435702 1000 a
0.5693616 436702 1000 a
0.5701616 437702 1000 a
0.5709616 438702 1000 a
0.5717616 439702 1000 a
0.5725616 440702 1000 a
0.5733616 441702 1000 a
0.5741616 442702 1000 a
0.5749616 443702 1000 a
0.5757616 444702 1000 a
0.5765616 445702 1000 a
0.5773616 446702 1000 a
0.5781616 447702 1000 a
0.5789616 448702 1000 a
0.5797616 449702 1000 a
0.5805616 450702 1000 a
0.5813616 451702 1000 a
0.5821616 452702 1000 a
0.5829616 453702 1000 a
0.5837616 454702 1000 a
0.5845616 455702 1000 a
0.5853616 456702 1000 a
0.5861616 457702 1000 a
0.5869616 458702 1000 a
0.5877616 459702 1000 a
0.5885616 460702 1000 a
0.5893616 461702 1000 a
0.5901616 462702 1000 a
0.5909616 463702 1000 a
0.5917616 464702 1000 a
0.5925616 465702 1000 a
0.5933616 466702 1000 a
0.5941616 467702 1000 a
0.5949616 468702 1000 a
0.5957616 469702 1000 a
0.5965616 470702 1000 a
0.5973616 471702 1000 a
0.5981616 472702 1000 a
0.5989616 473702 1000 a
0.5997616 474702 1000 a
0.6005616 475702 1000 a
0.6013616 476702 1000 a
0.6021616 477702 1000 a
0.6029616 478702 1000 a
0.6037616 479702 1000 a
0.6045616 480702 1000 a
0.6053616 481702 1000 a
0.6061616 482702 1000 a
0.6069616 483702 1000 a
0.6077616 484702 1000 a
0.6085616 485702 1000 a
0.6093616 486702 1000 a
0.6101616 487702 1000 a
0.6109616 488702 1000 a
0.6117616 489702 1000 a
0.6125616 490702 1000 a
0.6133616 491702 1000 a
0.6141616 492702 1000 a
0.6149616 493702 1000 a
0.6157616 494702 1000 a
0.6165616 495702 1000 a
0.6173616 496702 1000 a
0.6181616 497702 1000 a
0.6189616 498702 1000 a
0.6197616 499702 1000 a
0.6205616 500702 1000 a
0.6213616 501702 1000 a
0.6221616 502702 1000 a
0.6229616 503702 1000 a
0.6237616 504702 1000 a
0.6245616 505702 1000 a
0.6253616 506702 1000 a
0.6261616 507702 1000 a
0.6269616 508702 1000 a
0.6277616 509702 1000 a
0.6285616 510702 1000 a
0.6293616 511702 1000 a
0.6301616 512702 1000 a
0.6309616 513702 1000 a
0.6317616 514702 1000 a
0.6325616 515702 1000 a
0.6333616 516702 1000 a
0.6341616 517702 1000 a
0.6349616 518702 1000 a
0.6357616 519702 1000 a
0.6365616 520702 1000 a
0.6373616 521702 1000 a
0.6381616 522702 1000 a
0.6389616 523702 1000 a
0.6397616 524702 1000 a
0.6405616 525702 1000 a
0.6413616 526702 1000 a
0.6421616 527702 1000 a
0.6429616 528702 1000 a
0.6437616 529702 1000 a
0.6438152 529769 1000 a
0.6446152 529769 1000 s
0.6454152 530769 1000 s
0.6462152 531769 1000 s
0.6470152 532769 1000 s
0.6478152 533769 1000 s
0.6486152 534769 1000 s
0.6494152 535769 1000 s
0.6502152 536769 1000 s
0.6510152 537769 1000 s
0.6518152 538769 1000 s
0.6526152 539769 1000 s
0.6534152 540769 1000 s
0.6542152 541769 1000 s
0.6550152 542769 1000 s
0.6558152 543769 1000 s
0.6566152 544769 1000 s
0.6574152 545769 1000 s
0.6582152 546769 1000 s
0.6590152 547769 1000 s
0.6598152 548769 1000 s
0.6606152 549769 1000 s
0.6614152 550769 1000 s
0.6622152 551769 1000 s
0.6630152 552769 1000 s
0.6638152 553769 1000 s
0.6646152 554769 1000 s
0.6654152 555769 1000 s
0.6662152 556769 1000 s
0.6670152 557769 1000 s
0.6678152 558769 1000 s
0.6686152 559769 1000 s
0.6694152 560769 1000 s
0.6702152 561769 1000 s
0.6710152 562769 1000 s
0.6718152 563769 1000 s
0.6726152 564769 1000 s
0.6734152 565769 1000 s
0.6742152 566769 1000 s
0.6750152 567769 1000 s
0.6758152 568769 1000 s
0.6766152 569769 1000 s
0.6774152 570769 1000 s
0.6782152 571769 1000 s
0.6790152 572769 1000 s
0.6798152 573769 1000 s
0.6806152 574769 1000 s
0.6814152 575769 1000 s
0.6822152 576769 1000 s
0.6830152 577769 1000 s
0.6838152 578769 1000 s
0.6846152 579769 1000 s
0.6854152 580769 1000 s
0.6862152 581769 1000 s
0.6870152 582769 1000 s
0.6878152 583769 1000 s
0.6886152 584769 1000 s
0.6894152 585769 1000 s
0.6902152 586769 1000 s
0.6910152 587769 1000 s
0.6918152 588769 1000 s
0.6926152 589769 1000 s
0.6934152 590769 1000 s
0.6942152 591769 1000 s
0.6950152 592769 1000 s
0.6958152 593769 1000 s
0.6966152 594769 1000 s
0.6974152 595769 1000 s
0.6982152 596769 1000 s
0.6990152 597769 1000 s
0.6998152 598769 1000 s
0.7006152 599769 1000 s
0.7014152 600769 1000 s
0.7022152 601769 1000 s
0.7030152 602769 1000 s
0.7038152 603769 1000 s
0.7046152 604769 1000 s
0.7054152 605769 1000 s
0.7062152 606769 1000 s
0.7070152 607769 1000 s
0.7078152 608769 1000 s
0.7086152 609769 1000 s
0.7094152 610769 1000 s
0.7102152 611769 1000 s
0.7110152 612769 1000 s
0.7118152 613769 1000 s
0.7126152 614769 1000 s
0.7134152 615769 1000 s
0.7142152 616769 1000 s
0.7150152 617769 1000 s
0.7158152 618769 1000 s
0.7166152 619769 1000 s
0.7174152 620769 1000 s
0.7182152 621769 1000 s
0.7190152 622769 1000 s
0.7198152 623769 1000 s
0.7206152 624769 1000 s
0.7214152 625769 1000 s
0.7222152 626769 1000 s
0.7230152 627769 1000 s
0.7238152 628769 1000 s
0.7246152 629769 1000 s
0.7254152 630769 1000 s
0.7262152 631769 1000 s
0.6646152 530769 1000 a
0.6654152 531769 1000 a
0.6662152 532769 1000 a
0.6670152 533769 1000 a
0.6678152 534769 1000 a
0.6686152 535769 1000 a
0.6694152 536769 1000 a
0.6702152 537769 1000 a
0.6710152 538769 1000 a
0.6718152 539769 1000 a
0.6726152 540769 1000 a
0.6734152 541769 1000 a
0.6742152 542769 1000 a
0.6750152 543769 1000 a
0.6758152 544769 1000 a
0.6766152 545769 1000 a
0.6774152 546769 1000 a
0.6782152 547769 1000 a
0.6790152 548769 1000 a
0.6798152 549769 1000 a
0.6806152 550769 1000 a
0.6814152 551769 1000 a
0.6822152 552769 1000 a
0.6830152 553769 1000 a
0.6838152 554769 1000 a
0.6846152 555769 1000 a
0.6854152 556769 1000 a
0.6862152 557769 1000 a
0.6870152 558769 1000 a
0.6878152 559769 1000 a
0.6886152 560769 1000 a
0.6894152 561769 1000 a
0.6902152 562769 1000 a
0.6910152 563769 1000 a
0.6918152 564769 1000 a
0.6926152 565769 1000 a
0.6934152 566769 1000 a
0.6942152 567769 1000 a
0.6950152 568769 1000 a
0.6958152 569769 1000 a
0.6966152 570769 1000 a
0.6974152 571769 1000 a
0.6982152 572769 1000 a
0.6990152 573769 1000 a
0.6998152 574769 1000 a
0.7006152 575769 1000 a
0.7014152 576769 1000 a
0.7022152 577769 1000 a
0.7030152 578769 1000 a
0.7038152 579769 1000 a
0.7046152 580769 1000 a
0.7054152 581769 1000 a
0.7062152 582769 1000 a
0.7070152 583769 1000 a
0.7078152 584769 1000 a
0.7086152 585769 1000 a
0.7094152 586769 1000 a
0.7102152 587769 1000 a
0.7110152 588769 1000 a
0.7118152 589769 1000 a
0.7126152 590769 1000 a
0.7134152 591769 1000 a
0.7142152 592769 1000 a
0.7150152 593769 1000 a
0.7158152 594769 1000 a
0.7166152 595769 1000 a
0.7174152 596769 1000 a
0.7182152 597769 1000 a
0.7190152 598769 1000 a
0.7198152 599769 1000 a
0.7206152 600769 1000 a
0.7214152 601769 1000 a
0.7222152 602769 1000 a
0.7230152 603769 1000 a
0.7238152 604769 1000 a
0.7246152 605769 1000 a
0.7254152 606769 1000 a
0.7262152 607769 1000 a
0.7270152 608769 1000 a
0.7278152 609769 1000 a
0.7286152 610769 1000 a
0.7294152 611769 1000 a
0.7302152 612769 1000 a
0.7310152 613769 1000 a
0.7318152 614769 1000 a
0.7326152 615769 1000 a
0.7334152 616769 1000 a
0.7342152 617769 1000 a
0.7350152 618769 1000 a
0.7358152 619769 1000 a
0.7366152 620769 1000 a
0.7374152 621769 1000 a
0.7382152 622769 1000 a
0.7390152 623769 1000 a
0.7398152 624769 1000 a
0.7406152 625769 1000 a
0.7414152 626769 1000 a
0.7422152 627769 1000 a
0.7430152 628769 1000 a
0.7438152 629769 1000 a
0.7446152 630769 1000 a
0.7454152 631769 1000 a
0.7462032 632754 1000 a
0.7470032 632754 1000 s
0.7478032 633754 1000 s
0.7486032 634754 1000 s
0.7494032 635754 1000 s
0.7502032 636754 1000 s
0.7510032 637754 1000 s
0.7518032 638754 1000 s
0.7526032 639754 1000 s
0.7534032 640754 1000 s
0.7542032 641754 1000 s
0.7550032 642754 1000 s
0.7558032 643754 1000 s
0.7566032 644754 1000 s
0.7574032 645754 1000 s
0.7582032 646754 1000 s
0.7590032 647754 1000 s
0.7598032 648754 1000 s
0.7606032 649754 1000 s
0.7614032 650754 1000 s
0.7622032 651754 1000 s
0.7630032 652754 1000 s
0.7638032 653754 1000 s
0.7646032 654754 1000 s
0.7654032 655754 1000 s
0.7662032 656754 1000 s
0.7670032 657754 1000 s
0.7678032 658754 1000 s
0.7686032 659754 1000 s
0.7694032 660754 1000 s
0.7702032 661754 1000 s
0.7710032 662754 1000 s
0.7718032 663754 1000 s
0.7726032 664754 1000 s
0.7734032 665754 1000 s
0.7742032 666754 1000 s
0.7750032 667754 1000 s
0.7758032 668754 1000 s
0.7766032 669754 1000 s
0.7774032 670754 1000 s
0.7782032 671754 1000 s
0.7790032 672754 1000 s
0.7798032 673754 1000 s
0.7806032 674754 1000 s
0.7814032 675754 1000 s
0.7822032 676754 1000 s
0.7830032 677754 1000 s
0.7838032 678754 1000 s
0.7846032 679754 1000 s
0.7854032 680754 1000 s
0.7862032 681754 1000 s
0.7870032 682754 1000 s
0.7878032 683754 1000 s
0.7886032 684754 1000 s
0.7894032 685754 1000 s
0.7902032 686754 1000 s
0.7910032 687754 1000 s
0.7918032 688754 1000 s
0.7926032 689754 1000 s
0.7934032 690754 1000 s
0.7942032 691754 1000 s
0.7950032 692754 1000 s
0.7958032 693754 1000 s
0.7966032 694754 1000 s
0.7974032 695754 1000 s
0.7982032 696754 1000 s
0.7990032 697754 1000 s
0.7998032 698754 1000 s
0.8006032 699754 1000 s
0.8014032 700754 1000 s
0.8022032 701754 1000 s
0.8030032 702754 1000 s
0.8038032 703754 1000 s
0.8046032 704754 1000 s
0.8054032 705754 1000 s
0.8062032 706754 1000 s
0.8070032 707754 1000 s
0.8078032 708754 1000 s
0.8086032 709754 1000 s
0.8094032 710754 1000 s
0.8102032 711754 1000 s
0.8110032 712754 1000 s
0.8118032 713754 1000 s
0.8126032 714754 1000 s
0.8134032 715754 1000 s
0.8142032 716754 1000 s
0.8150032 717754 1000 s
0.8158032 718754 1000 s
0.8166032 719754 1000 s
0.8174032 720754 1000 s
0.8182032 721754 1000 s
0.8190032 722754 1000 s
0.8198032 723754 1000 s
0.8206032 724754 1000 s
0.8214032 725754 1000 s
0.8222032 726754 1000 s
0.8230032 727754 1000 s
0.8238032 728754 1000 s
0.8246032 729754 1000 s
0.8254032 730754 1000 s
0.8262032 731754 1000 s
0.8270032 732754 1000 s
0.8278032 733754 1000 s
0.8286032 734754 1000 s
0.8294032 735754 1000 s
0.7670032 633754 1000 a
0.7678032 634754 1000 a
0.7686032 635754 1000 a
0.7694032 636754 1000 a
0.7702032 637754 1000 a
0.7710032 638754 1000 a
0.7718032 639754 1000 a
0.7726032 640754 1000 a
0.7734032 641754 1000 a
0.7742032 642754 1000 a
0.7750032 643754 1000 a
0.7758032 644754 1000 a
0.7766032 645754 1000 a
0.7774032 646754 1000 a
0.7782032 647754 1000 a
0.7790032 648754 1000 a
0.7798032 649754 1000 a
0.7806032 650754 1000 a
0.7814032 651754 1000 a
0.7822032 652754 1000 a
0.7830032 653754 1000 a
0.7838032 654754 1000 a
0.7846032 655754 1000 a
0.7854032 656754 1000 a
0.7862032 657754 1000 a
0.7870032 658754 1000 a
0.7878032 659754 1000 a
0.7886032 660754 1000 a
0.7894032 661754 1000 a
0.7902032 662754 1000 a
0.7910032 663754 1000 a
0.7918032 664754 1000 a
0.7926032 665754 1000 a
0.7934032 666754 1000 a
0.7942032 667754 1000 a
0.7950032 668754 1000 a
0.7958032 669754 1000 a
0.7966032 670754 1000 a
0.7974032 671754 1000 a
0.7982032 672754 1000 a
0.7990032 673754 1000 a
0.7998032 674754 1000 a
0.8006032 675754 1000 a
0.8014032 676754 1000 a
0.8022032 677754 1000 a
0.8030032 678754 1000 a
0.8038032 679754 1000 a
0.8046032 680754 1000 a
0.8054032 681754 1000 a
0.8062032 682754 1000 a
0.8070032 683754 1000 a
0.8078032 684754 1000 a
0.8086032 685754 1000 a
0.8094032 686754 1000 a
0.8102032 687754 1000 a
0.8110032 688754 1000 a
0.8118032 689754 1000 a
0.8126032 690754 1000 a
0.8134032 691754 1000 a
0.8142032 692754 1000 a
0.8150032 693754 1000 a
0.8158032 694754 1000 a
0.8166032 695754 1000 a
0.8174032 696754 1000 a
0.8182032 697754 1000 a
0.8190032 698754 1000 a
0.8198032 699754 1000 a
0.8206032 700754 1000 a
0.8214032 701754 1000 a
0.8222032 702754 1000 a
0.8230032 703754 1000 a
0.8238032 704754 1000 a
0.8246032 705754 1000 a
0.8254032 706754 1000 a
0.8262032 707754 1000 a
0.8270032 708754 1000 a
0.8278032 709754 1000 a
0.8286032 710754 1000 a
0.8294032 711754 1000 a
0.8302032 712754 1000 a
0.8310032 713754 1000 a
0.8318032 714754 1000 a
0.8326032 715754 1000 a
0.8334032 716754 1000 a
0.8342032 717754 1000 a
0.8350032 718754 1000 a
0.8358032 719754 1000 a
0.8366032 720754 1000 a
0.8374032 721754 1000 a
0.8382032 722754 1000 a
0.8390032 723754 1000 a
0.8398032 724754 1000 a
0.8406032 725754 1000 a
0.8414032 726754 1000 a
0.8422032 727754 1000 a
0.8430032 728754 1000 a
0.8438032 729754 1000 a
0.8446032 730754 1000 a
0.8454032 731754 1000 a
0.8462032 732754 1000 a
0.8470032 733754 1000 a
0.8478032 734754 1000 a
0.8486032 735754 1000 a
0.8493328 736666 1000 a
0.8501328 736666 1000 s
0.8509328 737666 1000 s
0.8517328 738666 1000 s
0.8525328 739666 1000 s
0.8533328 740666 1000 s
0.8541328 741666 1000 s
0.8549328 742666 1000 s
0.8557328 743666 1000 s
0.8565328 744666 1000 s
0.8573328 745666 1000 s
0.8581328 746666 1000 s
0.8589328 747666 1000 s
0.8597328 748666 1000 s
0.8605328 749666 1000 s
0.8613328 750666 1000 s
0.8621328 751666 1000 s
0.8629328 752666 1000 s
0.8637328 753666 1000 s
0.8645328 754666 1000 s
0.8653328 755666 1000 s
0.8661328 756666 1000 s
0.8669328 757666 1000 s
0.8677328 758666 1000 s
0.8685328 759666 1000 s
0.8693328 760666 1000 s
0.8701328 761666 1000 s
0.8709328 762666 1000 s
0.8717328 763666 1000 s
0.8725328 764666 1000 s
0.8733328 765666 1000 s
0.8741328 766666 1000 s
0.8749328 767666 1000 s
0.8757328 768666 1000 s
0.8765328 769666 1000 s
0.8773328 770666 1000 s
0.8781328 771666 1000 s
0.8789328 772666 1000 s
0.8797328 773666 1000 s
0.8805328 774666 1000 s
0.8813328 775666 1000 s
0.8821328 776666 1000 s
0.8829328 777666 1000 s
0.8837328 778666 1000 s
0.8845328 779666 1000 s
0.8853328 780666 1000 s
0.8861328 781666 1000 s
0.8869328 782666 1000 s
0.8877328 783666 1000 s
0.8885328 784666 1000 s
0.8893328 785666 1000 s
0.8901328 786666 1000 s
0.8909328 787666 1000 s
0.8917328 788666 1000 s
0.8925328 789666 1000 s
0.8933328 790666 1000 s
0.8941328 791666 1000 s
0.8949328 792666 1000 s
0.8957328 793666 1000 s
0.8965328 794666 1000 s
0.8973328 795666 1000 s
0.8981328 796666 1000 s
0.8989328 797666 1000 s
0.8997328 798666 1000 s
0.9005328 799666 1000 s
0.9013328 800666 1000 s
0.9021328 801666 1000 s
0.9029328 802666 1000 s
0.9037328 803666 1000 s
0.9045328 804666 1000 s
0.9053328 805666 1000 s
0.9061328 806666 1000 s
0.9069328 807666 1000 s
0.9077328 808666 1000 s
0.9085328 809666 1000 s
0.9093328 810666 1000 s
0.9101328 811666 1000 s
0.9109328 812666 1000 s
0.9117328 813666 1000 s
0.9125328 814666 1000 s
0.9133328 815666 1000 s
0.9141328 816666 1000 s
0.9149328 817666 1000 s
0.9157328 818666 1000 s
0.9165328 819666 1000 s
0.9173328 820666 1000 s
0.9181328 821666 1000 s
0.9189328 822666 1000 s
0.9197328 823666 1000 s
0.9205328 824666 1000 s
0.9213328 825666 1000 s
0.9221328 826666 1000 s
0.9229328 827666 1000 s
0.9237328 828666 1000 s
0.9245328 829666 1000 s
0.9253328 830666 1000 s
0.9261328 831666 1000 s
0.9269328 832666 1000 s
0.9277328 833666 1000 s
0.9285328 834666 1000 s
0.9293328 835666 1000 s
0.9301328 836666 1000 s
0.9309328 837666 1000 s
0.9317328 838666 1000 s
0.9325328 839666 1000 s
0.9333328 840666 1000 s
0.8701328 737666 1000 a
0.8709328 738666 1000 a
0.8717328 739666 1000 a
0.8725328 740666 1000 a
0.8733328 741666 1000 a
0.8741328 742666 1000 a
0.8749328 743666 1000 a
0.8757328 744666 1000 a
0.8765328 745666 1000 a
0.8773328 746666 1000 a
0.8781328 747666 1000 a
0.8789328 748666 1000 a
0.8797328 749666 1000 a
0.8805328 750666 1000 a
0.8813328 751666 1000 a
0.8821328 752666 1000 a
0.8829328 753666 1000 a
0.8837328 754666 1000 a
0.8845328 755666 1000 a
0.8853328 756666 1000 a
0.8861328 757666 1000 a
0.8869328 758666 1000 a
0.8877328 759666 1000 a
0.8885328 760666 1000 a
0.8893328 761666 1000 a
0.8901328 762666 1000 a
0.8909328 763666 1000 a
0.8917328 764666 1000 a
0.8925328 765666 1000 a
0.8933328 766666 1000 a
0.8941328 767666 1000 a
0.8949328 768666 1000 a
0.8957328 769666 1000 a
0.8965328 770666 1000 a
0.8973328 771666 1000 a
0.8981328 772666 1000 a
0.8989328 773666 1000 a
0.8997328 774666 1000 a
0.9005328 775666 1000 a
0.9013328 776666 1000 a
0.9021328 777666 1000 a
0.9029328 778666 1000 a
0.9037328 779666 1000 a
0.9045328 780666 1000 a
0.9053328 781666 1000 a
0.9061328 782666 1000 a
0.9069328 783666 1000 a
0.9077328 784666 1000 a
0.9085328 785666 1000 a
0.9093328 786666 1000 a
0.9101328 787666 1000 a
0.9109328 788666 1000 a
0.9117328 789666 1000 a
0.9125328 790666 1000 a
0.9133328 791666 1000 a
0.9141328 792666 1000 a
0.9149328 793666 1000 a
0.9157328 794666 1000 a
0.9165328 795666 1000 a
0.9173328 796666 1000 a
0.9181328 797666 1000 a
0.9189328 798666 1000 a
0.9197328 799666 1000 a
0.9205328 800666 1000 a
0.9213328 801666 1000 a
0.9221328 802666 1000 a
0.9229328 803666 1000 a
0.9237328 804666 1000 a
0.9245328 805666 1000 a
0.9253328 806666 1000 a
0.9261328 807666 1000 a
0.9269328 808666 1000 a
0.9277328 809666 1000 a
0.9285328 810666 1000 a
0.9293328 811666 1000 a
0.9301328 812666 1000 a
0.9309328 813666 1000 a
0.9317328 814666 1000 a
0.9325328 815666 1000 a
0.9333328 816666 1000 a
0.9341328 817666 1000 a
0.9349328 818666 1000 a
0.9357328 819666 1000 a
0.9365328 820666 1000 a
0.9373328 821666 1000 a
0.9381328 822666 1000 a
0.9389328 823666 1000 a
0.9397328 824666 1000 a
0.9405328 825666 1000 a
0.9413328 826666 1000 a
0.9421328 827666 1000 a
0.9429328 828666 1000 a
0.9437328 829666 1000 a
0.9445328 830666 1000 a
0.9453328 831666 1000 a
0.9461328 832666 1000 a
0.9469328 833666 1000 a
0.9477328 834666 1000 a
0.9485328 835666 1000 a
0.9493328 836666 1000 a
0.9501328 837666 1000 a
0.9509328 838666 1000 a
0.9517328 839666 1000 a
0.9525328 840666 1000 a
0.9532104 841513 1000 a
0.9540104 841513 1000 s
0.9548104 842513 1000 s
0.9556104 843513 1000 s
0.9564104 844513 1000 s
0.9572104 845513 1000 s
0.9580104 846513 1000 s
0.9588104 847513 1000 s
0.9596104 848513 1000 s
0.9604104 849513 1000 s
0.9612104 850513 1000 s
0.9620104 851513 1000 s
0.9628104 852513 1000 s
0.9636104 853513 1000 s
0.9644104 854513 1000 s
0.9652104 855513 1000 s
0.9660104 856513 1000 s
0.9668104 857513 1000 s
0.9676104 858513 1000 s
0.9684104 859513 1000 s
0.9692104 860513 1000 s
0.9700104 861513 1000 s
0.9708104 862513 1000 s
0.9716104 863513 1000 s
0.9724104 864513 1000 s
0.9732104 865513 1000 s
0.9740104 866513 1000 s
0.9748104 867513 1000 s
0.9756104 868513 1000 s
0.9764104 869513 1000 s
0.9772104 870513 1000 s
0.9780104 871513 1000 s
0.9788104 872513 1000 s
0.9796104 873513 1000 s
0.9804104 874513 1000 s
0.9812104 875513 1000 s
0.9820104 876513 1000 s
0.9828104 877513 1000 s
0.9836104 878513 1000 s
0.9844104 879513 1000 s
0.9852104 880513 1000 s
0.9860104 881513 1000 s
0.9868104 882513 1000 s
0.9876104 883513 1000 s
0.9884104 884513 1000 s
0.9892104 885513 1000 s
0.9900104 886513 1000 s
0.9908104 887513 1000 s
0.9916104 888513 1000 s
0.9924104 889513 1000 s
0.9932104 890513 1000 s
0.9940104 891513 1000 s
0.9948104 892513 1000 s
0.9956104 893513 1000 s
0.9964104 894513 1000 s
0.9972104 895513 1000 s
0.9980104 896513 1000 s
0.9988104 897513 1000 s
0.9996104 898513 1000 s
1.0004104 899513 1000 s
1.0012104 900513 1000 s
1.0020104 901513 1000 s
1.0028104 902513 1000 s
1.0036104 903513 1000 s
1.0044104 904513 1000 s
1.0052104 905513 1000 s
1.0060104 906513 1000 s
1.0068104 907513 1000 s
1.0076104 908513 1000 s
1.0084104 909513 1000 s
1.0092104 910513 1000 s
1.0100104 911513 1000 s
1.0108104 912513 1000 s
1.0116104 913513 1000 s
1.0124104 914513 1000 s
1.0132104 915513 1000 s
1.0140104 916513 1000 s
1.0148104 917513 1000 s
1.0156104 918513 1000 s
1.0164104 919513 1000 s
1.0172104 920513 1000 s
1.0180104 921513 1000 s
1.0188104 922513 1000 s
1.0196104 923513 1000 s
1.0204104 924513 1000 s
1.0212104 925513 1000 s
1.0220104 926513 1000 s
1.0228104 927513 1000 s
1.0236104 928513 1000 s
1.0244104 929513 1000 s
1.0252104 930513 1000 s
1.0260104 931513 1000 s
1.0268104 932513 1000 s
1.0276104 933513 1000 s
1.0284104 934513 1000 s
1.0292104 935513 1000 s
1.0300104 936513 1000 s
1.0308104 937513 1000 s
1.0316104 938513 1000 s
1.0324104 939513 1000 s
1.0332104 940513 1000 s
1.0340104 941513 1000 s
1.0348104 942513 1000 s
1.0356104 943513 1000 s
1.0364104 944513 1000 s
1.0372104 945513 1000 s
1.0380104 946513 1000 s
0.9740104 842513 1000 a
0.9748104 843513 1000 a
0.9756104 844513 1000 a
0.9764104 845513 1000 a
0.9772104 846513 1000 a
0.9780104 847513 1000 a
0.9788104 848513 1000 a
0.9796104 849513 1000 a
0.9804104 850513 1000 a
0.9812104 851513 1000 a
0.9820104 852513 1000 a
0.9828104 853513 1000 a
0.9836104 854513 1000 a
0.9844104 855513 1000 a
0.9852104 856513 1000 a
0.9860104 857513 1000 a
0.9868104 858513 1000 a
0.9876104 859513 1000 a
0.9884104 860513 1000 a
0.9892104 861513 1000 a
0.9900104 862513 1000 a
0.9908104 863513 1000 a
0.9916104 864513 1000 a
0.9924104 865513 1000 a
0.9932104 866513 1000 a
0.9940104 867513 1000 a
0.9948104 868513 1000 a
0.9956104 869513 1000 a
0.9964104 870513 1000 a
0.9972104 871513 1000 a
0.9980104 872513 1000 a
0.9988104 873513 1000 a
0.9996104 874513 1000 a
1.0004104 875513 1000 a
1.0012104 876513 1000 a
1.0020104 877513 1000 a
1.0028104 878513 1000 a
1.0036104 879513 1000 a
1.0044104 880513 1000 a
1.0052104 881513 1000 a
1.0060104 882513 1000 a
1.0068104 883513 1000 a
1.0076104 884513 1000 a
1.0084104 885513 1000 a
1.0092104 886513 1000 a
1.0100104 887513 1000 a
1.0108104 888513 1000 a
1.0116104 889513 1000 a
1.0124104 890513 1000 a
1.0132104 891513 1000 a
1.0140104 892513 1000 a
1.0148104 893513 1000 a
1.0156104 894513 1000 a
1.0164104 895513 1000 a
1.0172104 896513 1000 a
1.0180104 897513 1000 a
1.0188104 898513 1000 a
1.0196104 899513 1000 a
1.0204104 900513 1000 a
1.0212104 901513 1000 a
1.0220104 902513 1000 a
1.0228104 903513 1000 a
1.0236104 904513 1000 a
1.0244104 905513 1000 a
1.0252104 906513 1000 a
1.0260104 907513 1000 a
1.0268104 908513 1000 a
1.0276104 909513 1000 a
1.0284104 910513 1000 a
1.0292104 911513 1000 a
1.0300104 912513 1000 a
1.0308104 913513 1000 a
1.0316104 914513 1000 a
1.0324104 915513 1000 a
1.0332104 916513 1000 a
1.0340104 917513 1000 a
1.0348104 918513 1000 a
1.0356104 919513 1000 a
1.0364104 920513 1000 a
1.0372104 921513 1000 a
1.0380104 922513 1000 a
1.0388104 923513 1000 a
1.0396104 924513 1000 a
1.0404104 925513 1000 a
1.0412104 926513 1000 a
1.0420104 927513 1000 a
1.0428104 928513 1000 a
1.0436104 929513 1000 a
1.0444104 930513 1000 a
1.0452104 931513 1000 a
1.0460104 932513 1000 a
1.0468104 933513 1000 a
1.0476104 934513 1000 a
1.0484104 935513 1000 a
1.0492104 936513 1000 a
1.0500104 937513 1000 a
1.0508104 938513 1000 a
1.0516104 939513 1000 a
1.0524104 940513 1000 a
1.0532104 941513 1000 a
1.0540104 942513 1000 a
1.0548104 943513 1000 a
1.0556104 944513 1000 a
1.0564104 945513 1000 a
1.0572104 946513 1000 a
1.0578432 947304 1000 a
1.0586432 947304 1000 s
1.0594432 948304 1000 s
1.0602432 949304 1000 s
1.0610432 950304 1000 s
1.0618432 951304 1000 s
1.0626432 952304 1000 s
1.0634432 953304 1000 s
1.0642432 954304 1000 s
1.0650432 955304 1000 s
1.0658432 956304 1000 s
1.0666432 957304 1000 s
1.0674432 958304 1000 s
1.0682432 959304 1000 s
1.0690432 960304 1000 s
1.0698432 961304 1000 s
1.0706432 962304 1000 s
1.0714432 963304 1000 s
1.0722432 964304 1000 s
1.0730432 965304 1000 s
1.0738432 966304 1000 s
1.0746432 967304 1000 s
1.0754432 968304 1000 s
1.0762432 969304 1000 s
1.0770432 970304 1000 s
1.0778432 971304 1000 s
1.0786432 972304 1000 s
1.0794432 973304 1000 s
1.0802432 974304 1000 s
1.0810432 975304 1000 s
1.0818432 976304 1000 s
1.0826432 977304 1000 s
1.0834432 978304 1000 s
1.0842432 979304 1000 s
1.0850432 980304 1000 s
1.0858432 981304 1000 s
1.0866432 982304 1000 s
1.0874432 983304 1000 s
1.0882432 984304 1000 s
1.0890432 985304 1000 s
1.0898432 986304 1000 s
1.0906432 987304 1000 s
1.0914432 988304 1000 s
1.0922432 989304 1000 s
1.0930432 990304 1000 s
1.0938432 991304 1000 s
1.0946432 992304 1000 s
1.0954432 993304 1000 s
1.0962432 994304 1000 s
1.0970432 995304 1000 s
1.0978432 996304 1000 s
1.0986432 997304 1000 s
1.0994432 998304 1000 s
1.1002432 999304 1000 s
1.0786432 948304 1000 a
1.0794432 949304 1000 a
1.0802432 950304 1000 a
1.0810432 951304 1000 a
1.0818432 952304 1000 a
1.0826432 953304 1000 a
1.0834432 954304 1000 a
1.0842432 955304 1000 a
1.0850432 956304 1000 a
1.0858432 957304 1000 a
1.0866432 958304 1000 a
1.0874432 959304 1000 a
1.0882432 960304 1000 a
1.0890432 961304 1000 a
1.0898432 962304 1000 a
1.0906432 963304 1000 a
1.0914432 964304 1000 a
1.0922432 965304 1000 a
1.0930432 966304 1000 a
1.0938432 967304 1000 a
1.0946432 968304 1000 a
1.0954432 969304 1000 a
1.0962432 970304 1000 a
1.0970432 971304 1000 a
1.0978432 972304 1000 a
1.0986432 973304 1000 a
1.0994432 974304 1000 a
1.1002432 975304 1000 a
1.1010432 976304 1000 a
1.1018432 977304 1000 a
1.1026432 978304 1000 a
1.1034432 979304 1000 a
1.1042432 980304 1000 a
1.1050432 981304 1000 a
1.1058432 982304 1000 a
1.1066432 983304 1000 a
1.1074432 984304 1000 a
1.1082432 985304 1000 a
1.1090432 986304 1000 a
1.1098432 987304 1000 a
1.1106432 988304 1000 a
1.1114432 989304 1000 a
1.1122432 990304 1000 a
1.1130432 991304 1000 a
1.1138432 992304 1000 a
1.1146432 993304 1000 a
1.1154432 994304 1000 a
1.1162432 995304 1000 a
1.1170432 996304 1000 a
1.1178432 997304 1000 a
1.1186432 998304 1000 a
1.1194432 999304 1000 a
1.12 1000000 1000 a
