# Time (seconds) Sequence (number) Size (bytes) Port (number) Sent(s)/Acked(a)
0.0108 0 0 1000 a
0.0316 1000 1000 1000 a
0.0324 2000 1000 1000 a
0.0532 3000 1000 1000 a
0.054 4000 1000 1000 a
0.0548 5000 1000 1000 a
0.0556 6000 1000 1000 a
0.0764 7000 1000 1000 a
0.0772 8000 1000 1000 a
0.078 9000 1000 1000 a
0.0788 10000 1000 1000 a
0.0796 11000 1000 1000 a
0.0804 12000 1000 1000 a
0.0812 13000 1000 1000 a
0.082 14000 1000 1000 a
0.1028 15000 1000 1000 a
0.1036 16000 1000 1000 a
0.1044 17000 1000 1000 a
0.1052 18000 1000 1000 a
0.106 19000 1000 1000 a
0.1068 20000 1000 1000 a
0.1076 21000 1000 1000 a
0.1084 22000 1000 1000 a
0.1092 23000 1000 1000 a
0.11 24000 1000 1000 a
0.1108 25000 1000 1000 a
0.1116 26000 1000 1000 a
0.1124 27000 1000 1000 a
0.1132 28000 1000 1000 a
0.114 29000 1000 1000 a
0.1148 30000 1000 1000 a
0.1156 0 0 2000 a
0.1356 31000 1000 1000 a
0.1364 32000 1000 1000 a
0.1372 33000 1000 1000 a
0.138 34000 1000 1000 a
0.1388 35000 1000 1000 a
0.1396 36000 1000 1000 a
0.1404 37000 1000 1000 a
0.1412 38000 1000 1000 a
0.142 39000 1000 1000 a
0.1428 40000 1000 1000 a
0.1436 41000 1000 1000 a
0.1444 42000 1000 1000 a
0.1452 43000 1000 1000 a
0.146 44000 1000 1000 a
0.1468 45000 1000 1000 a
0.1476 46000 1000 1000 a
0.1484 47000 1000 1000 a
0.1492 48000 1000 1000 a
0.15 49000 1000 1000 a
0.1508 50000 1000 1000 a
0.1516 51000 1000 1000 a
0.1524 52000 1000 1000 a
0.1532 53000 1000 1000 a
0.154 54000 1000 1000 a
0.1548 55000 1000 1000 a
0.1556 56000 1000 1000 a
0.1564 57000 1000 1000 a
0.1572 58000 1000 1000 a
0.158 59000 1000 1000 a
0.1588 60000 1000 1000 a
0.1596 61000 1000 1000 a
0.1604 62000 1000 1000 a
0.1612 1000 1000 2000 a
0.162 2000 1000 2000 a
0.1812 63000 1000 1000 a
0.182 64000 1000 1000 a
0.1828 65000 1000 1000 a
0.1836 66000 1000 1000 a
0.1844 67000 1000 1000 a
0.1852 68000 1000 1000 a
0.186 69000 1000 1000 a
0.1868 70000 1000 1000 a
0.1876 71000 1000 1000 a
0.1884 72000 1000 1000 a
0.1892 73000 1000 1000 a
0.19 74000 1000 1000 a
0.1908 75000 1000 1000 a
0.1916 76000 1000 1000 a
0.1924 77000 1000 1000 a
0.1932 78000 1000 1000 a
0.194 79000 1000 1000 a
0.1948 80000 1000 1000 a
0.1956 81000 1000 1000 a
0.1964 82000 1000 1000 a
0.1972 83000 1000 1000 a
0.198 84000 1000 1000 a
0.1988 85000 1000 1000 a
0.1996 86000 1000 1000 a
0.2004 87000 1000 1000 a
0.2012 88000 1000 1000 a
0.202 89000 1000 1000 a
0.2028 90000 1000 1000 a
0.2036 91000 1000 1000 a
0.2044 92000 1000 1000 a
0.2052 93000 1000 1000 a
0.206 94000 1000 1000 a
0.2068 95000 1000 1000 a
0.2076 96000 1000 1000 a
0.2084 97000 1000 1000 a
0.2092 98000 1000 1000 a
0.21 99000 1000 1000 a
0.2108 100000 1000 1000 a
0.2116 101000 1000 1000 a
0.2124 102000 1000 1000 a
0.2132 103000 1000 1000 a
0.214 104000 1000 1000 a
0.2148 105000 1000 1000 a
0.2156 106000 1000 1000 a
0.2164 107000 1000 1000 a
0.2172 108000 1000 1000 a
0.218 109000 1000 1000 a
0.2188 110000 1000 1000 a
0.2196 111000 1000 1000 a
0.2204 112000 1000 1000 a
0.2212 113000 1000 1000 a
0.222 114000 1000 1000 a
0.2228 115000 1000 1000 a
0.2236 116000 1000 1000 a
0.2244 117000 1000 1000 a
0.2252 118000 1000 1000 a
0.226 119000 1000 1000 a
0.2268 120000 1000 1000 a
0.2276 121000 1000 1000 a
0.2284 122000 1000 1000 a
0.2292 123000 1000 1000 a
0.23 124000 1000 1000 a
0.2308 125000 1000 1000 a
0.2316 126000 1000 1000 a
0.2324 3000 1000 2000 a
0.2332 4000 1000 2000 a
0.234 5000 1000 2000 a
0.2348 6000 1000 2000 a
0.2524 127000 1000 1000 a
0.2532 128000 1000 1000 a
0.254 129000 1000 1000 a
0.2548 130000 1000 1000 a
0.2556 131000 1000 1000 a
0.2564 132000 1000 1000 a
0.2572 133000 1000 1000 a
0.258 134000 1000 1000 a
0.2588 135000 1000 1000 a
0.2596 136000 1000 1000 a
0.2604 137000 1000 1000 a
0.2612 138000 1000 1000 a
0.262 139000 1000 1000 a
0.2628 140000 1000 1000 a
0.2636 141000 1000 1000 a
0.2644 142000 1000 1000 a
0.2652 143000 1000 1000 a
0.266 144000 1000 1000 a
0.2668 145000 1000 1000 a
0.2676 146000 1000 1000 a
0.2684 147000 1000 1000 a
0.2692 148000 1000 1000 a
0.27 149000 1000 1000 a
0.2708 150000 1000 1000 a
0.2716 151000 1000 1000 a
0.2724 152000 1000 1000 a
0.2732 153000 1000 1000 a
0.274 154000 1000 1000 a
0.2748 155000 1000 1000 a
0.2756 156000 1000 1000 a
0.2764 157000 1000 1000 a
0.2772 158000 1000 1000 a
0.278 159000 1000 1000 a
0.2788 160000 1000 1000 a
0.2796 161000 1000 1000 a
0.2804 162000 1000 1000 a
0.2812 163000 1000 1000 a
0.282 164000 1000 1000 a
0.2828 165000 1000 1000 a
0.2836 166000 1000 1000 a
0.2844 167000 1000 1000 a
0.2852 168000 1000 1000 a
0.286 169000 1000 1000 a
0.2868 170000 1000 1000 a
0.2876 171000 1000 1000 a
0.2884 172000 1000 1000 a
0.2892 173000 1000 1000 a
0.29 174000 1000 1000 a
0.2908 175000 1000 1000 a
0.2916 176000 1000 1000 a
0.2924 177000 1000 1000 a
0.2932 178000 1000 1000 a
0.294 179000 1000 1000 a
0.2948 180000 1000 1000 a
0.2956 181000 1000 1000 a
0.2964 182000 1000 1000 a
0.2972 183000 1000 1000 a
0.298 184000 1000 1000 a
0.2988 185000 1000 1000 a
0.2996 186000 1000 1000 a
0.3004 187000 1000 1000 a
0.3012 188000 1000 1000 a
0.302 189000 1000 1000 a
0.3028 190000 1000 1000 a
0.3036 191000 1000 1000 a
0.3044 192000 1000 1000 a
0.3052 193000 1000 1000 a
0.306 194000 1000 1000 a
0.3068 195000 1000 1000 a
0.3076 196000 1000 1000 a
0.3084 197000 1000 1000 a
0.3092 198000 1000 1000 a
0.31 199000 1000 1000 a
0.3108 200000 1000 1000 a
0.3116 201000 1000 1000 a
0.3124 202000 1000 1000 a
0.3132 203000 1000 1000 a
0.314 204000 1000 1000 a
0.3148 205000 1000 1000 a
0.3156 206000 1000 1000 a
0.3164 207000 1000 1000 a
0.3172 208000 1000 1000 a
0.318 209000 1000 1000 a
0.3188 210000 1000 1000 a
0.3196 211000 1000 1000 a
0.3204 212000 1000 1000 a
0.3212 213000 1000 1000 a
0.322 214000 1000 1000 a
0.3228 215000 1000 1000 a
0.3236 216000 1000 1000 a
0.3244 217000 1000 1000 a
0.3252 218000 1000 1000 a
0.326 219000 1000 1000 a
0.3268 220000 1000 1000 a
0.3276 221000 1000 1000 a
0.3284 222000 1000 1000 a
0.3292 223000 1000 1000 a
0.33 224000 1000 1000 a
0.3308 225000 1000 1000 a
0.331032 226000 1000 1000 a
0.331832 7000 1000 2000 a
0.332632 8000 1000 2000 a
0.333432 9000 1000 2000 a
0.334232 10000 1000 2000 a
0.335032 11000 1000 2000 a
0.335832 12000 1000 2000 a
0.336632 13000 1000 2000 a
0.337432 14000 1000 2000 a
0.351832 226290 290 1000 a
0.352632 227290 1000 1000 a
0.353432 228290 1000 1000 a
0.354232 229290 1000 1000 a
0.355032 230290 1000 1000 a
0.355832 231290 1000 1000 a
0.356632 232290 1000 1000 a
0.357432 233290 1000 1000 a
0.358232 234290 1000 1000 a
0.359032 235290 1000 1000 a
0.359832 236290 1000 1000 a
0.360632 237290 1000 1000 a
0.361432 238290 1000 1000 a
0.362232 239290 1000 1000 a
0.363032 240290 1000 1000 a
0.363832 241290 1000 1000 a
0.364632 242290 1000 1000 a
0.365432 243290 1000 1000 a
0.366232 244290 1000 1000 a
0.367032 245290 1000 1000 a
0.367832 246290 1000 1000 a
0.368632 247290 1000 1000 a
0.369432 248290 1000 1000 a
0.370232 249290 1000 1000 a
0.371032 250290 1000 1000 a
0.371832 251290 1000 1000 a
0.372632 252290 1000 1000 a
0.373432 253290 1000 1000 a
0.374232 254290 1000 1000 a
0.375032 255290 1000 1000 a
0.375832 256290 1000 1000 a
0.376632 257290 1000 1000 a
0.377432 258290 1000 1000 a
0.378232 259290 1000 1000 a
0.379032 260290 1000 1000 a
0.379832 261290 1000 1000 a
0.380632 262290 1000 1000 a
0.381432 263290 1000 1000 a
0.382232 264290 1000 1000 a
0.383032 265290 1000 1000 a
0.383832 266290 1000 1000 a
0.384632 267290 1000 1000 a
0.385432 268290 1000 1000 a
0.386232 269290 1000 1000 a
0.387032 270290 1000 1000 a
0.387832 271290 1000 1000 a
0.388632 272290 1000 1000 a
0.389432 273290 1000 1000 a
0.390232 274290 1000 1000 a
0.391032 275290 1000 1000 a
0.391832 276290 1000 1000 a
0.392632 277290 1000 1000 a
0.393432 278290 1000 1000 a
0.394232 279290 1000 1000 a
0.395032 280290 1000 1000 a
0.395832 281290 1000 1000 a
0.396632 282290 1000 1000 a
0.397432 283290 1000 1000 a
0.398232 284290 1000 1000 a
0.399032 285290 1000 1000 a
0.399832 286290 1000 1000 a
0.400632 287290 1000 1000 a
0.401432 288290 1000 1000 a
0.402232 289290 1000 1000 a
0.403032 290290 1000 1000 a
0.403832 291290 1000 1000 a
0.404632 292290 1000 1000 a
0.405432 293290 1000 1000 a
0.406232 294290 1000 1000 a
0.407032 295290 1000 1000 a
0.407832 296290 1000 1000 a
0.408632 297290 1000 1000 a
0.409432 298290 1000 1000 a
0.410232 299290 1000 1000 a
0.411032 300290 1000 1000 a
0.411832 301290 1000 1000 a
0.412632 302290 1000 1000 a
0.413432 303290 1000 1000 a
0.414232 304290 1000 1000 a
0.415032 305290 1000 1000 a
0.415832 306290 1000 1000 a
0.416632 307290 1000 1000 a
0.417432 308290 1000 1000 a
0.418232 309290 1000 1000 a
0.419032 310290 1000 1000 a
0.419832 311290 1000 1000 a
0.420632 312290 1000 1000 a
0.421432 313290 1000 1000 a
0.422232 314290 1000 1000 a
0.423032 315290 1000 1000 a
0.423832 316290 1000 1000 a
0.424632 317290 1000 1000 a
0.425432 318290 1000 1000 a
0.426232 319290 1000 1000 a
0.427032 320290 1000 1000 a
0.427832 321290 1000 1000 a
0.428632 322290 1000 1000 a
0.429432 323290 1000 1000 a
0.430232 324290 1000 1000 a
0.431032 325290 1000 1000 a
0.431236 326290 1000 1000 a
0.432036 15000 1000 2000 a
0.432836 16000 1000 2000 a
0.433636 17000 1000 2000 a
0.434436 18000 1000 2000 a
0.435236 19000 1000 2000 a
0.436036 20000 1000 2000 a
0.436836 21000 1000 2000 a
0.437636 22000 1000 2000 a
0.438436 23000 1000 2000 a
0.439236 24000 1000 2000 a
0.440036 25000 1000 2000 a
0.440836 26000 1000 2000 a
0.441636 27000 1000 2000 a
0.442436 28000 1000 2000 a
0.443236 29000 1000 2000 a
0.444036 30000 1000 2000 a
0.452036 326545 255 1000 a
0.452836 327545 1000 1000 a
0.453636 328545 1000 1000 a
0.454436 329545 1000 1000 a
0.455236 330545 1000 1000 a
0.456036 331545 1000 1000 a
0.456836 332545 1000 1000 a
0.457636 333545 1000 1000 a
0.458436 334545 1000 1000 a
0.459236 335545 1000 1000 a
0.460036 336545 1000 1000 a
0.460836 337545 1000 1000 a
0.461636 338545 1000 1000 a
0.462436 339545 1000 1000 a
0.463236 340545 1000 1000 a
0.464036 341545 1000 1000 a
0.464836 342545 1000 1000 a
0.465636 343545 1000 1000 a
0.466436 344545 1000 1000 a
0.467236 345545 1000 1000 a
0.468036 346545 1000 1000 a
0.468836 347545 1000 1000 a
0.469636 348545 1000 1000 a
0.470436 349545 1000 1000 a
0.471236 350545 1000 1000 a
0.472036 351545 1000 1000 a
0.472836 352545 1000 1000 a
0.473636 353545 1000 1000 a
0.474436 354545 1000 1000 a
0.475236 355545 1000 1000 a
0.476036 356545 1000 1000 a
0.476836 357545 1000 1000 a
0.477636 358545 1000 1000 a
0.478436 359545 1000 1000 a
0.479236 360545 1000 1000 a
0.480036 361545 1000 1000 a
0.480836 362545 1000 1000 a
0.481636 363545 1000 1000 a
0.482436 364545 1000 1000 a
0.483236 365545 1000 1000 a
0.484036 366545 1000 1000 a
0.484836 367545 1000 1000 a
0.485636 368545 1000 1000 a
0.486436 369545 1000 1000 a
0.487236 370545 1000 1000 a
0.488036 371545 1000 1000 a
0.488836 372545 1000 1000 a
0.489636 373545 1000 1000 a
0.490436 374545 1000 1000 a
0.491236 375545 1000 1000 a
0.492036 376545 1000 1000 a
0.492836 377545 1000 1000 a
0.493636 378545 1000 1000 a
0.494436 379545 1000 1000 a
0.495236 380545 1000 1000 a
0.496036 381545 1000 1000 a
0.496836 382545 1000 1000 a
0.497636 383545 1000 1000 a
0.498436 384545 1000 1000 a
0.499236 385545 1000 1000 a
0.500036 386545 1000 1000 a
0.500836 387545 1000 1000 a
0.501636 388545 1000 1000 a
0.502436 389545 1000 1000 a
0.503236 390545 1000 1000 a
0.504036 391545 1000 1000 a
0.504836 392545 1000 1000 a
0.505636 393545 1000 1000 a
0.506436 394545 1000 1000 a
0.507236 395545 1000 1000 a
0.508036 396545 1000 1000 a
0.508836 397545 1000 1000 a
0.509636 398545 1000 1000 a
0.510436 399545 1000 1000 a
0.511236 400545 1000 1000 a
0.512036 401545 1000 1000 a
0.512836 402545 1000 1000 a
0.513636 403545 1000 1000 a
0.514436 404545 1000 1000 a
0.515236 405545 1000 1000 a
0.516036 406545 1000 1000 a
0.516836 407545 1000 1000 a
0.517636 408545 1000 1000 a
0.518436 409545 1000 1000 a
0.519236 410545 1000 1000 a
0.520036 411545 1000 1000 a
0.520836 412545 1000 1000 a
0.521636 413545 1000 1000 a
0.522436 414545 1000 1000 a
0.523236 415545 1000 1000 a
0.524036 416545 1000 1000 a
0.524836 417545 1000 1000 a
0.525636 418545 1000 1000 a
0.526436 419545 1000 1000 a
0.527236 420545 1000 1000 a
0.528036 421545 1000 1000 a
0.528836 422545 1000 1000 a
0.529636 423545 1000 1000 a
0.530436 424545 1000 1000 a
0.531236 425545 1000 1000 a
0.532036 426545 1000 1000 a
0.5321616 427545 1000 1000 a
0.5329616 31000 1000 2000 a
0.5337616 32000 1000 2000 a
0.5345616 33000 1000 2000 a
0.5353616 34000 1000 2000 a
0.5361616 35000 1000 2000 a
0.5369616 36000 1000 2000 a
0.5377616 37000 1000 2000 a
0.5385616 38000 1000 2000 a
0.5393616 39000 1000 2000 a
0.5401616 40000 1000 2000 a
0.5409616 41000 1000 2000 a
0.5417616 42000 1000 2000 a
0.5425616 43000 1000 2000 a
0.5433616 44000 1000 2000 a
0.5441616 45000 1000 2000 a
0.5449616 46000 1000 2000 a
0.5457616 47000 1000 2000 a
0.5465616 48000 1000 2000 a
0.5473616 49000 1000 2000 a
0.5481616 50000 1000 2000 a
0.5489616 51000 1000 2000 a
0.5497616 52000 1000 2000 a
0.5505616 53000 1000 2000 a
0.5513616 54000 1000 2000 a
0.5521616 55000 1000 2000 a
0.5529616 56000 1000 2000 a
0.5537616 57000 1000 2000 a
0.5545616 58000 1000 2000 a
0.5553616 59000 1000 2000 a
0.5561616 60000 1000 2000 a
0.5569616 61000 1000 2000 a
0.5577616 62000 1000 2000 a
0.5585616 427702 157 1000 a
0.5593616 428702 1000 1000 a
0.5601616 429702 1000 1000 a
0.5609616 430702 1000 1000 a
0.5617616 431702 1000 1000 a
0.5625616 432702 1000 1000 a
0.5633616 433702 1000 1000 a
0.5641616 434702 1000 1000 a
0.5649616 435702 1000 1000 a
0.5657616 436702 1000 1000 a
0.5665616 437702 1000 1000 a
0.5673616 438702 1000 1000 a
0.5681616 439702 1000 1000 a
0.5689616 440702 1000 1000 a
0.5697616 441702 1000 1000 a
0.5705616 442702 1000 1000 a
0.5713616 443702 1000 1000 a
0.5721616 444702 1000 1000 a
0.5729616 445702 1000 1000 a
0.5737616 446702 1000 1000 a
0.5745616 447702 1000 1000 a
0.5753616 448702 1000 1000 a
0.5761616 449702 1000 1000 a
0.5769616 450702 1000 1000 a
0.5777616 451702 1000 1000 a
0.5785616 452702 1000 1000 a
0.5793616 453702 1000 1000 a
0.5801616 454702 1000 1000 a
0.5809616 455702 1000 1000 a
0.5817616 456702 1000 1000 a
0.5825616 457702 1000 1000 a
0.5833616 458702 1000 1000 a
0.5841616 459702 1000 1000 a
0.5849616 460702 1000 1000 a
0.5857616 461702 1000 1000 a
0.5865616 462702 1000 1000 a
0.5873616 463702 1000 1000 a
0.5881616 464702 1000 1000 a
0.5889616 465702 1000 1000 a
0.5897616 466702 1000 1000 a
0.5905616 467702 1000 1000 a
0.5913616 468702 1000 1000 a
0.5921616 469702 1000 1000 a
0.5929616 470702 1000 1000 a
0.5937616 471702 1000 1000 a
0.5945616 472702 1000 1000 a
0.5953616 473702 1000 1000 a
0.5961616 474702 1000 1000 a
0.5969616 475702 1000 1000 a
0.5977616 476702 1000 1000 a
0.5985616 477702 1000 1000 a
0.5993616 478702 1000 1000 a
0.6001616 479702 1000 1000 a
0.6009616 480702 1000 1000 a
0.6017616 481702 1000 1000 a
0.6025616 482702 1000 1000 a
0.6033616 483702 1000 1000 a
0.6041616 484702 1000 1000 a
0.6049616 485702 1000 1000 a
0.6057616 486702 1000 1000 a
0.6065616 487702 1000 1000 a
0.6073616 488702 1000 1000 a
0.6081616 489702 1000 1000 a
0.6089616 490702 1000 1000 a
0.6097616 491702 1000 1000 a
0.6105616 492702 1000 1000 a
0.6113616 493702 1000 1000 a
0.6121616 494702 1000 1000 a
0.6129616 495702 1000 1000 a
0.6137616 496702 1000 1000 a
0.6145616 497702 1000 1000 a
0.6153616 498702 1000 1000 a
0.6161616 499702 1000 1000 a
0.6169616 500702 1000 1000 a
0.6177616 501702 1000 1000 a
0.6185616 502702 1000 1000 a
0.6193616 503702 1000 1000 a
0.6201616 504702 1000 1000 a
0.6209616 505702 1000 1000 a
0.6217616 506702 1000 1000 a
0.6225616 507702 1000 1000 a
0.6233616 508702 1000 1000 a
0.6241616 509702 1000 1000 a
0.6249616 510702 1000 1000 a
0.6257616 511702 1000 1000 a
0.6265616 512702 1000 1000 a
0.6273616 513702 1000 1000 a
0.6281616 514702 1000 1000 a
0.6289616 515702 1000 1000 a
0.6297616 516702 1000 1000 a
0.6305616 517702 1000 1000 a
0.6313616 518702 1000 1000 a
0.6321616 519702 1000 1000 a
0.6329616 520702 1000 1000 a
0.6337616 521702 1000 1000 a
0.6345616 522702 1000 1000 a
0.6353616 523702 1000 1000 a
0.6361616 524702 1000 1000 a
0.6369616 525702 1000 1000 a
0.6377616 526702 1000 1000 a
0.6385616 527702 1000 1000 a
0.6393616 528702 1000 1000 a
0.6394152 529702 1000 1000 a
0.6402152 63000 1000 2000 a
0.6410152 64000 1000 2000 a
0.6418152 65000 1000 2000 a
0.6426152 66000 1000 2000 a
0.6434152 67000 1000 2000 a
0.6442152 68000 1000 2000 a
0.6450152 69000 1000 2000 a
0.6458152 70000 1000 2000 a
0.6466152 71000 1000 2000 a
0.6474152 72000 1000 2000 a
0.6482152 73000 1000 2000 a
0.6490152 74000 1000 2000 a
0.6498152 75000 1000 2000 a
0.6506152 76000 1000 2000 a
0.6514152 77000 1000 2000 a
0.6522152 78000 1000 2000 a
0.6530152 79000 1000 2000 a
0.6538152 80000 1000 2000 a
0.6546152 81000 1000 2000 a
0.6554152 82000 1000 2000 a
0.6562152 83000 1000 2000 a
0.6570152 84000 1000 2000 a
0.6578152 85000 1000 2000 a
0.6586152 86000 1000 2000 a
0.6594152 87000 1000 2000 a
0.6602152 88000 1000 2000 a
0.6610152 89000 1000 2000 a
0.6618152 90000 1000 2000 a
0.6626152 91000 1000 2000 a
0.6634152 92000 1000 2000 a
0.6642152 93000 1000 2000 a
0.6650152 94000 1000 2000 a
0.6658152 95000 1000 2000 a
0.6666152 96000 1000 2000 a
0.6674152 97000 1000 2000 a
0.6682152 98000 1000 2000 a
0.6690152 99000 1000 2000 a
0.6698152 100000 1000 2000 a
0.6706152 101000 1000 2000 a
0.6714152 102000 1000 2000 a
0.6722152 103000 1000 2000 a
0.6730152 104000 1000 2000 a
0.6738152 105000 1000 2000 a
0.6746152 106000 1000 2000 a
0.6754152 107000 1000 2000 a
0.6762152 108000 1000 2000 a
0.6770152 109000 1000 2000 a
0.6778152 110000 1000 2000 a
0.6786152 111000 1000 2000 a
0.6794152 112000 1000 2000 a
0.6802152 113000 1000 2000 a
0.6810152 114000 1000 2000 a
0.6818152 115000 1000 2000 a
0.6826152 116000 1000 2000 a
0.6834152 117000 1000 2000 a
0.6842152 118000 1000 2000 a
0.6850152 119000 1000 2000 a
0.6858152 120000 1000 2000 a
0.6866152 121000 1000 2000 a
0.6874152 122000 1000 2000 a
0.6882152 123000 1000 2000 a
0.6890152 124000 1000 2000 a
0.6898152 125000 1000 2000 a
0.6906152 126000 1000 2000 a
0.6914152 529769 67 1000 a
0.6922152 530769 1000 1000 a
0.6930152 531769 1000 1000 a
0.6938152 532769 1000 1000 a
0.6946152 533769 1000 1000 a
0.6954152 534769 1000 1000 a
0.6962152 535769 1000 1000 a
0.6970152 536769 1000 1000 a
0.6978152 537769 1000 1000 a
0.6986152 538769 1000 1000 a
0.6994152 539769 1000 1000 a
0.7002152 540769 1000 1000 a
0.7010152 541769 1000 1000 a
0.7018152 542769 1000 1000 a
0.7026152 543769 1000 1000 a
0.7034152 544769 1000 1000 a
0.7042152 545769 1000 1000 a
0.7050152 546769 1000 1000 a
0.7058152 547769 1000 1000 a
0.7066152 548769 1000 1000 a
0.7074152 549769 1000 1000 a
0.7082152 550769 1000 1000 a
0.7090152 551769 1000 1000 a
0.7098152 552769 1000 1000 a
0.7106152 553769 1000 1000 a
0.7114152 554769 1000 1000 a
0.7122152 555769 1000 1000 a
0.7130152 556769 1000 1000 a
0.7138152 557769 1000 1000 a
0.7146152 558769 1000 1000 a
0.7154152 559769 1000 1000 a
0.7162152 560769 1000 1000 a
0.7170152 561769 1000 1000 a
0.7178152 562769 1000 1000 a
0.7186152 563769 1000 1000 a
0.7194152 564769 1000 1000 a
0.7202152 565769 1000 1000 a
0.7210152 566769 1000 1000 a
0.7218152 567769 1000 1000 a
0.7226152 568769 1000 1000 a
0.7234152 569769 1000 1000 a
0.7242152 570769 1000 1000 a
0.7250152 571769 1000 1000 a
0.7258152 572769 1000 1000 a
0.7266152 573769 1000 1000 a
0.7274152 574769 1000 1000 a
0.7282152 575769 1000 1000 a
0.7290152 576769 1000 1000 a
0.7298152 577769 1000 1000 a
0.7306152 578769 1000 1000 a
0.7314152 579769 1000 1000 a
0.7322152 580769 1000 1000 a
0.7330152 581769 1000 1000 a
0.7338152 582769 1000 1000 a
0.7346152 583769 1000 1000 a
0.7354152 584769 1000 1000 a
0.7362152 585769 1000 1000 a
0.7370152 586769 1000 1000 a
0.7378152 587769 1000 1000 a
0.7386152 588769 1000 1000 a
0.7394152 589769 1000 1000 a
0.7402152 590769 1000 1000 a
0.7410152 591769 1000 1000 a
0.7418152 592769 1000 1000 a
0.7426152 593769 1000 1000 a
0.7434152 594769 1000 1000 a
0.7442152 595769 1000 1000 a
0.7450152 596769 1000 1000 a
0.7458152 597769 1000 1000 a
0.7466152 598769 1000 1000 a
0.7474152 599769 1000 1000 a
0.7482152 600769 1000 1000 a
0.7490152 601769 1000 1000 a
0.7498152 602769 1000 1000 a
0.7506152 603769 1000 1000 a
0.7514152 604769 1000 1000 a
0.7522152 605769 1000 1000 a
0.7530152 606769 1000 1000 a
0.7538152 607769 1000 1000 a
0.7546152 608769 1000 1000 a
0.7554152 609769 1000 1000 a
0.7562152 610769 1000 1000 a
0.7570152 611769 1000 1000 a
0.7578152 612769 1000 1000 a
0.7586152 613769 1000 1000 a
0.7594152 614769 1000 1000 a
0.7602152 615769 1000 1000 a
0.7610152 616769 1000 1000 a
0.7618152 617769 1000 1000 a
0.7626152 618769 1000 1000 a
0.7634152 619769 1000 1000 a
0.7642152 620769 1000 1000 a
0.7650152 621769 1000 1000 a
0.7658152 622769 1000 1000 a
0.7666152 623769 1000 1000 a
0.7674152 624769 1000 1000 a
0.7682152 625769 1000 1000 a
0.7690152 626769 1000 1000 a
0.7698152 627769 1000 1000 a
0.7706152 628769 1000 1000 a
0.7714152 629769 1000 1000 a
0.7722152 630769 1000 1000 a
0.7730032 631769 1000 1000 a
0.7738032 127000 1000 2000 a
0.7746032 128000 1000 2000 a
0.7754032 129000 1000 2000 a
0.7762032 130000 1000 2000 a
0.7770032 131000 1000 2000 a
0.7778032 132000 1000 2000 a
0.7786032 133000 1000 2000 a
0.7794032 134000 1000 2000 a
0.7802032 135000 1000 2000 a
0.7810032 136000 1000 2000 a
0.7818032 137000 1000 2000 a
0.7826032 138000 1000 2000 a
0.7834032 139000 1000 2000 a
0.7842032 140000 1000 2000 a
0.7850032 141000 1000 2000 a
0.7858032 142000 1000 2000 a
0.7866032 143000 1000 2000 a
0.7874032 144000 1000 2000 a
0.7882032 145000 1000 2000 a
0.7890032 146000 1000 2000 a
0.7898032 147000 1000 2000 a
0.7906032 148000 1000 2000 a
0.7914032 149000 1000 2000 a
0.7922032 150000 1000 2000 a
0.7930032 151000 1000 2000 a
0.7938032 152000 1000 2000 a
0.7946032 153000 1000 2000 a
0.7954032 154000 1000 2000 a
0.7962032 155000 1000 2000 a
0.7970032 156000 1000 2000 a
0.7978032 157000 1000 2000 a
0.7986032 158000 1000 2000 a
0.7994032 159000 1000 2000 a
0.8002032 160000 1000 2000 a
0.8010032 161000 1000 2000 a
0.8018032 162000 1000 2000 a
0.8026032 163000 1000 2000 a
0.8034032 164000 1000 2000 a
0.8042032 165000 1000 2000 a
0.8050032 166000 1000 2000 a
0.8058032 167000 1000 2000 a
0.8066032 168000 1000 2000 a
0.8074032 169000 1000 2000 a
0.8082032 170000 1000 2000 a
0.8090032 171000 1000 2000 a
0.8098032 172000 1000 2000 a
0.8106032 173000 1000 2000 a
0.8114032 174000 1000 2000 a
0.8122032 175000 1000 2000 a
0.8130032 176000 1000 2000 a
0.8138032 177000 1000 2000 a
0.8146032 178000 1000 2000 a
0.8154032 179000 1000 2000 a
0.8162032 180000 1000 2000 a
0.8170032 181000 1000 2000 a
0.8178032 182000 1000 2000 a
0.8186032 183000 1000 2000 a
0.8194032 184000 1000 2000 a
0.8202032 185000 1000 2000 a
0.8210032 186000 1000 2000 a
0.8218032 187000 1000 2000 a
0.8226032 188000 1000 2000 a
0.8234032 189000 1000 2000 a
0.8242032 190000 1000 2000 a
0.8250032 191000 1000 2000 a
0.8258032 192000 1000 2000 a
0.8266032 193000 1000 2000 a
0.8274032 194000 1000 2000 a
0.8282032 195000 1000 2000 a
0.8290032 196000 1000 2000 a
0.8298032 197000 1000 2000 a
0.8306032 198000 1000 2000 a
0.8314032 199000 1000 2000 a
0.8322032 200000 1000 2000 a
0.8330032 201000 1000 2000 a
0.8338032 202000 1000 2000 a
0.8346032 203000 1000 2000 a
0.8354032 204000 1000 2000 a
0.8362032 205000 1000 2000 a
0.8370032 206000 1000 2000 a
0.8378032 207000 1000 2000 a
0.8386032 208000 1000 2000 a
0.8394032 209000 1000 2000 a
0.8402032 210000 1000 2000 a
0.8410032 211000 1000 2000 a
0.8418032 212000 1000 2000 a
0.8426032 213000 1000 2000 a
0.8434032 214000 1000 2000 a
0.8442032 215000 1000 2000 a
0.8450032 216000 1000 2000 a
0.8458032 217000 1000 2000 a
0.8466032 218000 1000 2000 a
0.8474032 219000 1000 2000 a
0.8482032 220000 1000 2000 a
0.8490032 221000 1000 2000 a
0.8498032 222000 1000 2000 a
0.8506032 223000 1000 2000 a
0.8514032 224000 1000 2000 a
0.8522032 225000 1000 2000 a
0.8524352 226000 1000 2000 a
0.8532352 632754 985 1000 a
0.8540352 633754 1000 1000 a
0.8548352 634754 1000 1000 a
0.8556352 635754 1000 1000 a
0.8564352 636754 1000 1000 a
0.8572352 637754 1000 1000 a
0.8580352 638754 1000 1000 a
0.8588352 639754 1000 1000 a
0.8596352 640754 1000 1000 a
0.8604352 641754 1000 1000 a
0.8612352 642754 1000 1000 a
0.8620352 643754 1000 1000 a
0.8628352 644754 1000 1000 a
0.8636352 645754 1000 1000 a
0.8644352 646754 1000 1000 a
0.8652352 647754 1000 1000 a
0.8660352 648754 1000 1000 a
0.8668352 649754 1000 1000 a
0.8676352 650754 1000 1000 a
0.8684352 651754 1000 1000 a
0.8692352 652754 1000 1000 a
0.8700352 653754 1000 1000 a
0.8708352 654754 1000 1000 a
0.8716352 655754 1000 1000 a
0.8724352 656754 1000 1000 a
0.8732352 657754 1000 1000 a
0.8740352 658754 1000 1000 a
0.8748352 659754 1000 1000 a
0.8756352 660754 1000 1000 a
0.8764352 661754 1000 1000 a
0.8772352 662754 1000 1000 a
0.8780352 663754 1000 1000 a
0.8788352 664754 1000 1000 a
0.8796352 665754 1000 1000 a
0.8804352 666754 1000 1000 a
0.8812352 667754 1000 1000 a
0.8820352 668754 1000 1000 a
0.8828352 669754 1000 1000 a
0.8836352 670754 1000 1000 a
0.8844352 671754 1000 1000 a
0.8852352 672754 1000 1000 a
0.8860352 673754 1000 1000 a
0.8868352 674754 1000 1000 a
0.8876352 675754 1000 1000 a
0.8884352 676754 1000 1000 a
0.8892352 677754 1000 1000 a
0.8900352 678754 1000 1000 a
0.8908352 679754 1000 1000 a
0.8916352 680754 1000 1000 a
0.8924352 681754 1000 1000 a
0.8932352 682754 1000 1000 a
0.8940352 683754 1000 1000 a
0.8948352 684754 1000 1000 a
0.8956352 685754 1000 1000 a
0.8964352 686754 1000 1000 a
0.8972352 687754 1000 1000 a
0.8980352 688754 1000 1000 a
0.8988352 689754 1000 1000 a
0.8996352 690754 1000 1000 a
0.9004352 691754 1000 1000 a
0.9012352 692754 1000 1000 a
0.9020352 693754 1000 1000 a
0.9028352 694754 1000 1000 a
0.9036352 695754 1000 1000 a
0.9044352 696754 1000 1000 a
0.9052352 697754 1000 1000 a
0.9060352 698754 1000 1000 a
0.9068352 699754 1000 1000 a
0.9076352 700754 1000 1000 a
0.9084352 701754 1000 1000 a
0.9092352 702754 1000 1000 a
0.9100352 703754 1000 1000 a
0.9108352 704754 1000 1000 a
0.9116352 705754 1000 1000 a
0.9124352 706754 1000 1000 a
0.9132352 707754 1000 1000 a
0.9140352 708754 1000 1000 a
0.9148352 709754 1000 1000 a
0.9156352 710754 1000 1000 a
0.9164352 711754 1000 1000 a
0.9172352 712754 1000 1000 a
0.9180352 713754 1000 1000 a
0.9188352 714754 1000 1000 a
0.9196352 715754 1000 1000 a
0.9204352 716754 1000 1000 a
0.9212352 717754 1000 1000 a
0.9220352 718754 1000 1000 a
0.9228352 719754 1000 1000 a
0.9236352 720754 1000 1000 a
0.9244352 721754 1000 1000 a
0.9252352 722754 1000 1000 a
0.9260352 723754 1000 1000 a
0.9268352 724754 1000 1000 a
0.9276352 725754 1000 1000 a
0.9284352 726754 1000 1000 a
0.9292352 727754 1000 1000 a
0.9300352 728754 1000 1000 a
0.9308352 729754 1000 1000 a
0.9316352 730754 1000 1000 a
0.9324352 731754 1000 1000 a
0.9332352 732754 1000 1000 a
0.9340352 733754 1000 1000 a
0.9348352 734754 1000 1000 a
0.9355648 735754 1000 1000 a
0.9363648 226290 290 2000 a
0.9371648 227290 1000 2000 a
0.9379648 228290 1000 2000 a
0.9387648 229290 1000 2000 a
0.9395648 230290 1000 2000 a
0.9403648 231290 1000 2000 a
0.9411648 232290 1000 2000 a
0.9419648 233290 1000 2000 a
0.9427648 234290 1000 2000 a
0.9435648 235290 1000 2000 a
0.9443648 236290 1000 2000 a
0.9451648 237290 1000 2000 a
0.9459648 238290 1000 2000 a
0.9467648 239290 1000 2000 a
0.9475648 240290 1000 2000 a
0.9483648 241290 1000 2000 a
0.9491648 242290 1000 2000 a
0.9499648 243290 1000 2000 a
0.9507648 244290 1000 2000 a
0.9515648 245290 1000 2000 a
0.9523648 246290 1000 2000 a
0.9531648 247290 1000 2000 a
0.9539648 248290 1000 2000 a
0.9547648 249290 1000 2000 a
0.9555648 250290 1000 2000 a
0.9563648 251290 1000 2000 a
0.9571648 252290 1000 2000 a
0.9579648 253290 1000 2000 a
0.9587648 254290 1000 2000 a
0.9595648 255290 1000 2000 a
0.9603648 256290 1000 2000 a
0.9611648 257290 1000 2000 a
0.9619648 258290 1000 2000 a
0.9627648 259290 1000 2000 a
0.9635648 260290 1000 2000 a
0.9643648 261290 1000 2000 a
0.9651648 262290 1000 2000 a
0.9659648 263290 1000 2000 a
0.9667648 264290 1000 2000 a
0.9675648 265290 1000 2000 a
0.9683648 266290 1000 2000 a
0.9691648 267290 1000 2000 a
0.9699648 268290 1000 2000 a
0.9707648 269290 1000 2000 a
0.9715648 270290 1000 2000 a
0.9723648 271290 1000 2000 a
0.9731648 272290 1000 2000 a
0.9739648 273290 1000 2000 a
0.9747648 274290 1000 2000 a
0.9755648 275290 1000 2000 a
0.9763648 276290 1000 2000 a
0.9771648 277290 1000 2000 a
0.9779648 278290 1000 2000 a
0.9787648 279290 1000 2000 a
0.9795648 280290 1000 2000 a
0.9803648 281290 1000 2000 a
0.9811648 282290 1000 2000 a
0.9819648 283290 1000 2000 a
0.9827648 284290 1000 2000 a
0.9835648 285290 1000 2000 a
0.9843648 286290 1000 2000 a
0.9851648 287290 1000 2000 a
0.9859648 288290 1000 2000 a
0.9867648 289290 1000 2000 a
0.9875648 290290 1000 2000 a
0.9883648 291290 1000 2000 a
0.9891648 292290 1000 2000 a
0.9899648 293290 1000 2000 a
0.9907648 294290 1000 2000 a
0.9915648 295290 1000 2000 a
0.9923648 296290 1000 2000 a
0.9931648 297290 1000 2000 a
0.9939648 298290 1000 2000 a
0.9947648 299290 1000 2000 a
0.9955648 300290 1000 2000 a
0.9963648 301290 1000 2000 a
0.9971648 302290 1000 2000 a
0.9979648 303290 1000 2000 a
0.9987648 304290 1000 2000 a
0.9995648 305290 1000 2000 a
1.0003648 306290 1000 2000 a
1.0011648 307290 1000 2000 a
1.0019648 308290 1000 2000 a
1.0027648 309290 1000 2000 a
1.0035648 310290 1000 2000 a
1.0043648 311290 1000 2000 a
1.0051648 312290 1000 2000 a
1.0059648 313290 1000 2000 a
1.0067648 314290 1000 2000 a
1.0075648 315290 1000 2000 a
1.0083648 316290 1000 2000 a
1.0091648 317290 1000 2000 a
1.0099648 318290 1000 2000 a
1.0107648 319290 1000 2000 a
1.0115648 320290 1000 2000 a
1.0123648 321290 1000 2000 a
1.0131648 322290 1000 2000 a
1.0139648 323290 1000 2000 a
1.0147648 324290 1000 2000 a
1.0155648 325290 1000 2000 a
1.0157688 326290 1000 2000 a
1.0165688 736666 912 1000 a
1.0173688 737666 1000 1000 a
1.0181688 738666 1000 1000 a
1.0189688 739666 1000 1000 a
1.0197688 740666 1000 1000 a
1.0205688 741666 1000 1000 a
1.0213688 742666 1000 1000 a
1.0221688 743666 1000 1000 a
1.0229688 744666 1000 1000 a
1.0237688 745666 1000 1000 a
1.0245688 746666 1000 1000 a
1.0253688 747666 1000 1000 a
1.0261688 748666 1000 1000 a
1.0269688 749666 1000 1000 a
1.0277688 750666 1000 1000 a
1.0285688 751666 1000 1000 a
1.0293688 752666 1000 1000 a
1.0301688 753666 1000 1000 a
1.0309688 754666 1000 1000 a
1.0317688 755666 1000 1000 a
1.0325688 756666 1000 1000 a
1.0333688 757666 1000 1000 a
1.0341688 758666 1000 1000 a
1.0349688 759666 1000 1000 a
1.0357688 760666 1000 1000 a
1.0365688 761666 1000 1000 a
1.0373688 762666 1000 1000 a
1.0381688 763666 1000 1000 a
1.0389688 764666 1000 1000 a
1.0397688 765666 1000 1000 a
1.0405688 766666 1000 1000 a
1.0413688 767666 1000 1000 a
1.0421688 768666 1000 1000 a
1.0429688 769666 1000 1000 a
1.0437688 770666 1000 1000 a
1.0445688 771666 1000 1000 a
1.0453688 772666 1000 1000 a
1.0461688 773666 1000 1000 a
1.0469688 774666 1000 1000 a
1.0477688 775666 1000 1000 a
1.0485688 776666 1000 1000 a
1.0493688 777666 1000 1000 a
1.0501688 778666 1000 1000 a
1.0509688 779666 1000 1000 a
1.0517688 780666 1000 1000 a
1.0525688 781666 1000 1000 a
1.0533688 782666 1000 1000 a
1.0541688 783666 1000 1000 a
1.0549688 784666 1000 1000 a
1.0557688 785666 1000 1000 a
1.0565688 786666 1000 1000 a
1.0573688 787666 1000 1000 a
1.0581688 788666 1000 1000 a
1.0589688 789666 1000 1000 a
1.0597688 790666 1000 1000 a
1.0605688 791666 1000 1000 a
1.0613688 792666 1000 1000 a
1.0621688 793666 1000 1000 a
1.0629688 794666 1000 1000 a
1.0637688 795666 1000 1000 a
1.0645688 796666 1000 1000 a
1.0653688 797666 1000 1000 a
1.0661688 798666 1000 1000 a
1.0669688 799666 1000 1000 a
1.0677688 800666 1000 1000 a
1.0685688 801666 1000 1000 a
1.0693688 802666 1000 1000 a
1.0701688 803666 1000 1000 a
1.0709688 804666 1000 1000 a
1.0717688 805666 1000 1000 a
1.0725688 806666 1000 1000 a
1.0733688 807666 1000 1000 a
1.0741688 808666 1000 1000 a
1.0749688 809666 1000 1000 a
1.0757688 810666 1000 1000 a
1.0765688 811666 1000 1000 a
1.0773688 812666 1000 1000 a
1.0781688 813666 1000 1000 a
1.0789688 814666 1000 1000 a
1.0797688 815666 1000 1000 a
1.0805688 816666 1000 1000 a
1.0813688 817666 1000 1000 a
1.0821688 818666 1000 1000 a
1.0829688 819666 1000 1000 a
1.0837688 820666 1000 1000 a
1.0845688 821666 1000 1000 a
1.0853688 822666 1000 1000 a
1.0861688 823666 1000 1000 a
1.0869688 824666 1000 1000 a
1.0877688 825666 1000 1000 a
1.0885688 826666 1000 1000 a
1.0893688 827666 1000 1000 a
1.0901688 828666 1000 1000 a
1.0909688 829666 1000 1000 a
1.0917688 830666 1000 1000 a
1.0925688 831666 1000 1000 a
1.0933688 832666 1000 1000 a
1.0941688 833666 1000 1000 a
1.0949688 834666 1000 1000 a
1.0957688 835666 1000 1000 a
1.0965688 836666 1000 1000 a
1.0973688 837666 1000 1000 a
1.0981688 838666 1000 1000 a
1.0989688 839666 1000 1000 a
1.0996464 840666 1000 1000 a
1.1004464 326545 255 2000 a
1.1012464 327545 1000 2000 a
1.1020464 328545 1000 2000 a
1.1028464 329545 1000 2000 a
1.1036464 330545 1000 2000 a
1.1044464 331545 1000 2000 a
1.1052464 332545 1000 2000 a
1.1060464 333545 1000 2000 a
1.1068464 334545 1000 2000 a
1.1076464 335545 1000 2000 a
1.1084464 336545 1000 2000 a
1.1092464 337545 1000 2000 a
1.1100464 338545 1000 2000 a
1.1108464 339545 1000 2000 a
1.1116464 340545 1000 2000 a
1.1124464 341545 1000 2000 a
1.1132464 342545 1000 2000 a
1.1140464 343545 1000 2000 a
1.1148464 344545 1000 2000 a
1.1156464 345545 1000 2000 a
1.1164464 346545 1000 2000 a
1.1172464 347545 1000 2000 a
1.1180464 348545 1000 2000 a
1.1188464 349545 1000 2000 a
1.1196464 350545 1000 2000 a
1.1204464 351545 1000 2000 a
1.1212464 352545 1000 2000 a
1.1220464 353545 1000 2000 a
1.1228464 354545 1000 2000 a
1.1236464 355545 1000 2000 a
1.1244464 356545 1000 2000 a
1.1252464 357545 1000 2000 a
1.1260464 358545 1000 2000 a
1.1268464 359545 1000 2000 a
1.1276464 360545 1000 2000 a
1.1284464 361545 1000 2000 a
1.1292464 362545 1000 2000 a
1.1300464 363545 1000 2000 a
1.1308464 364545 1000 2000 a
1.1316464 365545 1000 2000 a
1.1324464 366545 1000 2000 a
1.1332464 367545 1000 2000 a
1.1340464 368545 1000 2000 a
1.1348464 369545 1000 2000 a
1.1356464 370545 1000 2000 a
1.1364464 371545 1000 2000 a
1.1372464 372545 1000 2000 a
1.1380464 373545 1000 2000 a
1.1388464 374545 1000 2000 a
1.1396464 375545 1000 2000 a
1.1404464 376545 1000 2000 a
1.1412464 377545 1000 2000 a
1.1420464 378545 1000 2000 a
1.1428464 379545 1000 2000 a
1.1436464 380545 1000 2000 a
1.1444464 381545 1000 2000 a
1.1452464 382545 1000 2000 a
1.1460464 383545 1000 2000 a
1.1468464 384545 1000 2000 a
1.1476464 385545 1000 2000 a
1.1484464 386545 1000 2000 a
1.1492464 387545 1000 2000 a
1.1500464 388545 1000 2000 a
1.1508464 389545 1000 2000 a
1.1516464 390545 1000 2000 a
1.1524464 391545 1000 2000 a
1.1532464 392545 1000 2000 a
1.1540464 393545 1000 2000 a
1.1548464 394545 1000 2000 a
1.1556464 395545 1000 2000 a
1.1564464 396545 1000 2000 a
1.1572464 397545 1000 2000 a
1.1580464 398545 1000 2000 a
1.1588464 399545 1000 2000 a
1.1596464 400545 1000 2000 a
1.1604464 401545 1000 2000 a
1.1612464 402545 1000 2000 a
1.1620464 403545 1000 2000 a
1.1628464 404545 1000 2000 a
1.1636464 405545 1000 2000 a
1.1644464 406545 1000 2000 a
1.1652464 407545 1000 2000 a
1.1660464 408545 1000 2000 a
1.1668464 409545 1000 2000 a
1.1676464 410545 1000 2000 a
1.1684464 411545 1000 2000 a
1.1692464 412545 1000 2000 a
1.1700464 413545 1000 2000 a
1.1708464 414545 1000 2000 a
1.1716464 415545 1000 2000 a
1.1724464 416545 1000 2000 a
1.1732464 417545 1000 2000 a
1.1740464 418545 1000 2000 a
1.1748464 419545 1000 2000 a
1.1756464 420545 1000 2000 a
1.1764464 421545 1000 2000 a
1.1772464 422545 1000 2000 a
1.1780464 423545 1000 2000 a
1.1788464 424545 1000 2000 a
1.1796464 425545 1000 2000 a
1.1804464 426545 1000 2000 a
1.180572 427545 1000 2000 a
1.181372 841513 847 1000 a
1.182172 842513 1000 1000 a
1.182972 843513 1000 1000 a
1.183772 844513 1000 1000 a
1.184572 845513 1000 1000 a
1.185372 846513 1000 1000 a
1.186172 847513 1000 1000 a
1.186972 848513 1000 1000 a
1.187772 849513 1000 1000 a
1.188572 850513 1000 1000 a
1.189372 851513 1000 1000 a
1.190172 852513 1000 1000 a
1.190972 853513 1000 1000 a
1.191772 854513 1000 1000 a
1.192572 855513 1000 1000 a
1.193372 856513 1000 1000 a
1.194172 857513 1000 1000 a
1.194972 858513 1000 1000 a
1.195772 859513 1000 1000 a
1.196572 860513 1000 1000 a
1.197372 861513 1000 1000 a
1.198172 862513 1000 1000 a
1.198972 863513 1000 1000 a
1.199772 864513 1000 1000 a
1.200572 865513 1000 1000 a
1.201372 866513 1000 1000 a
1.202172 867513 1000 1000 a
1.202972 868513 1000 1000 a
1.203772 869513 1000 1000 a
1.204572 870513 1000 1000 a
1.205372 871513 1000 1000 a
1.206172 872513 1000 1000 a
1.206972 873513 1000 1000 a
1.207772 874513 1000 1000 a
1.208572 875513 1000 1000 a
1.209372 876513 1000 1000 a
1.210172 877513 1000 1000 a
1.210972 878513 1000 1000 a
1.211772 879513 1000 1000 a
1.212572 880513 1000 1000 a
1.213372 881513 1000 1000 a
1.214172 882513 1000 1000 a
1.214972 883513 1000 1000 a
1.215772 884513 1000 1000 a
1.216572 885513 1000 1000 a
1.217372 886513 1000 1000 a
1.218172 887513 1000 1000 a
1.218972 888513 1000 1000 a
1.219772 889513 1000 1000 a
1.220572 890513 1000 1000 a
1.221372 891513 1000 1000 a
1.222172 892513 1000 1000 a
1.222972 893513 1000 1000 a
1.223772 894513 1000 1000 a
1.224572 895513 1000 1000 a
1.225372 896513 1000 1000 a
1.226172 897513 1000 1000 a
1.226972 898513 1000 1000 a
1.227772 899513 1000 1000 a
1.228572 900513 1000 1000 a
1.229372 901513 1000 1000 a
1.230172 902513 1000 1000 a
1.230972 903513 1000 1000 a
1.231772 904513 1000 1000 a
1.232572 905513 1000 1000 a
1.233372 906513 1000 1000 a
1.234172 907513 1000 1000 a
1.234972 908513 1000 1000 a
1.235772 909513 1000 1000 a
1.236572 910513 1000 1000 a
1.237372 911513 1000 1000 a
1.238172 912513 1000 1000 a
1.238972 913513 1000 1000 a
1.239772 914513 1000 1000 a
1.240572 915513 1000 1000 a
1.241372 916513 1000 1000 a
1.242172 917513 1000 1000 a
1.242972 918513 1000 1000 a
1.243772 919513 1000 1000 a
1.244572 920513 1000 1000 a
1.245372 921513 1000 1000 a
1.246172 922513 1000 1000 a
1.246972 923513 1000 1000 a
1.247772 924513 1000 1000 a
1.248572 925513 1000 1000 a
1.249372 926513 1000 1000 a
1.250172 927513 1000 1000 a
1.250972 928513 1000 1000 a
1.251772 929513 1000 1000 a
1.252572 930513 1000 1000 a
1.253372 931513 1000 1000 a
1.254172 932513 1000 1000 a
1.254972 933513 1000 1000 a
1.255772 934513 1000 1000 a
1.256572 935513 1000 1000 a
1.257372 936513 1000 1000 a
1.258172 937513 1000 1000 a
1.258972 938513 1000 1000 a
1.259772 939513 1000 1000 a
1.260572 940513 1000 1000 a
1.261372 941513 1000 1000 a
1.262172 942513 1000 1000 a
1.262972 943513 1000 1000 a
1.263772 944513 1000 1000 a
1.264572 945513 1000 1000 a
1.2652048 946513 1000 1000 a
1.2660048 427702 157 2000 a
1.2668048 428702 1000 2000 a
1.2676048 429702 1000 2000 a
1.2684048 430702 1000 2000 a
1.2692048 431702 1000 2000 a
1.2700048 432702 1000 2000 a
1.2708048 433702 1000 2000 a
1.2716048 434702 1000 2000 a
1.2724048 435702 1000 2000 a
1.2732048 436702 1000 2000 a
1.2740048 437702 1000 2000 a
1.2748048 438702 1000 2000 a
1.2756048 439702 1000 2000 a
1.2764048 440702 1000 2000 a
1.2772048 441702 1000 2000 a
1.2780048 442702 1000 2000 a
1.2788048 443702 1000 2000 a
1.2796048 444702 1000 2000 a
1.2804048 445702 1000 2000 a
1.2812048 446702 1000 2000 a
1.2820048 447702 1000 2000 a
1.2828048 448702 1000 2000 a
1.2836048 449702 1000 2000 a
1.2844048 450702 1000 2000 a
1.2852048 451702 1000 2000 a
1.2860048 452702 1000 2000 a
1.2868048 453702 1000 2000 a
1.2876048 454702 1000 2000 a
1.2884048 455702 1000 2000 a
1.2892048 456702 1000 2000 a
1.2900048 457702 1000 2000 a
1.2908048 458702 1000 2000 a
1.2916048 459702 1000 2000 a
1.2924048 460702 1000 2000 a
1.2932048 461702 1000 2000 a
1.2940048 462702 1000 2000 a
1.2948048 463702 1000 2000 a
1.2956048 464702 1000 2000 a
1.2964048 465702 1000 2000 a
1.2972048 466702 1000 2000 a
1.2980048 467702 1000 2000 a
1.2988048 468702 1000 2000 a
1.2996048 469702 1000 2000 a
1.3004048 470702 1000 2000 a
1.3012048 471702 1000 2000 a
1.3020048 472702 1000 2000 a
1.3028048 473702 1000 2000 a
1.3036048 474702 1000 2000 a
1.3044048 475702 1000 2000 a
1.3052048 476702 1000 2000 a
1.3060048 477702 1000 2000 a
1.3068048 478702 1000 2000 a
1.3076048 479702 1000 2000 a
1.3084048 480702 1000 2000 a
1.3092048 481702 1000 2000 a
1.3100048 482702 1000 2000 a
1.3108048 483702 1000 2000 a
1.3116048 484702 1000 2000 a
1.3124048 485702 1000 2000 a
1.3132048 486702 1000 2000 a
1.3140048 487702 1000 2000 a
1.3148048 488702 1000 2000 a
1.3156048 489702 1000 2000 a
1.3164048 490702 1000 2000 a
1.3172048 491702 1000 2000 a
1.3180048 492702 1000 2000 a
1.3188048 493702 1000 2000 a
1.3196048 494702 1000 2000 a
1.3204048 495702 1000 2000 a
1.3212048 496702 1000 2000 a
1.3220048 497702 1000 2000 a
1.3228048 498702 1000 2000 a
1.3236048 499702 1000 2000 a
1.3244048 500702 1000 2000 a
1.3252048 501702 1000 2000 a
1.3260048 502702 1000 2000 a
1.3268048 503702 1000 2000 a
1.3276048 504702 1000 2000 a
1.3284048 505702 1000 2000 a
1.3292048 506702 1000 2000 a
1.3300048 507702 1000 2000 a
1.3308048 508702 1000 2000 a
1.3316048 509702 1000 2000 a
1.3324048 510702 1000 2000 a
1.3332048 511702 1000 2000 a
1.3340048 512702 1000 2000 a
1.3348048 513702 1000 2000 a
1.3356048 514702 1000 2000 a
1.3364048 515702 1000 2000 a
1.3372048 516702 1000 2000 a
1.3380048 517702 1000 2000 a
1.3388048 518702 1000 2000 a
1.3396048 519702 1000 2000 a
1.3404048 520702 1000 2000 a
1.3412048 521702 1000 2000 a
1.3420048 522702 1000 2000 a
1.3428048 523702 1000 2000 a
1.3436048 524702 1000 2000 a
1.3444048 525702 1000 2000 a
1.3452048 526702 1000 2000 a
1.3460048 527702 1000 2000 a
1.3468048 528702 1000 2000 a
1.3468584 529702 1000 2000 a
1.3476584 947304 791 1000 a
1.3484584 948304 1000 1000 a
1.3492584 949304 1000 1000 a
1.3500584 950304 1000 1000 a
1.3508584 951304 1000 1000 a
1.3516584 952304 1000 1000 a
1.3524584 953304 1000 1000 a
1.3532584 954304 1000 1000 a
1.3540584 955304 1000 1000 a
1.3548584 956304 1000 1000 a
1.3556584 957304 1000 1000 a
1.3564584 958304 1000 1000 a
1.3572584 959304 1000 1000 a
1.3580584 960304 1000 1000 a
1.3588584 961304 1000 1000 a
1.3596584 962304 1000 1000 a
1.3604584 963304 1000 1000 a
1.3612584 964304 1000 1000 a
1.3620584 965304 1000 1000 a
1.3628584 966304 1000 1000 a
1.3636584 967304 1000 1000 a
1.3644584 968304 1000 1000 a
1.3652584 969304 1000 1000 a
1.3660584 970304 1000 1000 a
1.3668584 971304 1000 1000 a
1.3676584 972304 1000 1000 a
1.3684584 973304 1000 1000 a
1.3692584 974304 1000 1000 a
1.3700584 975304 1000 1000 a
1.3708584 976304 1000 1000 a
1.3716584 977304 1000 1000 a
1.3724584 978304 1000 1000 a
1.3732584 979304 1000 1000 a
1.3740584 980304 1000 1000 a
1.3748584 981304 1000 1000 a
1.3756584 982304 1000 1000 a
1.3764584 983304 1000 1000 a
1.3772584 984304 1000 1000 a
1.3780584 985304 1000 1000 a
1.3788584 986304 1000 1000 a
1.3796584 987304 1000 1000 a
1.3804584 988304 1000 1000 a
1.3812584 989304 1000 1000 a
1.3820584 990304 1000 1000 a
1.3828584 991304 1000 1000 a
1.3836584 992304 1000 1000 a
1.3844584 993304 1000 1000 a
1.3852584 994304 1000 1000 a
1.3860584 995304 1000 1000 a
1.3868584 996304 1000 1000 a
1.3876584 997304 1000 1000 a
1.3884584 998304 1000 1000 a
1.3890152 999304 1000 1000 a
1.3898152 529769 67 2000 a
1.3906152 530769 1000 2000 a
1.3914152 531769 1000 2000 a
1.3922152 532769 1000 2000 a
1.3930152 533769 1000 2000 a
1.3938152 534769 1000 2000 a
1.3946152 535769 1000 2000 a
1.3954152 536769 1000 2000 a
1.3962152 537769 1000 2000 a
1.3970152 538769 1000 2000 a
1.3978152 539769 1000 2000 a
1.3986152 540769 1000 2000 a
1.3994152 541769 1000 2000 a
1.4002152 542769 1000 2000 a
1.4010152 543769 1000 2000 a
1.4018152 544769 1000 2000 a
1.4026152 545769 1000 2000 a
1.4034152 546769 1000 2000 a
1.4042152 547769 1000 2000 a
1.4050152 548769 1000 2000 a
1.4058152 549769 1000 2000 a
1.4066152 550769 1000 2000 a
1.4074152 551769 1000 2000 a
1.4082152 552769 1000 2000 a
1.4090152 553769 1000 2000 a
1.4098152 554769 1000 2000 a
1.4106152 555769 1000 2000 a
1.4114152 556769 1000 2000 a
1.4122152 557769 1000 2000 a
1.4130152 558769 1000 2000 a
1.4138152 559769 1000 2000 a
1.4146152 560769 1000 2000 a
1.4154152 561769 1000 2000 a
1.4162152 562769 1000 2000 a
1.4170152 563769 1000 2000 a
1.4178152 564769 1000 2000 a
1.4186152 565769 1000 2000 a
1.4194152 566769 1000 2000 a
1.4202152 567769 1000 2000 a
1.4210152 568769 1000 2000 a
1.4218152 569769 1000 2000 a
1.4226152 570769 1000 2000 a
1.4234152 571769 1000 2000 a
1.4242152 572769 1000 2000 a
1.4250152 573769 1000 2000 a
1.4258152 574769 1000 2000 a
1.4266152 575769 1000 2000 a
1.4274152 576769 1000 2000 a
1.4282152 577769 1000 2000 a
1.4290152 578769 1000 2000 a
1.4298152 579769 1000 2000 a
1.4306152 580769 1000 2000 a
1.4314152 581769 1000 2000 a
1.4322152 582769 1000 2000 a
1.4330152 583769 1000 2000 a
1.4338152 584769 1000 2000 a
1.4346152 585769 1000 2000 a
1.4354152 586769 1000 2000 a
1.4362152 587769 1000 2000 a
1.4370152 588769 1000 2000 a
1.4378152 589769 1000 2000 a
1.4386152 590769 1000 2000 a
1.4394152 591769 1000 2000 a
1.4402152 592769 1000 2000 a
1.4410152 593769 1000 2000 a
1.4418152 594769 1000 2000 a
1.4426152 595769 1000 2000 a
1.4434152 596769 1000 2000 a
1.4442152 597769 1000 2000 a
1.4450152 598769 1000 2000 a
1.4458152 599769 1000 2000 a
1.4466152 600769 1000 2000 a
1.4474152 601769 1000 2000 a
1.4482152 602769 1000 2000 a
1.4490152 603769 1000 2000 a
1.4498152 604769 1000 2000 a
1.4506152 605769 1000 2000 a
1.4514152 606769 1000 2000 a
1.4522152 607769 1000 2000 a
1.4530152 608769 1000 2000 a
1.4538152 609769 1000 2000 a
1.4546152 610769 1000 2000 a
1.4554152 611769 1000 2000 a
1.4562152 612769 1000 2000 a
1.4570152 613769 1000 2000 a
1.4578152 614769 1000 2000 a
1.4586152 615769 1000 2000 a
1.4594152 616769 1000 2000 a
1.4602152 617769 1000 2000 a
1.4610152 618769 1000 2000 a
1.4618152 619769 1000 2000 a
1.4626152 620769 1000 2000 a
1.4634152 621769 1000 2000 a
1.4642152 622769 1000 2000 a
1.4650152 623769 1000 2000 a
1.4658152 624769 1000 2000 a
1.4666152 625769 1000 2000 a
1.4674152 626769 1000 2000 a
1.4682152 627769 1000 2000 a
1.4690152 628769 1000 2000 a
1.4698152 629769 1000 2000 a
1.4706152 630769 1000 2000 a
1.4714032 631769 1000 2000 a
1.4922032 632754 985 2000 a
1.4930032 633754 1000 2000 a
1.4938032 634754 1000 2000 a
1.4946032 635754 1000 2000 a
1.4954032 636754 1000 2000 a
1.4962032 637754 1000 2000 a
1.4970032 638754 1000 2000 a
1.4978032 639754 1000 2000 a
1.4986032 640754 1000 2000 a
1.4994032 641754 1000 2000 a
1.5002032 642754 1000 2000 a
1.5010032 643754 1000 2000 a
1.5018032 644754 1000 2000 a
1.5026032 645754 1000 2000 a
1.5034032 646754 1000 2000 a
1.5042032 647754 1000 2000 a
1.5050032 648754 1000 2000 a
1.5058032 649754 1000 2000 a
1.5066032 650754 1000 2000 a
1.5074032 651754 1000 2000 a
1.5082032 652754 1000 2000 a
1.5090032 653754 1000 2000 a
1.5098032 654754 1000 2000 a
1.5106032 655754 1000 2000 a
1.5114032 656754 1000 2000 a
1.5122032 657754 1000 2000 a
1.5130032 658754 1000 2000 a
1.5138032 659754 1000 2000 a
1.5146032 660754 1000 2000 a
1.5154032 661754 1000 2000 a
1.5162032 662754 1000 2000 a
1.5170032 663754 1000 2000 a
1.5178032 664754 1000 2000 a
1.5186032 665754 1000 2000 a
1.5194032 666754 1000 2000 a
1.5202032 667754 1000 2000 a
1.5210032 668754 1000 2000 a
1.5218032 669754 1000 2000 a
1.5226032 670754 1000 2000 a
1.5234032 671754 1000 2000 a
1.5242032 672754 1000 2000 a
1.5250032 673754 1000 2000 a
1.5258032 674754 1000 2000 a
1.5266032 675754 1000 2000 a
1.5274032 676754 1000 2000 a
1.5282032 677754 1000 2000 a
1.5290032 678754 1000 2000 a
1.5298032 679754 1000 2000 a
1.5306032 680754 1000 2000 a
1.5314032 681754 1000 2000 a
1.5322032 682754 1000 2000 a
1.5330032 683754 1000 2000 a
1.5338032 684754 1000 2000 a
1.5346032 685754 1000 2000 a
1.5354032 686754 1000 2000 a
1.5362032 687754 1000 2000 a
1.5370032 688754 1000 2000 a
1.5378032 689754 1000 2000 a
1.5386032 690754 1000 2000 a
1.5394032 691754 1000 2000 a
1.5402032 692754 1000 2000 a
1.5410032 693754 1000 2000 a
1.5418032 694754 1000 2000 a
1.5426032 695754 1000 2000 a
1.5434032 696754 1000 2000 a
1.5442032 697754 1000 2000 a
1.5450032 698754 1000 2000 a
1.5458032 699754 1000 2000 a
1.5466032 700754 1000 2000 a
1.5474032 701754 1000 2000 a
1.5482032 702754 1000 2000 a
1.5490032 703754 1000 2000 a
1.5498032 704754 1000 2000 a
1.5506032 705754 1000 2000 a
1.5514032 706754 1000 2000 a
1.5522032 707754 1000 2000 a
1.5530032 708754 1000 2000 a
1.5538032 709754 1000 2000 a
1.5546032 710754 1000 2000 a
1.5554032 711754 1000 2000 a
1.5562032 712754 1000 2000 a
1.5570032 713754 1000 2000 a
1.5578032 714754 1000 2000 a
1.5586032 715754 1000 2000 a
1.5594032 716754 1000 2000 a
1.5602032 717754 1000 2000 a
1.5610032 718754 1000 2000 a
1.5618032 719754 1000 2000 a
1.5626032 720754 1000 2000 a
1.5634032 721754 1000 2000 a
1.5642032 722754 1000 2000 a
1.5650032 723754 1000 2000 a
1.5658032 724754 1000 2000 a
1.5666032 725754 1000 2000 a
1.5674032 726754 1000 2000 a
1.5682032 727754 1000 2000 a
1.5690032 728754 1000 2000 a
1.5698032 729754 1000 2000 a
1.5706032 730754 1000 2000 a
1.5714032 731754 1000 2000 a
1.5722032 732754 1000 2000 a
1.5730032 733754 1000 2000 a
1.5738032 734754 1000 2000 a
1.5745328 735754 1000 2000 a
1.5953328 736666 912 2000 a
1.5961328 737666 1000 2000 a
1.5969328 738666 1000 2000 a
1.5977328 739666 1000 2000 a
1.5985328 740666 1000 2000 a
1.5993328 741666 1000 2000 a
1.6001328 742666 1000 2000 a
1.6009328 743666 1000 2000 a
1.6017328 744666 1000 2000 a
1.6025328 745666 1000 2000 a
1.6033328 746666 1000 2000 a
1.6041328 747666 1000 2000 a
1.6049328 748666 1000 2000 a
1.6057328 749666 1000 2000 a
1.6065328 750666 1000 2000 a
1.6073328 751666 1000 2000 a
1.6081328 752666 1000 2000 a
1.6089328 753666 1000 2000 a
1.6097328 754666 1000 2000 a
1.6105328 755666 1000 2000 a
1.6113328 756666 1000 2000 a
1.6121328 757666 1000 2000 a
1.6129328 758666 1000 2000 a
1.6137328 759666 1000 2000 a
1.6145328 760666 1000 2000 a
1.6153328 761666 1000 2000 a
1.6161328 762666 1000 2000 a
1.6169328 763666 1000 2000 a
1.6177328 764666 1000 2000 a
1.6185328 765666 1000 2000 a
1.6193328 766666 1000 2000 a
1.6201328 767666 1000 2000 a
1.6209328 768666 1000 2000 a
1.6217328 769666 1000 2000 a
1.6225328 770666 1000 2000 a
1.6233328 771666 1000 2000 a
1.6241328 772666 1000 2000 a
1.6249328 773666 1000 2000 a
1.6257328 774666 1000 2000 a
1.6265328 775666 1000 2000 a
1.6273328 776666 1000 2000 a
1.6281328 777666 1000 2000 a
1.6289328 778666 1000 2000 a
1.6297328 779666 1000 2000 a
1.6305328 780666 1000 2000 a
1.6313328 781666 1000 2000 a
1.6321328 782666 1000 2000 a
1.6329328 783666 1000 2000 a
1.6337328 784666 1000 2000 a
1.6345328 785666 1000 2000 a
1.6353328 786666 1000 2000 a
1.6361328 787666 1000 2000 a
1.6369328 788666 1000 2000 a
1.6377328 789666 1000 2000 a
1.6385328 790666 1000 2000 a
1.6393328 791666 1000 2000 a
1.6401328 792666 1000 2000 a
1.6409328 793666 1000 2000 a
1.6417328 794666 1000 2000 a
1.6425328 795666 1000 2000 a
1.6433328 796666 1000 2000 a
1.6441328 797666 1000 2000 a
1.6449328 798666 1000 2000 a
1.6457328 799666 1000 2000 a
1.6465328 800666 1000 2000 a
1.6473328 801666 1000 2000 a
1.6481328 802666 1000 2000 a
1.6489328 803666 1000 2000 a
1.6497328 804666 1000 2000 a
1.6505328 805666 1000 2000 a
1.6513328 806666 1000 2000 a
1.6521328 807666 1000 2000 a
1.6529328 808666 1000 2000 a
1.6537328 809666 1000 2000 a
1.6545328 810666 1000 2000 a
1.6553328 811666 1000 2000 a
1.6561328 812666 1000 2000 a
1.6569328 813666 1000 2000 a
1.6577328 814666 1000 2000 a
1.6585328 815666 1000 2000 a
1.6593328 816666 1000 2000 a
1.6601328 817666 1000 2000 a
1.6609328 818666 1000 2000 a
1.6617328 819666 1000 2000 a
1.6625328 820666 1000 2000 a
1.6633328 821666 1000 2000 a
1.6641328 822666 1000 2000 a
1.6649328 823666 1000 2000 a
1.6657328 824666 1000 2000 a
1.6665328 825666 1000 2000 a
1.6673328 826666 1000 2000 a
1.6681328 827666 1000 2000 a
1.6689328 828666 1000 2000 a
1.6697328 829666 1000 2000 a
1.6705328 830666 1000 2000 a
1.6713328 831666 1000 2000 a
1.6721328 832666 1000 2000 a
1.6729328 833666 1000 2000 a
1.6737328 834666 1000 2000 a
1.6745328 835666 1000 2000 a
1.6753328 836666 1000 2000 a
1.6761328 837666 1000 2000 a
1.6769328 838666 1000 2000 a
1.6777328 839666 1000 2000 a
1.6784104 840666 1000 2000 a
1.6992104 841513 847 2000 a
1.7000104 842513 1000 2000 a
1.7008104 843513 1000 2000 a
1.7016104 844513 1000 2000 a
1.7024104 845513 1000 2000 a
1.7032104 846513 1000 2000 a
1.7040104 847513 1000 2000 a
1.7048104 848513 1000 2000 a
1.7056104 849513 1000 2000 a
1.7064104 850513 1000 2000 a
1.7072104 851513 1000 2000 a
1.7080104 852513 1000 2000 a
1.7088104 853513 1000 2000 a
1.7096104 854513 1000 2000 a
1.7104104 855513 1000 2000 a
1.7112104 856513 1000 2000 a
1.7120104 857513 1000 2000 a
1.7128104 858513 1000 2000 a
1.7136104 859513 1000 2000 a
1.7144104 860513 1000 2000 a
1.7152104 861513 1000 2000 a
1.7160104 862513 1000 2000 a
1.7168104 863513 1000 2000 a
1.7176104 864513 1000 2000 a
1.7184104 865513 1000 2000 a
1.7192104 866513 1000 2000 a
1.7200104 867513 1000 2000 a
1.7208104 868513 1000 2000 a
1.7216104 869513 1000 2000 a
1.7224104 870513 1000 2000 a
1.7232104 871513 1000 2000 a
1.7240104 872513 1000 2000 a
1.7248104 873513 1000 2000 a
1.7256104 874513 1000 2000 a
1.7264104 875513 1000 2000 a
1.7272104 876513 1000 2000 a
1.7280104 877513 1000 2000 a
1.7288104 878513 1000 2000 a
1.7296104 879513 1000 2000 a
1.7304104 880513 1000 2000 a
1.7312104 881513 1000 2000 a
1.7320104 882513 1000 2000 a
1.7328104 883513 1000 2000 a
1.7336104 884513 1000 2000 a
1.7344104 885513 1000 2000 a
1.7352104 886513 1000 2000 a
1.7360104 887513 1000 2000 a
1.7368104 888513 1000 2000 a
1.7376104 889513 1000 2000 a
1.7384104 890513 1000 2000 a
1.7392104 891513 1000 2000 a
1.7400104 892513 1000 2000 a
1.7408104 893513 1000 2000 a
1.7416104 894513 1000 2000 a
1.7424104 895513 1000 2000 a
1.7432104 896513 1000 2000 a
1.7440104 897513 1000 2000 a
1.7448104 898513 1000 2000 a
1.7456104 899513 1000 2000 a
1.7464104 900513 1000 2000 a
1.7472104 901513 1000 2000 a
1.7480104 902513 1000 2000 a
1.7488104 903513 1000 2000 a
1.7496104 904513 1000 2000 a
1.7504104 905513 1000 2000 a
1.7512104 906513 1000 2000 a
1.7520104 907513 1000 2000 a
1.7528104 908513 1000 2000 a
1.7536104 909513 1000 2000 a
1.7544104 910513 1000 2000 a
1.7552104 911513 1000 2000 a
1.7560104 912513 1000 2000 a
1.7568104 913513 1000 2000 a
1.7576104 914513 1000 2000 a
1.7584104 915513 1000 2000 a
1.7592104 916513 1000 2000 a
1.7600104 917513 1000 2000 a
1.7608104 918513 1000 2000 a
1.7616104 919513 1000 2000 a
1.7624104 920513 1000 2000 a
1.7632104 921513 1000 2000 a
1.7640104 922513 1000 2000 a
1.7648104 923513 1000 2000 a
1.7656104 924513 1000 2000 a
1.7664104 925513 1000 2000 a
1.7672104 926513 1000 2000 a
1.7680104 927513 1000 2000 a
1.7688104 928513 1000 2000 a
1.7696104 929513 1000 2000 a
1.7704104 930513 1000 2000 a
1.7712104 931513 1000 2000 a
1.7720104 932513 1000 2000 a
1.7728104 933513 1000 2000 a
1.7736104 934513 1000 2000 a
1.7744104 935513 1000 2000 a
1.7752104 936513 1000 2000 a
1.7760104 937513 1000 2000 a
1.7768104 938513 1000 2000 a
1.7776104 939513 1000 2000 a
1.7784104 940513 1000 2000 a
1.7792104 941513 1000 2000 a
1.7800104 942513 1000 2000 a
1.7808104 943513 1000 2000 a
1.7816104 944513 1000 2000 a
1.7824104 945513 1000 2000 a
1.7830432 946513 1000 2000 a
1.8038432 947304 791 2000 a
1.8046432 948304 1000 2000 a
1.8054432 949304 1000 2000 a
1.8062432 950304 1000 2000 a
1.8070432 951304 1000 2000 a
1.8078432 952304 1000 2000 a
1.8086432 953304 1000 2000 a
1.8094432 954304 1000 2000 a
1.8102432 955304 1000 2000 a
1.8110432 956304 1000 2000 a
1.8118432 957304 1000 2000 a
1.8126432 958304 1000 2000 a
1.8134432 959304 1000 2000 a
1.8142432 960304 1000 2000 a
1.8150432 961304 1000 2000 a
1.8158432 962304 1000 2000 a
1.8166432 963304 1000 2000 a
1.8174432 964304 1000 2000 a
1.8182432 965304 1000 2000 a
1.8190432 966304 1000 2000 a
1.8198432 967304 1000 2000 a
1.8206432 968304 1000 2000 a
1.8214432 969304 1000 2000 a
1.8222432 970304 1000 2000 a
1.8230432 971304 1000 2000 a
1.8238432 972304 1000 2000 a
1.8246432 973304 1000 2000 a
1.8254432 974304 1000 2000 a
1.8262432 975304 1000 2000 a
1.8270432 976304 1000 2000 a
1.8278432 977304 1000 2000 a
1.8286432 978304 1000 2000 a
1.8294432 979304 1000 2000 a
1.8302432 980304 1000 2000 a
1.8310432 981304 1000 2000 a
1.8318432 982304 1000 2000 a
1.8326432 983304 1000 2000 a
1.8334432 984304 1000 2000 a
1.8342432 985304 1000 2000 a
1.8350432 986304 1000 2000 a
1.8358432 987304 1000 2000 a
1.8366432 988304 1000 2000 a
1.8374432 989304 1000 2000 a
1.8382432 990304 1000 2000 a
1.8390432 991304 1000 2000 a
1.8398432 992304 1000 2000 a
1.8406432 993304 1000 2000 a
1.8414432 994304 1000 2000 a
1.8422432 995304 1000 2000 a
1.8430432 996304 1000 2000 a
1.8438432 997304 1000 2000 a
1.8446432 998304 1000 2000 a
1.8452 999304 1000 2000 a
