# Time (seconds) Size (packets)0 0
0 0
0.0108 0
0.0108 0
0.0208 0
0.0208 0
0.0208 1
0.0216 0
0.0316 0
0.0316 0
0.0324 0
0.0324 0
0.0424 0
0.0424 0
0.0424 1
0.0424 2
0.0424 3
0.0432 2
0.044 1
0.0448 0
0.0532 0
0.0532 0
0.054 0
0.054 0
0.0548 0
0.0548 0
0.0556 0
0.0556 0
0.0656 0
0.0656 0
0.0656 1
0.0656 2
0.0656 3
0.0656 4
0.0656 5
0.0656 6
0.0656 7
0.0664 6
0.0672 5
0.068 4
0.0688 3
0.0696 2
0.0704 1
0.0712 0
0.0764 0
0.0764 0
0.0772 0
0.0772 0
0.078 0
0.078 0
0.0788 0
0.0788 0
0.0796 0
0.0796 0
0.0804 0
0.0804 0
0.0812 0
0.0812 0
0.082 0
0.082 0
0.092 0
0.092 0
0.092 1
0.092 2
0.092 3
0.092 4
0.092 5
0.092 6
0.092 7
0.092 8
0.092 9
0.092 10
0.092 11
0.092 12
0.092 13
0.092 14
0.092 15
0.0928 14
0.0936 13
0.0944 12
0.0952 11
0.096 10
0.0968 9
0.0976 8
0.0984 7
0.0992 6
0.1 5
0.1 6
0.1008 5
0.1016 4
0.1024 3
0.1028 0
0.1028 0
0.1032 2
0.1036 0
0.1036 0
0.104 1
0.1044 0
0.1044 0
0.1048 0
0.1052 0
0.1052 0
0.106 0
0.106 0
0.1068 0
0.1068 0
0.1076 0
0.1076 0
0.1084 0
0.1084 0
0.1092 0
0.1092 0
0.11 0
0.11 0
0.1108 0
0.1108 0
0.1116 0
0.1116 0
0.1124 0
0.1124 0
0.1132 0
0.1132 0
0.114 0
0.114 0
0.1148 0
0.1148 0
0.1156 0
0.1156 0
0.1248 0
0.1248 0
0.1248 1
0.1248 2
0.1248 3
0.1248 4
0.1248 5
0.1248 6
0.1248 7
0.1248 8
0.1248 9
0.1248 10
0.1248 11
0.1248 12
0.1248 13
0.1248 14
0.1248 15
0.1248 16
0.1248 17
0.1248 18
0.1248 19
0.1248 20
0.1248 21
0.1248 22
0.1248 23
0.1248 24
0.1248 25
0.1248 26
0.1248 27
0.1248 28
0.1248 29
0.1248 30
0.1248 31
0.1256 30
0.1256 31
0.1256 32
0.1264 31
0.1272 30
0.128 29
0.1288 28
0.1296 27
0.1304 26
0.1312 25
0.132 24
0.1328 23
0.1336 22
0.1344 21
0.1352 20
0.1356 0
0.1356 0
0.136 19
0.1364 0
0.1364 0
0.1368 18
0.1372 0
0.1372 0
0.1376 17
0.138 0
0.138 0
0.1384 16
0.1388 0
0.1388 0
0.1392 15
0.1396 0
0.1396 0
0.14 14
0.1404 0
0.1404 0
0.1408 13
0.1412 0
0.1412 0
0.1416 12
0.142 0
0.142 0
0.1424 11
0.1428 0
0.1428 0
0.1432 10
0.1436 0
0.1436 0
0.144 9
0.1444 0
0.1444 0
0.1448 8
0.1452 0
0.1452 0
0.1456 7
0.146 0
0.146 0
0.1464 6
0.1468 0
0.1468 0
0.1472 5
0.1476 0
0.1476 0
0.148 4
0.1484 0
0.1484 0
0.1488 3
0.1492 0
0.1492 0
0.1496 2
0.15 0
0.15 0
0.1504 1
0.1508 0
0.1508 0
0.1512 0
0.1516 0
0.1516 0
0.1524 0
0.1524 0
0.1532 0
0.1532 0
0.154 0
0.154 0
0.1548 0
0.1548 0
0.1556 0
0.1556 0
0.1564 0
0.1564 0
0.1572 0
0.1572 0
0.158 0
0.158 0
0.1588 0
0.1588 0
0.1596 0
0.1596 0
0.1604 0
0.1604 0
0.1612 0
0.1612 0
0.162 0
0.162 0
0.1704 0
0.1704 0
0.1704 1
0.1704 2
0.1704 3
0.1704 4
0.1704 5
0.1704 6
0.1704 7
0.1704 8
0.1704 9
0.1704 10
0.1704 11
0.1704 12
0.1704 13
0.1704 14
0.1704 15
0.1704 16
0.1704 17
0.1704 18
0.1704 19
0.1704 20
0.1704 21
0.1704 22
0.1704 23
0.1704 24
0.1704 25
0.1704 26
0.1704 27
0.1704 28
0.1704 29
0.1704 30
0.1704 31
0.1704 32
0.1704 33
0.1704 34
0.1704 35
0.1704 36
0.1704 37
0.1704 38
0.1704 39
0.1704 40
0.1704 41
0.1704 42
0.1704 43
0.1704 44
0.1704 45
0.1704 46
0.1704 47
0.1704 48
0.1704 49
0.1704 50
0.1704 51
0.1704 52
0.1704 53
0.1704 54
0.1704 55
0.1704 56
0.1704 57
0.1704 58
0.1704 59
0.1704 60
0.1704 61
0.1704 62
0.1704 63
0.1712 62
0.172 61
0.172 62
0.172 63
0.172 64
0.172 65
0.1728 64
0.1736 63
0.1744 62
0.1752 61
0.176 60
0.1768 59
0.1776 58
0.1784 57
0.1792 56
0.18 55
0.1808 54
0.1812 0
0.1812 0
0.1816 53
0.182 0
0.182 0
0.1824 52
0.1828 0
0.1828 0
0.1832 51
0.1836 0
0.1836 0
0.184 50
0.1844 0
0.1844 0
0.1848 49
0.1852 0
0.1852 0
0.1856 48
0.186 0
0.186 0
0.1864 47
0.1868 0
0.1868 0
0.1872 46
0.1876 0
0.1876 0
0.188 45
0.1884 0
0.1884 0
0.1888 44
0.1892 0
0.1892 0
0.1896 43
0.19 0
0.19 0
0.1904 42
0.1908 0
0.1908 0
0.1912 41
0.1916 0
0.1916 0
0.192 40
0.1924 0
0.1924 0
0.1928 39
0.1932 0
0.1932 0
0.1936 38
0.194 0
0.194 0
0.1944 37
0.1948 0
0.1948 0
0.1952 36
0.1956 0
0.1956 0
0.196 35
0.1964 0
0.1964 0
0.1968 34
0.1972 0
0.1972 0
0.1976 33
0.198 0
0.198 0
0.1984 32
0.1988 0
0.1988 0
0.1992 31
0.1996 0
0.1996 0
0.2 30
0.2004 0
0.2004 0
0.2008 29
0.2012 0
0.2012 0
0.2016 28
0.202 0
0.202 0
0.2024 27
0.2028 0
0.2028 0
0.2032 26
0.2036 0
0.2036 0
0.204 25
0.2044 0
0.2044 0
0.2048 24
0.2052 0
0.2052 0
0.2056 23
0.206 0
0.206 0
0.2064 22
0.2068 0
0.2068 0
0.2072 21
0.2076 0
0.2076 0
0.208 20
0.2084 0
0.2084 0
0.2088 19
0.2092 0
0.2092 0
0.2096 18
0.21 0
0.21 0
0.2104 17
0.2108 0
0.2108 0
0.2112 16
0.2116 0
0.2116 0
0.212 15
0.2124 0
0.2124 0
0.2128 14
0.2132 0
0.2132 0
0.2136 13
0.214 0
0.214 0
0.2144 12
0.2148 0
0.2148 0
0.2152 11
0.2156 0
0.2156 0
0.216 10
0.2164 0
0.2164 0
0.2168 9
0.2172 0
0.2172 0
0.2176 8
0.218 0
0.218 0
0.2184 7
0.2188 0
0.2188 0
0.2192 6
0.2196 0
0.2196 0
0.22 5
0.2204 0
0.2204 0
0.2208 4
0.2212 0
0.2212 0
0.2216 3
0.222 0
0.222 0
0.2224 2
0.2228 0
0.2228 0
0.2232 1
0.2236 0
0.2236 0
0.224 0
0.2244 0
0.2244 0
0.2252 0
0.2252 0
0.226 0
0.226 0
0.2268 0
0.2268 0
0.2276 0
0.2276 0
0.2284 0
0.2284 0
0.2292 0
0.2292 0
0.23 0
0.23 0
0.2308 0
0.2308 0
0.2316 0
0.2316 0
0.2324 0
0.2324 0
0.2332 0
0.2332 0
0.234 0
0.234 0
0.2348 0
0.2348 0
0.2416 0
0.2416 0
0.2416 1
0.2416 2
0.2416 3
0.2416 4
0.2416 5
0.2416 6
0.2416 7
0.2416 8
0.2416 9
0.2416 10
0.2416 11
0.2416 12
0.2416 13
0.2416 14
0.2416 15
0.2416 16
0.2416 17
0.2416 18
0.2416 19
0.2416 20
0.2416 21
0.2416 22
0.2416 23
0.2416 24
0.2416 25
0.2416 26
0.2416 27
0.2416 28
0.2416 29
0.2416 30
0.2416 31
0.2416 32
0.2416 33
0.2416 34
0.2416 35
0.2416 36
0.2416 37
0.2416 38
0.2416 39
0.2416 40
0.2416 41
0.2416 42
0.2416 43
0.2416 44
0.2416 45
0.2416 46
0.2416 47
0.2416 48
0.2416 49
0.2416 50
0.2416 51
0.2416 52
0.2416 53
0.2416 54
0.2416 55
0.2416 56
0.2416 57
0.2416 58
0.2416 59
0.2416 60
0.2416 61
0.2416 62
0.2416 63
0.2416 64
0.2416 65
0.2416 66
0.2416 67
0.2416 68
0.2416 69
0.2416 70
0.2416 71
0.2416 72
0.2416 73
0.2416 74
0.2416 75
0.2416 76
0.2416 77
0.2416 78
0.2416 79
0.2416 80
0.2416 81
0.2416 82
0.2416 83
0.2416 84
0.2416 85
0.2416 86
0.2416 87
0.2416 88
0.2416 89
0.2416 90
0.2416 91
0.2416 92
0.2416 93
0.2416 94
0.2416 95
0.2416 96
0.2416 97
0.2416 98
0.2416 99
0.2424 98
0.2432 97
0.244 96
0.2448 95
0.2448 96
0.2448 97
0.2448 98
0.2448 99
0.2448 100
0.2448 101
0.2448 102
0.2448 103
0.2456 102
0.2464 101
0.2472 100
0.248 99
0.2488 98
0.2496 97
0.2504 96
0.2512 95
0.252 94
0.2524 0
0.2524 0
0.2528 93
0.2532 0
0.2532 0
0.2536 92
0.254 0
0.254 0
0.2544 91
0.2548 0
0.2548 0
0.2552 90
0.2556 0
0.2556 0
0.256 89
0.2564 0
0.2564 0
0.2568 88
0.2572 0
0.2572 0
0.2576 87
0.258 0
0.258 0
0.2584 86
0.2588 0
0.2588 0
0.2592 85
0.2596 0
0.2596 0
0.26 84
0.2604 0
0.2604 0
0.2608 83
0.2612 0
0.2612 0
0.2616 82
0.262 0
0.262 0
0.2624 81
0.2628 0
0.2628 0
0.2632 80
0.2636 0
0.2636 0
0.264 79
0.2644 0
0.2644 0
0.2648 78
0.2652 0
0.2652 0
0.2656 77
0.266 0
0.266 0
0.2664 76
0.2668 0
0.2668 0
0.2672 75
0.2676 0
0.2676 0
0.268 74
0.2684 0
0.2684 0
0.2688 73
0.2692 0
0.2692 0
0.2696 72
0.27 0
0.27 0
0.2704 71
0.2708 0
0.2708 0
0.2712 70
0.2716 0
0.2716 0
0.272 69
0.2724 0
0.2724 0
0.2728 68
0.2732 0
0.2732 0
0.2736 67
0.274 0
0.274 0
0.2744 66
0.2748 0
0.2748 0
0.2752 65
0.2756 0
0.2756 0
0.276 64
0.2764 0
0.2764 0
0.2768 63
0.2772 0
0.2772 0
0.2776 62
0.278 0
0.278 0
0.2784 61
0.2788 0
0.2788 0
0.2792 60
0.2796 0
0.2796 0
0.28 59
0.2804 0
0.2804 0
0.2808 58
0.2812 0
0.2812 0
0.2816 57
0.282 0
0.282 0
0.2824 56
0.2828 0
0.2828 0
0.2832 55
0.2836 0
0.2836 0
0.284 54
0.2844 0
0.2844 0
0.2848 53
0.2852 0
0.2852 0
0.2856 52
0.286 0
0.286 0
0.2864 51
0.2868 0
0.2868 0
0.2872 50
0.2876 0
0.2876 0
0.288 49
0.2884 0
0.2884 0
0.2888 48
0.2892 0
0.2892 0
0.2896 47
0.29 0
0.29 0
0.2904 46
0.2908 0
0.2908 0
0.2912 45
0.2916 0
0.2916 0
0.292 44
0.2924 0
0.2924 0
0.2928 43
0.2932 0
0.2932 0
0.2936 42
0.294 0
0.294 0
0.2944 41
0.2948 0
0.2948 0
0.2952 40
0.2956 0
0.2956 0
0.296 39
0.2964 0
0.2964 0
0.2968 38
0.2972 0
0.2972 0
0.2976 37
0.298 0
0.298 0
0.2984 36
0.2988 0
0.2988 0
0.2992 35
0.2996 0
0.2996 0
0.3 34
0.3004 0
0.3004 0
0.3008 33
0.3012 0
0.3012 0
0.3016 32
0.302 0
0.302 0
0.3024 31
0.3028 0
0.3028 0
0.3032 30
0.3036 0
0.3036 0
0.304 29
0.3044 0
0.3044 0
0.3048 28
0.3052 0
0.3052 0
0.3056 27
0.306 0
0.306 0
0.3064 26
0.3068 0
0.3068 0
0.3072 25
0.3076 0
0.3076 0
0.308 24
0.3084 0
0.3084 0
0.3088 23
0.3092 0
0.3092 0
0.3096 22
0.31 0
0.31 0
0.3104 21
0.3108 0
0.3108 0
0.3112 20
0.3116 0
0.3116 0
0.312 19
0.3124 0
0.3124 0
0.3128 18
0.3132 0
0.3132 0
0.3136 17
0.314 0
0.314 0
0.3144 16
0.3148 0
0.3148 0
0.3152 15
0.3156 0
0.3156 0
0.316 14
0.3164 0
0.3164 0
0.3168 13
0.3172 0
0.3172 0
0.3176 12
0.318 0
0.318 0
0.3184 11
0.3188 0
0.3188 0
0.3192 10
0.3196 0
0.3196 0
0.32 9
0.3204 0
0.3204 0
0.3208 8
0.321032 7
0.3212 0
0.3212 0
0.321832 6
0.322 0
0.322 0
0.322632 5
0.3228 0
0.3228 0
0.323432 4
0.3236 0
0.3236 0
0.324232 3
0.3244 0
0.3244 0
0.325032 2
0.3252 0
0.3252 0
0.325832 1
0.326 0
0.326 0
0.326632 0
0.3268 0
0.3268 0
0.3276 0
0.3276 0
0.3284 0
0.3284 0
0.3292 0
0.3292 0
0.33 0
0.33 0
0.3308 0
0.3308 0
0.331032 0
0.331032 0
0.331832 0
0.331832 0
0.332632 0
0.332632 0
0.333432 0
0.333432 0
0.334232 0
0.334232 0
0.335032 0
0.335032 0
0.335832 0
0.335832 0
0.336632 0
0.336632 0
0.337432 0
0.337432 0
0.341032 0
0.341032 0
0.341032 1
0.341032 2
0.341032 3
0.341032 4
0.341032 5
0.341032 6
0.341032 7
0.341032 8
0.341032 9
0.341032 10
0.341032 11
0.341032 12
0.341032 13
0.341032 14
0.341032 15
0.341032 16
0.341032 17
0.341032 18
0.341032 19
0.341032 20
0.341032 21
0.341032 22
0.341032 23
0.341032 24
0.341032 25
0.341032 26
0.341032 27
0.341032 28
0.341032 29
0.341032 30
0.341032 31
0.341032 32
0.341032 33
0.341032 34
0.341032 35
0.341032 36
0.341032 37
0.341032 38
0.341032 39
0.341032 40
0.341032 41
0.341032 42
0.341032 43
0.341032 44
0.341032 45
0.341032 46
0.341032 47
0.341032 48
0.341032 49
0.341032 50
0.341032 51
0.341032 52
0.341032 53
0.341032 54
0.341032 55
0.341032 56
0.341032 57
0.341032 58
0.341032 59
0.341032 60
0.341032 61
0.341032 62
0.341032 63
0.341032 64
0.341032 65
0.341032 66
0.341032 67
0.341032 68
0.341032 69
0.341032 70
0.341032 71
0.341032 72
0.341032 73
0.341032 74
0.341032 75
0.341032 76
0.341032 77
0.341032 78
0.341032 79
0.341032 80
0.341032 81
0.341032 82
0.341032 83
0.341032 84
0.341032 85
0.341032 86
0.341032 87
0.341032 88
0.341032 89
0.341032 90
0.341032 91
0.341032 92
0.341032 93
0.341032 94
0.341032 95
0.341032 96
0.341032 97
0.341032 98
0.341032 99
0.341032 100
0.341832 99
0.342632 98
0.343432 97
0.344232 96
0.345032 95
0.345832 94
0.346632 93
0.347432 94
0.347432 95
0.347432 96
0.347432 97
0.347432 98
0.347432 99
0.347432 100
0.347432 101
0.347432 102
0.347432 103
0.347432 104
0.347432 105
0.347432 106
0.347432 107
0.347432 108
0.347432 109
0.347432 108
0.348232 107
0.349032 106
0.349832 105
0.350632 104
0.351432 103
0.351832 0
0.351832 0
0.352232 102
0.352632 0
0.352632 0
0.353032 101
0.353432 0
0.353432 0
0.353832 100
0.354232 0
0.354232 0
0.354632 99
0.355032 0
0.355032 0
0.355432 98
0.355832 0
0.355832 0
0.356232 97
0.356632 0
0.356632 0
0.357032 96
0.357432 0
0.357432 0
0.357832 95
0.358232 0
0.358232 0
0.358632 94
0.359032 0
0.359032 0
0.359432 93
0.359832 0
0.359832 0
0.360232 92
0.360632 0
0.360632 0
0.361032 91
0.361432 0
0.361432 0
0.361832 90
0.362232 0
0.362232 0
0.362632 89
0.363032 0
0.363032 0
0.363432 88
0.363832 0
0.363832 0
0.364232 87
0.364632 0
0.364632 0
0.365032 86
0.365432 0
0.365432 0
0.365832 85
0.366232 0
0.366232 0
0.366632 84
0.367032 0
0.367032 0
0.367432 83
0.367832 0
0.367832 0
0.368232 82
0.368632 0
0.368632 0
0.369032 81
0.369432 0
0.369432 0
0.369832 80
0.370232 0
0.370232 0
0.370632 79
0.371032 0
0.371032 0
0.371432 78
0.371832 0
0.371832 0
0.372232 77
0.372632 0
0.372632 0
0.373032 76
0.373432 0
0.373432 0
0.373832 75
0.374232 0
0.374232 0
0.374632 74
0.375032 0
0.375032 0
0.375432 73
0.375832 0
0.375832 0
0.376232 72
0.376632 0
0.376632 0
0.377032 71
0.377432 0
0.377432 0
0.377832 70
0.378232 0
0.378232 0
0.378632 69
0.379032 0
0.379032 0
0.379432 68
0.379832 0
0.379832 0
0.380232 67
0.380632 0
0.380632 0
0.381032 66
0.381432 0
0.381432 0
0.381832 65
0.382232 0
0.382232 0
0.382632 64
0.383032 0
0.383032 0
0.383432 63
0.383832 0
0.383832 0
0.384232 62
0.384632 0
0.384632 0
0.385032 61
0.385432 0
0.385432 0
0.385832 60
0.386232 0
0.386232 0
0.386632 59
0.387032 0
0.387032 0
0.387432 58
0.387832 0
0.387832 0
0.388232 57
0.388632 0
0.388632 0
0.389032 56
0.389432 0
0.389432 0
0.389832 55
0.390232 0
0.390232 0
0.390632 54
0.391032 0
0.391032 0
0.391432 53
0.391832 0
0.391832 0
0.392232 52
0.392632 0
0.392632 0
0.393032 51
0.393432 0
0.393432 0
0.393832 50
0.394232 0
0.394232 0
0.394632 49
0.395032 0
0.395032 0
0.395432 48
0.395832 0
0.395832 0
0.396232 47
0.396632 0
0.396632 0
0.397032 46
0.397432 0
0.397432 0
0.397832 45
0.398232 0
0.398232 0
0.398632 44
0.399032 0
0.399032 0
0.399432 43
0.399832 0
0.399832 0
0.400232 42
0.400632 0
0.400632 0
0.401032 41
0.401432 0
0.401432 0
0.401832 40
0.402232 0
0.402232 0
0.402632 39
0.403032 0
0.403032 0
0.403432 38
0.403832 0
0.403832 0
0.404232 37
0.404632 0
0.404632 0
0.405032 36
0.405432 0
0.405432 0
0.405832 35
0.406232 0
0.406232 0
0.406632 34
0.407032 0
0.407032 0
0.407432 33
0.407832 0
0.407832 0
0.408232 32
0.408632 0
0.408632 0
0.409032 31
0.409432 0
0.409432 0
0.409832 30
0.410232 0
0.410232 0
0.410632 29
0.411032 0
0.411032 0
0.411432 28
0.411832 0
0.411832 0
0.412232 27
0.412632 0
0.412632 0
0.413032 26
0.413432 0
0.413432 0
0.413832 25
0.414232 0
0.414232 0
0.414632 24
0.415032 0
0.415032 0
0.415432 23
0.415832 0
0.415832 0
0.416232 22
0.416632 0
0.416632 0
0.417032 21
0.417432 0
0.417432 0
0.417832 20
0.418232 0
0.418232 0
0.418632 19
0.419032 0
0.419032 0
0.419432 18
0.419832 0
0.419832 0
0.420232 17
0.420632 0
0.420632 0
0.421032 16
0.421236 15
0.421432 0
0.421432 0
0.422036 14
0.422232 0
0.422232 0
0.422836 13
0.423032 0
0.423032 0
0.423636 12
0.423832 0
0.423832 0
0.424436 11
0.424632 0
0.424632 0
0.425236 10
0.425432 0
0.425432 0
0.426036 9
0.426232 0
0.426232 0
0.426836 8
0.427032 0
0.427032 0
0.427636 7
0.427832 0
0.427832 0
0.428436 6
0.428632 0
0.428632 0
0.429236 5
0.429432 0
0.429432 0
0.430036 4
0.430232 0
0.430232 0
0.430836 3
0.431032 0
0.431032 0
0.431236 0
0.431236 0
0.431636 2
0.432036 0
0.432036 0
0.432436 1
0.432836 0
0.432836 0
0.433236 0
0.433636 0
0.433636 0
0.434436 0
0.434436 0
0.435236 0
0.435236 0
0.436036 0
0.436036 0
0.436836 0
0.436836 0
0.437636 0
0.437636 0
0.438436 0
0.438436 0
0.439236 0
0.439236 0
0.440036 0
0.440036 0
0.440836 0
0.440836 0
0.441236 0
0.441236 0
0.441236 1
0.441236 2
0.441236 3
0.441236 4
0.441236 5
0.441236 6
0.441236 7
0.441236 8
0.441236 9
0.441236 10
0.441236 11
0.441236 12
0.441236 13
0.441236 14
0.441236 15
0.441236 16
0.441236 17
0.441236 18
0.441236 19
0.441236 20
0.441236 21
0.441236 22
0.441236 23
0.441236 24
0.441236 25
0.441236 26
0.441236 27
0.441236 28
0.441236 29
0.441236 30
0.441236 31
0.441236 32
0.441236 33
0.441236 34
0.441236 35
0.441236 36
0.441236 37
0.441236 38
0.441236 39
0.441236 40
0.441236 41
0.441236 42
0.441236 43
0.441236 44
0.441236 45
0.441236 46
0.441236 47
0.441236 48
0.441236 49
0.441236 50
0.441236 51
0.441236 52
0.441236 53
0.441236 54
0.441236 55
0.441236 56
0.441236 57
0.441236 58
0.441236 59
0.441236 60
0.441236 61
0.441236 62
0.441236 63
0.441236 64
0.441236 65
0.441236 66
0.441236 67
0.441236 68
0.441236 69
0.441236 70
0.441236 71
0.441236 72
0.441236 73
0.441236 74
0.441236 75
0.441236 76
0.441236 77
0.441236 78
0.441236 79
0.441236 80
0.441236 81
0.441236 82
0.441236 83
0.441236 84
0.441236 85
0.441236 86
0.441236 87
0.441236 88
0.441236 89
0.441236 90
0.441236 91
0.441236 92
0.441236 93
0.441236 94
0.441236 95
0.441236 96
0.441236 97
0.441236 98
0.441236 99
0.441236 100
0.441236 101
0.441636 0
0.441636 0
0.442036 100
0.442436 0
0.442436 0
0.442836 99
0.443236 0
0.443236 0
0.443636 98
0.444036 0
0.444036 0
0.444436 97
0.445236 96
0.446036 95
0.446836 94
0.447636 93
0.448436 92
0.449236 91
0.450036 90
0.450836 89
0.451636 88
0.452036 0
0.452036 0
0.452436 87
0.452836 0
0.452836 0
0.453236 86
0.453636 0
0.453636 0
0.454036 87
0.454036 88
0.454036 89
0.454036 90
0.454036 91
0.454036 92
0.454036 93
0.454036 94
0.454036 95
0.454036 96
0.454036 97
0.454036 98
0.454036 99
0.454036 100
0.454036 101
0.454036 102
0.454036 103
0.454036 104
0.454036 105
0.454036 106
0.454036 107
0.454036 108
0.454036 109
0.454036 110
0.454036 111
0.454036 112
0.454036 113
0.454036 114
0.454036 115
0.454036 116
0.454036 117
0.454036 118
0.454036 117
0.454436 0
0.454436 0
0.454836 116
0.455236 0
0.455236 0
0.455636 115
0.456036 0
0.456036 0
0.456436 114
0.456836 0
0.456836 0
0.457236 113
0.457636 0
0.457636 0
0.458036 112
0.458436 0
0.458436 0
0.458836 111
0.459236 0
0.459236 0
0.459636 110
0.460036 0
0.460036 0
0.460436 109
0.460836 0
0.460836 0
0.461236 108
0.461636 0
0.461636 0
0.462036 107
0.462436 0
0.462436 0
0.462836 106
0.463236 0
0.463236 0
0.463636 105
0.464036 0
0.464036 0
0.464436 104
0.464836 0
0.464836 0
0.465236 103
0.465636 0
0.465636 0
0.466036 102
0.466436 0
0.466436 0
0.466836 101
0.467236 0
0.467236 0
0.467636 100
0.468036 0
0.468036 0
0.468436 99
0.468836 0
0.468836 0
0.469236 98
0.469636 0
0.469636 0
0.470036 97
0.470436 0
0.470436 0
0.470836 96
0.471236 0
0.471236 0
0.471636 95
0.472036 0
0.472036 0
0.472436 94
0.472836 0
0.472836 0
0.473236 93
0.473636 0
0.473636 0
0.474036 92
0.474436 0
0.474436 0
0.474836 91
0.475236 0
0.475236 0
0.475636 90
0.476036 0
0.476036 0
0.476436 89
0.476836 0
0.476836 0
0.477236 88
0.477636 0
0.477636 0
0.478036 87
0.478436 0
0.478436 0
0.478836 86
0.479236 0
0.479236 0
0.479636 85
0.480036 0
0.480036 0
0.480436 84
0.480836 0
0.480836 0
0.481236 83
0.481636 0
0.481636 0
0.482036 82
0.482436 0
0.482436 0
0.482836 81
0.483236 0
0.483236 0
0.483636 80
0.484036 0
0.484036 0
0.484436 79
0.484836 0
0.484836 0
0.485236 78
0.485636 0
0.485636 0
0.486036 77
0.486436 0
0.486436 0
0.486836 76
0.487236 0
0.487236 0
0.487636 75
0.488036 0
0.488036 0
0.488436 74
0.488836 0
0.488836 0
0.489236 73
0.489636 0
0.489636 0
0.490036 72
0.490436 0
0.490436 0
0.490836 71
0.491236 0
0.491236 0
0.491636 70
0.492036 0
0.492036 0
0.492436 69
0.492836 0
0.492836 0
0.493236 68
0.493636 0
0.493636 0
0.494036 67
0.494436 0
0.494436 0
0.494836 66
0.495236 0
0.495236 0
0.495636 65
0.496036 0
0.496036 0
0.496436 64
0.496836 0
0.496836 0
0.497236 63
0.497636 0
0.497636 0
0.498036 62
0.498436 0
0.498436 0
0.498836 61
0.499236 0
0.499236 0
0.499636 60
0.500036 0
0.500036 0
0.500436 59
0.500836 0
0.500836 0
0.501236 58
0.501636 0
0.501636 0
0.502036 57
0.502436 0
0.502436 0
0.502836 56
0.503236 0
0.503236 0
0.503636 55
0.504036 0
0.504036 0
0.504436 54
0.504836 0
0.504836 0
0.505236 53
0.505636 0
0.505636 0
0.506036 52
0.506436 0
0.506436 0
0.506836 51
0.507236 0
0.507236 0
0.507636 50
0.508036 0
0.508036 0
0.508436 49
0.508836 0
0.508836 0
0.509236 48
0.509636 0
0.509636 0
0.510036 47
0.510436 0
0.510436 0
0.510836 46
0.511236 0
0.511236 0
0.511636 45
0.512036 0
0.512036 0
0.512436 44
0.512836 0
0.512836 0
0.513236 43
0.513636 0
0.513636 0
0.514036 42
0.514436 0
0.514436 0
0.514836 41
0.515236 0
0.515236 0
0.515636 40
0.516036 0
0.516036 0
0.516436 39
0.516836 0
0.516836 0
0.517236 38
0.517636 0
0.517636 0
0.518036 37
0.518436 0
0.518436 0
0.518836 36
0.519236 0
0.519236 0
0.519636 35
0.520036 0
0.520036 0
0.520436 34
0.520836 0
0.520836 0
0.521236 33
0.521636 0
0.521636 0
0.522036 32
0.5221616 31
0.522436 0
0.522436 0
0.5229616 30
0.523236 0
0.523236 0
0.5237616 29
0.524036 0
0.524036 0
0.5245616 28
0.524836 0
0.524836 0
0.5253616 27
0.525636 0
0.525636 0
0.5261616 26
0.526436 0
0.526436 0
0.5269616 25
0.527236 0
0.527236 0
0.5277616 24
0.528036 0
0.528036 0
0.5285616 23
0.528836 0
0.528836 0
0.5293616 22
0.529636 0
0.529636 0
0.5301616 21
0.530436 0
0.530436 0
0.5309616 20
0.531236 0
0.531236 0
0.5317616 19
0.532036 0
0.532036 0
0.5321616 0
0.5321616 0
0.5325616 18
0.5329616 0
0.5329616 0
0.5333616 17
0.5337616 0
0.5337616 0
0.5341616 16
0.5345616 0
0.5345616 0
0.5349616 15
0.5353616 0
0.5353616 0
0.5357616 14
0.5361616 0
0.5361616 0
0.5365616 13
0.5369616 0
0.5369616 0
0.5373616 12
0.5377616 0
0.5377616 0
0.5381616 11
0.5385616 0
0.5385616 0
0.5389616 10
0.5393616 0
0.5393616 0
0.5397616 9
0.5401616 0
0.5401616 0
0.5405616 8
0.5409616 0
0.5409616 0
0.5413616 7
0.5417616 0
0.5417616 0
0.5421616 8
0.5421616 9
0.5421616 10
0.5421616 11
0.5421616 12
0.5421616 13
0.5421616 14
0.5421616 15
0.5421616 16
0.5421616 17
0.5421616 18
0.5421616 19
0.5421616 20
0.5421616 21
0.5421616 22
0.5421616 23
0.5421616 24
0.5421616 25
0.5421616 26
0.5421616 27
0.5421616 28
0.5421616 29
0.5421616 30
0.5421616 31
0.5421616 32
0.5421616 33
0.5421616 34
0.5421616 35
0.5421616 36
0.5421616 37
0.5421616 38
0.5421616 39
0.5421616 40
0.5421616 41
0.5421616 42
0.5421616 43
0.5421616 44
0.5421616 45
0.5421616 46
0.5421616 47
0.5421616 48
0.5421616 49
0.5421616 50
0.5421616 51
0.5421616 52
0.5421616 53
0.5421616 54
0.5421616 55
0.5421616 56
0.5421616 57
0.5421616 58
0.5421616 59
0.5421616 60
0.5421616 61
0.5421616 62
0.5421616 63
0.5421616 64
0.5421616 65
0.5421616 66
0.5421616 67
0.5421616 68
0.5421616 69
0.5421616 70
0.5421616 71
0.5421616 72
0.5421616 73
0.5421616 74
0.5421616 75
0.5421616 76
0.5421616 77
0.5421616 78
0.5421616 79
0.5421616 80
0.5421616 81
0.5421616 82
0.5421616 83
0.5421616 84
0.5421616 85
0.5421616 86
0.5421616 87
0.5421616 88
0.5421616 89
0.5421616 90
0.5421616 91
0.5421616 92
0.5421616 93
0.5421616 94
0.5421616 95
0.5421616 96
0.5421616 97
0.5421616 98
0.5421616 99
0.5421616 100
0.5421616 101
0.5421616 102
0.5421616 103
0.5421616 104
0.5421616 105
0.5421616 106
0.5421616 107
0.5421616 108
0.5421616 109
0.5421616 110
0.5421616 109
0.5425616 0
0.5425616 0
0.5429616 108
0.5433616 0
0.5433616 0
0.5437616 107
0.5441616 0
0.5441616 0
0.5445616 106
0.5449616 0
0.5449616 0
0.5453616 105
0.5457616 0
0.5457616 0
0.5461616 104
0.5465616 0
0.5465616 0
0.5469616 103
0.5473616 0
0.5473616 0
0.5477616 102
0.5481616 0
0.5481616 0
0.5485616 101
0.5489616 0
0.5489616 0
0.5493616 100
0.5497616 0
0.5497616 0
0.5501616 99
0.5505616 0
0.5505616 0
0.5509616 98
0.5513616 0
0.5513616 0
0.5517616 97
0.5521616 0
0.5521616 0
0.5525616 96
0.5529616 0
0.5529616 0
0.5533616 95
0.5537616 0
0.5537616 0
0.5541616 94
0.5545616 0
0.5545616 0
0.5549616 93
0.5553616 0
0.5553616 0
0.5557616 92
0.5561616 0
0.5561616 0
0.5565616 91
0.5569616 0
0.5569616 0
0.5573616 90
0.5577616 0
0.5577616 0
0.5581616 89
0.5585616 0
0.5585616 0
0.5589616 88
0.5593616 0
0.5593616 0
0.5597616 87
0.5601616 0
0.5601616 0
0.5605616 86
0.5609616 0
0.5609616 0
0.5613616 85
0.5617616 0
0.5617616 0
0.5621616 84
0.5625616 0
0.5625616 0
0.5629616 83
0.5633616 0
0.5633616 0
0.5637616 82
0.5641616 0
0.5641616 0
0.5645616 81
0.5649616 0
0.5649616 0
0.5653616 80
0.5657616 0
0.5657616 0
0.5661616 79
0.5665616 0
0.5665616 0
0.5669616 78
0.5673616 0
0.5673616 0
0.5677616 79
0.5677616 80
0.5677616 81
0.5677616 82
0.5677616 83
0.5677616 84
0.5677616 85
0.5677616 86
0.5677616 87
0.5677616 88
0.5677616 89
0.5677616 90
0.5677616 91
0.5677616 92
0.5677616 93
0.5677616 94
0.5677616 95
0.5677616 96
0.5677616 97
0.5677616 98
0.5677616 99
0.5677616 100
0.5677616 101
0.5677616 102
0.5677616 103
0.5677616 104
0.5677616 105
0.5677616 106
0.5677616 107
0.5677616 108
0.5677616 109
0.5677616 110
0.5677616 111
0.5677616 112
0.5677616 113
0.5677616 114
0.5677616 115
0.5677616 116
0.5677616 117
0.5677616 118
0.5677616 119
0.5677616 120
0.5677616 121
0.5677616 122
0.5677616 123
0.5677616 124
0.5677616 125
0.5677616 126
0.5677616 127
0.5677616 128
0.5677616 129
0.5677616 130
0.5677616 131
0.5677616 132
0.5677616 133
0.5677616 134
0.5677616 135
0.5677616 136
0.5677616 137
0.5677616 138
0.5677616 139
0.5677616 140
0.5677616 141
0.5677616 142
0.5677616 141
0.5681616 0
0.5681616 0
0.5685616 140
0.5689616 0
0.5689616 0
0.5693616 139
0.5697616 0
0.5697616 0
0.5701616 138
0.5705616 0
0.5705616 0
0.5709616 137
0.5713616 0
0.5713616 0
0.5717616 136
0.5721616 0
0.5721616 0
0.5725616 135
0.5729616 0
0.5729616 0
0.5733616 134
0.5737616 0
0.5737616 0
0.5741616 133
0.5745616 0
0.5745616 0
0.5749616 132
0.5753616 0
0.5753616 0
0.5757616 131
0.5761616 0
0.5761616 0
0.5765616 130
0.5769616 0
0.5769616 0
0.5773616 129
0.5777616 0
0.5777616 0
0.5781616 128
0.5785616 0
0.5785616 0
0.5789616 127
0.5793616 0
0.5793616 0
0.5797616 126
0.5801616 0
0.5801616 0
0.5805616 125
0.5809616 0
0.5809616 0
0.5813616 124
0.5817616 0
0.5817616 0
0.5821616 123
0.5825616 0
0.5825616 0
0.5829616 122
0.5833616 0
0.5833616 0
0.5837616 121
0.5841616 0
0.5841616 0
0.5845616 120
0.5849616 0
0.5849616 0
0.5853616 119
0.5857616 0
0.5857616 0
0.5861616 118
0.5865616 0
0.5865616 0
0.5869616 117
0.5873616 0
0.5873616 0
0.5877616 116
0.5881616 0
0.5881616 0
0.5885616 115
0.5889616 0
0.5889616 0
0.5893616 114
0.5897616 0
0.5897616 0
0.5901616 113
0.5905616 0
0.5905616 0
0.5909616 112
0.5913616 0
0.5913616 0
0.5917616 111
0.5921616 0
0.5921616 0
0.5925616 110
0.5929616 0
0.5929616 0
0.5933616 109
0.5937616 0
0.5937616 0
0.5941616 108
0.5945616 0
0.5945616 0
0.5949616 107
0.5953616 0
0.5953616 0
0.5957616 106
0.5961616 0
0.5961616 0
0.5965616 105
0.5969616 0
0.5969616 0
0.5973616 104
0.5977616 0
0.5977616 0
0.5981616 103
0.5985616 0
0.5985616 0
0.5989616 102
0.5993616 0
0.5993616 0
0.5997616 101
0.6001616 0
0.6001616 0
0.6005616 100
0.6009616 0
0.6009616 0
0.6013616 99
0.6017616 0
0.6017616 0
0.6021616 98
0.6025616 0
0.6025616 0
0.6029616 97
0.6033616 0
0.6033616 0
0.6037616 96
0.6041616 0
0.6041616 0
0.6045616 95
0.6049616 0
0.6049616 0
0.6053616 94
0.6057616 0
0.6057616 0
0.6061616 93
0.6065616 0
0.6065616 0
0.6069616 92
0.6073616 0
0.6073616 0
0.6077616 91
0.6081616 0
0.6081616 0
0.6085616 90
0.6089616 0
0.6089616 0
0.6093616 89
0.6097616 0
0.6097616 0
0.6101616 88
0.6105616 0
0.6105616 0
0.6109616 87
0.6113616 0
0.6113616 0
0.6117616 86
0.6121616 0
0.6121616 0
0.6125616 85
0.6129616 0
0.6129616 0
0.6133616 84
0.6137616 0
0.6137616 0
0.6141616 83
0.6145616 0
0.6145616 0
0.6149616 82
0.6153616 0
0.6153616 0
0.6157616 81
0.6161616 0
0.6161616 0
0.6165616 80
0.6169616 0
0.6169616 0
0.6173616 79
0.6177616 0
0.6177616 0
0.6181616 78
0.6185616 0
0.6185616 0
0.6189616 77
0.6193616 0
0.6193616 0
0.6197616 76
0.6201616 0
0.6201616 0
0.6205616 75
0.6209616 0
0.6209616 0
0.6213616 74
0.6217616 0
0.6217616 0
0.6221616 73
0.6225616 0
0.6225616 0
0.6229616 72
0.6233616 0
0.6233616 0
0.6237616 71
0.6241616 0
0.6241616 0
0.6245616 70
0.6249616 0
0.6249616 0
0.6253616 69
0.6257616 0
0.6257616 0
0.6261616 68
0.6265616 0
0.6265616 0
0.6269616 67
0.6273616 0
0.6273616 0
0.6277616 66
0.6281616 0
0.6281616 0
0.6285616 65
0.6289616 0
0.6289616 0
0.6293616 64
0.6294152 63
0.6297616 0
0.6297616 0
0.6302152 62
0.6305616 0
0.6305616 0
0.6310152 61
0.6313616 0
0.6313616 0
0.6318152 60
0.6321616 0
0.6321616 0
0.6326152 59
0.6329616 0
0.6329616 0
0.6334152 58
0.6337616 0
0.6337616 0
0.6342152 57
0.6345616 0
0.6345616 0
0.6350152 56
0.6353616 0
0.6353616 0
0.6358152 55
0.6361616 0
0.6361616 0
0.6366152 54
0.6369616 0
0.6369616 0
0.6374152 53
0.6377616 0
0.6377616 0
0.6382152 52
0.6385616 0
0.6385616 0
0.6390152 51
0.6393616 0
0.6393616 0
0.6394152 0
0.6394152 0
0.6398152 50
0.6402152 0
0.6402152 0
0.6406152 49
0.6410152 0
0.6410152 0
0.6414152 48
0.6418152 0
0.6418152 0
0.6422152 47
0.6426152 0
0.6426152 0
0.6430152 46
0.6434152 0
0.6434152 0
0.6438152 45
0.6442152 0
0.6442152 0
0.6446152 44
0.6450152 0
0.6450152 0
0.6454152 43
0.6458152 0
0.6458152 0
0.6462152 42
0.6466152 0
0.6466152 0
0.6470152 41
0.6474152 0
0.6474152 0
0.6478152 40
0.6482152 0
0.6482152 0
0.6486152 39
0.6490152 0
0.6490152 0
0.6494152 40
0.6494152 41
0.6494152 42
0.6494152 43
0.6494152 44
0.6494152 45
0.6494152 46
0.6494152 47
0.6494152 48
0.6494152 49
0.6494152 50
0.6494152 51
0.6494152 52
0.6494152 53
0.6494152 54
0.6494152 55
0.6494152 56
0.6494152 57
0.6494152 58
0.6494152 59
0.6494152 60
0.6494152 61
0.6494152 62
0.6494152 63
0.6494152 64
0.6494152 65
0.6494152 66
0.6494152 67
0.6494152 68
0.6494152 69
0.6494152 70
0.6494152 71
0.6494152 72
0.6494152 73
0.6494152 74
0.6494152 75
0.6494152 76
0.6494152 77
0.6494152 78
0.6494152 79
0.6494152 80
0.6494152 81
0.6494152 82
0.6494152 83
0.6494152 84
0.6494152 85
0.6494152 86
0.6494152 87
0.6494152 88
0.6494152 89
0.6494152 90
0.6494152 91
0.6494152 92
0.6494152 93
0.6494152 94
0.6494152 95
0.6494152 96
0.6494152 97
0.6494152 98
0.6494152 99
0.6494152 100
0.6494152 101
0.6494152 102
0.6494152 103
0.6494152 104
0.6494152 105
0.6494152 106
0.6494152 107
0.6494152 108
0.6494152 109
0.6494152 110
0.6494152 111
0.6494152 112
0.6494152 113
0.6494152 114
0.6494152 115
0.6494152 116
0.6494152 117
0.6494152 118
0.6494152 119
0.6494152 120
0.6494152 121
0.6494152 122
0.6494152 123
0.6494152 124
0.6494152 125
0.6494152 126
0.6494152 127
0.6494152 128
0.6494152 129
0.6494152 130
0.6494152 131
0.6494152 132
0.6494152 133
0.6494152 134
0.6494152 135
0.6494152 136
0.6494152 137
0.6494152 138
0.6494152 139
0.6494152 140
0.6494152 141
0.6494152 142
0.6494152 141
0.6498152 0
0.6498152 0
0.6502152 140
0.6506152 0
0.6506152 0
0.6510152 139
0.6514152 0
0.6514152 0
0.6518152 138
0.6522152 0
0.6522152 0
0.6526152 137
0.6530152 0
0.6530152 0
0.6534152 136
0.6538152 0
0.6538152 0
0.6542152 135
0.6546152 0
0.6546152 0
0.6550152 134
0.6554152 0
0.6554152 0
0.6558152 133
0.6562152 0
0.6562152 0
0.6566152 132
0.6570152 0
0.6570152 0
0.6574152 131
0.6578152 0
0.6578152 0
0.6582152 130
0.6586152 0
0.6586152 0
0.6590152 129
0.6594152 0
0.6594152 0
0.6598152 128
0.6602152 0
0.6602152 0
0.6606152 127
0.6610152 0
0.6610152 0
0.6614152 126
0.6618152 0
0.6618152 0
0.6622152 125
0.6626152 0
0.6626152 0
0.6630152 124
0.6634152 0
0.6634152 0
0.6638152 123
0.6642152 0
0.6642152 0
0.6646152 122
0.6650152 0
0.6650152 0
0.6654152 121
0.6658152 0
0.6658152 0
0.6662152 120
0.6666152 0
0.6666152 0
0.6670152 119
0.6674152 0
0.6674152 0
0.6678152 118
0.6682152 0
0.6682152 0
0.6686152 117
0.6690152 0
0.6690152 0
0.6694152 116
0.6698152 0
0.6698152 0
0.6702152 115
0.6706152 0
0.6706152 0
0.6710152 114
0.6714152 0
0.6714152 0
0.6718152 113
0.6722152 0
0.6722152 0
0.6726152 112
0.6730152 0
0.6730152 0
0.6734152 111
0.6738152 0
0.6738152 0
0.6742152 110
0.6746152 0
0.6746152 0
0.6750152 109
0.6754152 0
0.6754152 0
0.6758152 108
0.6762152 0
0.6762152 0
0.6766152 107
0.6770152 0
0.6770152 0
0.6774152 106
0.6778152 0
0.6778152 0
0.6782152 105
0.6786152 0
0.6786152 0
0.6790152 104
0.6794152 0
0.6794152 0
0.6798152 103
0.6802152 0
0.6802152 0
0.6806152 102
0.6810152 0
0.6810152 0
0.6814152 101
0.6818152 0
0.6818152 0
0.6822152 100
0.6826152 0
0.6826152 0
0.6830152 99
0.6834152 0
0.6834152 0
0.6838152 98
0.6842152 0
0.6842152 0
0.6846152 97
0.6850152 0
0.6850152 0
0.6854152 96
0.6858152 0
0.6858152 0
0.6862152 95
0.6866152 0
0.6866152 0
0.6870152 94
0.6874152 0
0.6874152 0
0.6878152 93
0.6882152 0
0.6882152 0
0.6886152 92
0.6890152 0
0.6890152 0
0.6894152 91
0.6898152 0
0.6898152 0
0.6902152 90
0.6906152 0
0.6906152 0
0.6910152 89
0.6914152 0
0.6914152 0
0.6918152 88
0.6922152 0
0.6922152 0
0.6926152 87
0.6930152 0
0.6930152 0
0.6934152 86
0.6938152 0
0.6938152 0
0.6942152 85
0.6946152 0
0.6946152 0
0.6950152 84
0.6954152 0
0.6954152 0
0.6958152 83
0.6962152 0
0.6962152 0
0.6966152 82
0.6970152 0
0.6970152 0
0.6974152 81
0.6978152 0
0.6978152 0
0.6982152 80
0.6986152 0
0.6986152 0
0.6990152 79
0.6994152 0
0.6994152 0
0.6998152 78
0.7002152 0
0.7002152 0
0.7006152 79
0.7006152 80
0.7006152 81
0.7006152 82
0.7006152 83
0.7006152 84
0.7006152 85
0.7006152 86
0.7006152 87
0.7006152 88
0.7006152 89
0.7006152 90
0.7006152 91
0.7006152 92
0.7006152 93
0.7006152 94
0.7006152 95
0.7006152 96
0.7006152 97
0.7006152 98
0.7006152 99
0.7006152 100
0.7006152 101
0.7006152 102
0.7006152 103
0.7006152 104
0.7006152 105
0.7006152 106
0.7006152 107
0.7006152 108
0.7006152 109
0.7006152 110
0.7006152 111
0.7006152 112
0.7006152 113
0.7006152 114
0.7006152 115
0.7006152 116
0.7006152 117
0.7006152 118
0.7006152 119
0.7006152 120
0.7006152 121
0.7006152 122
0.7006152 123
0.7006152 124
0.7006152 125
0.7006152 126
0.7006152 127
0.7006152 128
0.7006152 129
0.7006152 130
0.7006152 131
0.7006152 132
0.7006152 133
0.7006152 134
0.7006152 135
0.7006152 136
0.7006152 137
0.7006152 138
0.7006152 139
0.7006152 140
0.7006152 141
0.7006152 142
0.7006152 143
0.7006152 144
0.7006152 145
0.7006152 146
0.7006152 147
0.7006152 148
0.7006152 149
0.7006152 150
0.7006152 151
0.7006152 152
0.7006152 153
0.7006152 154
0.7006152 155
0.7006152 156
0.7006152 157
0.7006152 158
0.7006152 159
0.7006152 160
0.7006152 161
0.7006152 162
0.7006152 163
0.7006152 164
0.7006152 165
0.7006152 166
0.7006152 167
0.7006152 168
0.7006152 169
0.7006152 170
0.7006152 171
0.7006152 172
0.7006152 173
0.7006152 174
0.7006152 175
0.7006152 176
0.7006152 177
0.7006152 178
0.7006152 177
0.7010152 0
0.7010152 0
0.7014152 176
0.7018152 0
0.7018152 0
0.7022152 175
0.7026152 0
0.7026152 0
0.7030152 174
0.7034152 0
0.7034152 0
0.7038152 173
0.7042152 0
0.7042152 0
0.7046152 172
0.7050152 0
0.7050152 0
0.7054152 171
0.7058152 0
0.7058152 0
0.7062152 170
0.7066152 0
0.7066152 0
0.7070152 169
0.7074152 0
0.7074152 0
0.7078152 168
0.7082152 0
0.7082152 0
0.7086152 167
0.7090152 0
0.7090152 0
0.7094152 166
0.7098152 0
0.7098152 0
0.7102152 165
0.7106152 0
0.7106152 0
0.7110152 164
0.7114152 0
0.7114152 0
0.7118152 163
0.7122152 0
0.7122152 0
0.7126152 162
0.7130152 0
0.7130152 0
0.7134152 161
0.7138152 0
0.7138152 0
0.7142152 160
0.7146152 0
0.7146152 0
0.7150152 159
0.7154152 0
0.7154152 0
0.7158152 158
0.7162152 0
0.7162152 0
0.7166152 157
0.7170152 0
0.7170152 0
0.7174152 156
0.7178152 0
0.7178152 0
0.7182152 155
0.7186152 0
0.7186152 0
0.7190152 154
0.7194152 0
0.7194152 0
0.7198152 153
0.7202152 0
0.7202152 0
0.7206152 152
0.7210152 0
0.7210152 0
0.7214152 151
0.7218152 0
0.7218152 0
0.7222152 150
0.7226152 0
0.7226152 0
0.7230152 149
0.7234152 0
0.7234152 0
0.7238152 148
0.7242152 0
0.7242152 0
0.7246152 147
0.7250152 0
0.7250152 0
0.7254152 146
0.7258152 0
0.7258152 0
0.7262152 145
0.7266152 0
0.7266152 0
0.7270152 144
0.7274152 0
0.7274152 0
0.7278152 143
0.7282152 0
0.7282152 0
0.7286152 142
0.7290152 0
0.7290152 0
0.7294152 141
0.7298152 0
0.7298152 0
0.7302152 140
0.7306152 0
0.7306152 0
0.7310152 139
0.7314152 0
0.7314152 0
0.7318152 138
0.7322152 0
0.7322152 0
0.7326152 137
0.7330152 0
0.7330152 0
0.7334152 136
0.7338152 0
0.7338152 0
0.7342152 135
0.7346152 0
0.7346152 0
0.7350152 134
0.7354152 0
0.7354152 0
0.7358152 133
0.7362152 0
0.7362152 0
0.7366152 132
0.7370152 0
0.7370152 0
0.7374152 131
0.7378152 0
0.7378152 0
0.7382152 130
0.7386152 0
0.7386152 0
0.7390152 129
0.7394152 0
0.7394152 0
0.7398152 128
0.7402152 0
0.7402152 0
0.7406152 127
0.7410152 0
0.7410152 0
0.7414152 126
0.7418152 0
0.7418152 0
0.7422152 125
0.7426152 0
0.7426152 0
0.7430152 124
0.7434152 0
0.7434152 0
0.7438152 123
0.7442152 0
0.7442152 0
0.7446152 122
0.7450152 0
0.7450152 0
0.7454152 121
0.7458152 0
0.7458152 0
0.7462152 120
0.7466152 0
0.7466152 0
0.7470152 119
0.7474152 0
0.7474152 0
0.7478152 118
0.7482152 0
0.7482152 0
0.7486152 117
0.7490152 0
0.7490152 0
0.7494152 116
0.7498152 0
0.7498152 0
0.7502152 115
0.7506152 0
0.7506152 0
0.7510152 114
0.7514152 0
0.7514152 0
0.7518152 113
0.7522152 0
0.7522152 0
0.7526152 112
0.7530152 0
0.7530152 0
0.7534152 111
0.7538152 0
0.7538152 0
0.7542152 110
0.7546152 0
0.7546152 0
0.7550152 109
0.7554152 0
0.7554152 0
0.7558152 108
0.7562152 0
0.7562152 0
0.7566152 107
0.7570152 0
0.7570152 0
0.7574152 106
0.7578152 0
0.7578152 0
0.7582152 105
0.7586152 0
0.7586152 0
0.7590152 104
0.7594152 0
0.7594152 0
0.7598152 103
0.7602152 0
0.7602152 0
0.7606152 102
0.7610152 0
0.7610152 0
0.7614152 101
0.7618152 0
0.7618152 0
0.7622152 100
0.7626152 0
0.7626152 0
0.7630032 99
0.7634152 0
0.7634152 0
0.7638032 98
0.7642152 0
0.7642152 0
0.7646032 97
0.7650152 0
0.7650152 0
0.7654032 96
0.7658152 0
0.7658152 0
0.7662032 95
0.7666152 0
0.7666152 0
0.7670032 94
0.7674152 0
0.7674152 0
0.7678032 93
0.7682152 0
0.7682152 0
0.7686032 92
0.7690152 0
0.7690152 0
0.7694032 91
0.7698152 0
0.7698152 0
0.7702032 90
0.7706152 0
0.7706152 0
0.7710032 89
0.7714152 0
0.7714152 0
0.7718032 88
0.7722152 0
0.7722152 0
0.7726032 87
0.7730032 0
0.7730032 0
0.7734032 86
0.7738032 0
0.7738032 0
0.7742032 85
0.7746032 0
0.7746032 0
0.7750032 84
0.7754032 0
0.7754032 0
0.7758032 83
0.7762032 0
0.7762032 0
0.7766032 82
0.7770032 0
0.7770032 0
0.7774032 81
0.7778032 0
0.7778032 0
0.7782032 80
0.7786032 0
0.7786032 0
0.7790032 79
0.7794032 0
0.7794032 0
0.7798032 78
0.7802032 0
0.7802032 0
0.7806032 77
0.7810032 0
0.7810032 0
0.7814032 76
0.7818032 0
0.7818032 0
0.7822032 75
0.7826032 0
0.7826032 0
0.7830032 76
0.7830032 77
0.7830032 78
0.7830032 79
0.7830032 80
0.7830032 81
0.7830032 82
0.7830032 83
0.7830032 84
0.7830032 85
0.7830032 86
0.7830032 87
0.7830032 88
0.7830032 89
0.7830032 90
0.7830032 91
0.7830032 92
0.7830032 93
0.7830032 94
0.7830032 95
0.7830032 96
0.7830032 97
0.7830032 98
0.7830032 99
0.7830032 100
0.7830032 101
0.7830032 102
0.7830032 103
0.7830032 104
0.7830032 105
0.7830032 106
0.7830032 107
0.7830032 108
0.7830032 109
0.7830032 110
0.7830032 111
0.7830032 112
0.7830032 113
0.7830032 114
0.7830032 115
0.7830032 116
0.7830032 117
0.7830032 118
0.7830032 119
0.7830032 120
0.7830032 121
0.7830032 122
0.7830032 123
0.7830032 124
0.7830032 125
0.7830032 126
0.7830032 127
0.7830032 128
0.7830032 129
0.7830032 130
0.7830032 131
0.7830032 132
0.7830032 133
0.7830032 134
0.7830032 135
0.7830032 136
0.7830032 137
0.7830032 138
0.7830032 139
0.7830032 140
0.7830032 141
0.7830032 142
0.7830032 143
0.7830032 144
0.7830032 145
0.7830032 146
0.7830032 147
0.7830032 148
0.7830032 149
0.7830032 150
0.7830032 151
0.7830032 152
0.7830032 153
0.7830032 154
0.7830032 155
0.7830032 156
0.7830032 157
0.7830032 158
0.7830032 159
0.7830032 160
0.7830032 161
0.7830032 162
0.7830032 163
0.7830032 164
0.7830032 165
0.7830032 166
0.7830032 167
0.7830032 168
0.7830032 169
0.7830032 170
0.7830032 171
0.7830032 172
0.7830032 173
0.7830032 174
0.7830032 175
0.7830032 176
0.7830032 177
0.7830032 178
0.7830032 179
0.7830032 178
0.7834032 0
0.7834032 0
0.7838032 177
0.7842032 0
0.7842032 0
0.7846032 176
0.7850032 0
0.7850032 0
0.7854032 175
0.7858032 0
0.7858032 0
0.7862032 174
0.7866032 0
0.7866032 0
0.7870032 173
0.7874032 0
0.7874032 0
0.7878032 172
0.7882032 0
0.7882032 0
0.7886032 171
0.7890032 0
0.7890032 0
0.7894032 170
0.7898032 0
0.7898032 0
0.7902032 169
0.7906032 0
0.7906032 0
0.7910032 168
0.7914032 0
0.7914032 0
0.7918032 167
0.7922032 0
0.7922032 0
0.7926032 166
0.7930032 0
0.7930032 0
0.7934032 165
0.7938032 0
0.7938032 0
0.7942032 164
0.7946032 0
0.7946032 0
0.7950032 163
0.7954032 0
0.7954032 0
0.7958032 162
0.7962032 0
0.7962032 0
0.7966032 161
0.7970032 0
0.7970032 0
0.7974032 160
0.7978032 0
0.7978032 0
0.7982032 159
0.7986032 0
0.7986032 0
0.7990032 158
0.7994032 0
0.7994032 0
0.7998032 157
0.8002032 0
0.8002032 0
0.8006032 156
0.8010032 0
0.8010032 0
0.8014032 155
0.8018032 0
0.8018032 0
0.8022032 154
0.8026032 0
0.8026032 0
0.8030032 153
0.8034032 0
0.8034032 0
0.8038032 152
0.8042032 0
0.8042032 0
0.8046032 151
0.8050032 0
0.8050032 0
0.8054032 150
0.8058032 0
0.8058032 0
0.8062032 149
0.8066032 0
0.8066032 0
0.8070032 148
0.8074032 0
0.8074032 0
0.8078032 147
0.8082032 0
0.8082032 0
0.8086032 146
0.8090032 0
0.8090032 0
0.8094032 145
0.8098032 0
0.8098032 0
0.8102032 144
0.8106032 0
0.8106032 0
0.8110032 143
0.8114032 0
0.8114032 0
0.8118032 142
0.8122032 0
0.8122032 0
0.8126032 141
0.8130032 0
0.8130032 0
0.8134032 140
0.8138032 0
0.8138032 0
0.8142032 139
0.8146032 0
0.8146032 0
0.8150032 138
0.8154032 0
0.8154032 0
0.8158032 137
0.8162032 0
0.8162032 0
0.8166032 136
0.8170032 0
0.8170032 0
0.8174032 135
0.8178032 0
0.8178032 0
0.8182032 134
0.8186032 0
0.8186032 0
0.8190032 133
0.8194032 0
0.8194032 0
0.8198032 132
0.8202032 0
0.8202032 0
0.8206032 131
0.8210032 0
0.8210032 0
0.8214032 130
0.8218032 0
0.8218032 0
0.8222032 129
0.8226032 0
0.8226032 0
0.8230032 128
0.8234032 0
0.8234032 0
0.8238032 127
0.8242032 0
0.8242032 0
0.8246032 126
0.8250032 0
0.8250032 0
0.8254032 125
0.8258032 0
0.8258032 0
0.8262032 124
0.8266032 0
0.8266032 0
0.8270032 123
0.8274032 0
0.8274032 0
0.8278032 122
0.8282032 0
0.8282032 0
0.8286032 121
0.8290032 0
0.8290032 0
0.8294032 120
0.8298032 0
0.8298032 0
0.8302032 119
0.8306032 0
0.8306032 0
0.8310032 118
0.8314032 0
0.8314032 0
0.8318032 117
0.8322032 0
0.8322032 0
0.8326032 116
0.8330032 0
0.8330032 0
0.8334032 115
0.8338032 0
0.8338032 0
0.8342032 114
0.8346032 0
0.8346032 0
0.8350032 113
0.8354032 0
0.8354032 0
0.8358032 112
0.8362032 0
0.8362032 0
0.8366032 111
0.8370032 0
0.8370032 0
0.8374032 110
0.8378032 0
0.8378032 0
0.8382032 109
0.8386032 0
0.8386032 0
0.8390032 108
0.8394032 0
0.8394032 0
0.8398032 107
0.8402032 0
0.8402032 0
0.8406032 106
0.8410032 0
0.8410032 0
0.8414032 105
0.8418032 0
0.8418032 0
0.8422032 104
0.8424352 103
0.8426032 0
0.8426032 0
0.8432352 102
0.8434032 0
0.8434032 0
0.8440352 101
0.8442032 0
0.8442032 0
0.8448352 100
0.8450032 0
0.8450032 0
0.8456352 99
0.8458032 0
0.8458032 0
0.8464352 98
0.8466032 0
0.8466032 0
0.8472352 97
0.8474032 0
0.8474032 0
0.8480352 96
0.8482032 0
0.8482032 0
0.8488352 95
0.8490032 0
0.8490032 0
0.8496352 94
0.8498032 0
0.8498032 0
0.8504352 93
0.8506032 0
0.8506032 0
0.8512352 92
0.8514032 0
0.8514032 0
0.8520352 91
0.8522032 0
0.8522032 0
0.8524352 0
0.8524352 0
0.8528352 90
0.8532352 0
0.8532352 0
0.8536352 89
0.8540352 0
0.8540352 0
0.8544352 88
0.8548352 0
0.8548352 0
0.8552352 87
0.8556352 0
0.8556352 0
0.8560352 86
0.8564352 0
0.8564352 0
0.8568352 85
0.8572352 0
0.8572352 0
0.8576352 84
0.8580352 0
0.8580352 0
0.8584352 83
0.8588352 0
0.8588352 0
0.8592352 82
0.8596352 0
0.8596352 0
0.8600352 81
0.8604352 0
0.8604352 0
0.8608352 80
0.8612352 0
0.8612352 0
0.8616352 79
0.8620352 0
0.8620352 0
0.8624352 80
0.8624352 81
0.8624352 82
0.8624352 83
0.8624352 84
0.8624352 85
0.8624352 86
0.8624352 87
0.8624352 88
0.8624352 89
0.8624352 90
0.8624352 91
0.8624352 92
0.8624352 93
0.8624352 94
0.8624352 95
0.8624352 96
0.8624352 97
0.8624352 98
0.8624352 99
0.8624352 100
0.8624352 101
0.8624352 102
0.8624352 103
0.8624352 104
0.8624352 105
0.8624352 106
0.8624352 107
0.8624352 108
0.8624352 109
0.8624352 110
0.8624352 111
0.8624352 112
0.8624352 113
0.8624352 114
0.8624352 115
0.8624352 116
0.8624352 117
0.8624352 118
0.8624352 119
0.8624352 120
0.8624352 121
0.8624352 122
0.8624352 123
0.8624352 124
0.8624352 125
0.8624352 126
0.8624352 127
0.8624352 128
0.8624352 129
0.8624352 130
0.8624352 131
0.8624352 132
0.8624352 133
0.8624352 134
0.8624352 135
0.8624352 136
0.8624352 137
0.8624352 138
0.8624352 139
0.8624352 140
0.8624352 141
0.8624352 142
0.8624352 143
0.8624352 144
0.8624352 145
0.8624352 146
0.8624352 147
0.8624352 148
0.8624352 149
0.8624352 150
0.8624352 151
0.8624352 152
0.8624352 153
0.8624352 154
0.8624352 155
0.8624352 156
0.8624352 157
0.8624352 158
0.8624352 159
0.8624352 160
0.8624352 161
0.8624352 162
0.8624352 163
0.8624352 164
0.8624352 165
0.8624352 166
0.8624352 167
0.8624352 168
0.8624352 169
0.8624352 170
0.8624352 171
0.8624352 172
0.8624352 173
0.8624352 174
0.8624352 175
0.8624352 176
0.8624352 177
0.8624352 178
0.8624352 179
0.8624352 180
0.8624352 179
0.8628352 0
0.8628352 0
0.8632352 178
0.8636352 0
0.8636352 0
0.8640352 177
0.8644352 0
0.8644352 0
0.8648352 176
0.8652352 0
0.8652352 0
0.8656352 175
0.8660352 0
0.8660352 0
0.8664352 174
0.8668352 0
0.8668352 0
0.8672352 173
0.8676352 0
0.8676352 0
0.8680352 172
0.8684352 0
0.8684352 0
0.8688352 171
0.8692352 0
0.8692352 0
0.8696352 170
0.8700352 0
0.8700352 0
0.8704352 169
0.8708352 0
0.8708352 0
0.8712352 168
0.8716352 0
0.8716352 0
0.8720352 167
0.8724352 0
0.8724352 0
0.8728352 166
0.8732352 0
0.8732352 0
0.8736352 165
0.8740352 0
0.8740352 0
0.8744352 164
0.8748352 0
0.8748352 0
0.8752352 163
0.8756352 0
0.8756352 0
0.8760352 162
0.8764352 0
0.8764352 0
0.8768352 161
0.8772352 0
0.8772352 0
0.8776352 160
0.8780352 0
0.8780352 0
0.8784352 159
0.8788352 0
0.8788352 0
0.8792352 158
0.8796352 0
0.8796352 0
0.8800352 157
0.8804352 0
0.8804352 0
0.8808352 156
0.8812352 0
0.8812352 0
0.8816352 155
0.8820352 0
0.8820352 0
0.8824352 154
0.8828352 0
0.8828352 0
0.8832352 153
0.8836352 0
0.8836352 0
0.8840352 152
0.8844352 0
0.8844352 0
0.8848352 151
0.8852352 0
0.8852352 0
0.8856352 150
0.8860352 0
0.8860352 0
0.8864352 149
0.8868352 0
0.8868352 0
0.8872352 148
0.8876352 0
0.8876352 0
0.8880352 147
0.8884352 0
0.8884352 0
0.8888352 146
0.8892352 0
0.8892352 0
0.8896352 145
0.8900352 0
0.8900352 0
0.8904352 144
0.8908352 0
0.8908352 0
0.8912352 143
0.8916352 0
0.8916352 0
0.8920352 142
0.8924352 0
0.8924352 0
0.8928352 141
0.8932352 0
0.8932352 0
0.8936352 140
0.8940352 0
0.8940352 0
0.8944352 139
0.8948352 0
0.8948352 0
0.8952352 138
0.8956352 0
0.8956352 0
0.8960352 137
0.8964352 0
0.8964352 0
0.8968352 136
0.8972352 0
0.8972352 0
0.8976352 135
0.8980352 0
0.8980352 0
0.8984352 134
0.8988352 0
0.8988352 0
0.8992352 133
0.8996352 0
0.8996352 0
0.9000352 132
0.9004352 0
0.9004352 0
0.9008352 131
0.9012352 0
0.9012352 0
0.9016352 130
0.9020352 0
0.9020352 0
0.9024352 129
0.9028352 0
0.9028352 0
0.9032352 128
0.9036352 0
0.9036352 0
0.9040352 127
0.9044352 0
0.9044352 0
0.9048352 126
0.9052352 0
0.9052352 0
0.9056352 125
0.9060352 0
0.9060352 0
0.9064352 124
0.9068352 0
0.9068352 0
0.9072352 123
0.9076352 0
0.9076352 0
0.9080352 122
0.9084352 0
0.9084352 0
0.9088352 121
0.9092352 0
0.9092352 0
0.9096352 120
0.9100352 0
0.9100352 0
0.9104352 119
0.9108352 0
0.9108352 0
0.9112352 118
0.9116352 0
0.9116352 0
0.9120352 117
0.9124352 0
0.9124352 0
0.9128352 116
0.9132352 0
0.9132352 0
0.9136352 115
0.9140352 0
0.9140352 0
0.9144352 114
0.9148352 0
0.9148352 0
0.9152352 113
0.9156352 0
0.9156352 0
0.9160352 112
0.9164352 0
0.9164352 0
0.9168352 111
0.9172352 0
0.9172352 0
0.9176352 110
0.9180352 0
0.9180352 0
0.9184352 109
0.9188352 0
0.9188352 0
0.9192352 108
0.9196352 0
0.9196352 0
0.9200352 107
0.9204352 0
0.9204352 0
0.9208352 106
0.9212352 0
0.9212352 0
0.9216352 105
0.9220352 0
0.9220352 0
0.9224352 104
0.9228352 0
0.9228352 0
0.9232352 103
0.9236352 0
0.9236352 0
0.9240352 102
0.9244352 0
0.9244352 0
0.9248352 101
0.9252352 0
0.9252352 0
0.9255648 100
0.9260352 0
0.9260352 0
0.9263648 99
0.9268352 0
0.9268352 0
0.9271648 98
0.9276352 0
0.9276352 0
0.9279648 97
0.9284352 0
0.9284352 0
0.9287648 96
0.9292352 0
0.9292352 0
0.9295648 95
0.9300352 0
0.9300352 0
0.9303648 94
0.9308352 0
0.9308352 0
0.9311648 93
0.9316352 0
0.9316352 0
0.9319648 92
0.9324352 0
0.9324352 0
0.9327648 91
0.9332352 0
0.9332352 0
0.9335648 90
0.9340352 0
0.9340352 0
0.9343648 89
0.9348352 0
0.9348352 0
0.9351648 88
0.9355648 0
0.9355648 0
0.9359648 87
0.9363648 0
0.9363648 0
0.9367648 86
0.9371648 0
0.9371648 0
0.9375648 85
0.9379648 0
0.9379648 0
0.9383648 84
0.9387648 0
0.9387648 0
0.9391648 83
0.9395648 0
0.9395648 0
0.9399648 82
0.9403648 0
0.9403648 0
0.9407648 81
0.9411648 0
0.9411648 0
0.9415648 80
0.9419648 0
0.9419648 0
0.9423648 79
0.9427648 0
0.9427648 0
0.9431648 78
0.9435648 0
0.9435648 0
0.9439648 77
0.9443648 0
0.9443648 0
0.9447648 76
0.9451648 0
0.9451648 0
0.9455648 77
0.9455648 78
0.9455648 79
0.9455648 80
0.9455648 81
0.9455648 82
0.9455648 83
0.9455648 84
0.9455648 85
0.9455648 86
0.9455648 87
0.9455648 88
0.9455648 89
0.9455648 90
0.9455648 91
0.9455648 92
0.9455648 93
0.9455648 94
0.9455648 95
0.9455648 96
0.9455648 97
0.9455648 98
0.9455648 99
0.9455648 100
0.9455648 101
0.9455648 102
0.9455648 103
0.9455648 104
0.9455648 105
0.9455648 106
0.9455648 107
0.9455648 108
0.9455648 109
0.9455648 110
0.9455648 111
0.9455648 112
0.9455648 113
0.9455648 114
0.9455648 115
0.9455648 116
0.9455648 117
0.9455648 118
0.9455648 119
0.9455648 120
0.9455648 121
0.9455648 122
0.9455648 123
0.9455648 124
0.9455648 125
0.9455648 126
0.9455648 127
0.9455648 128
0.9455648 129
0.9455648 130
0.9455648 131
0.9455648 132
0.9455648 133
0.9455648 134
0.9455648 135
0.9455648 136
0.9455648 137
0.9455648 138
0.9455648 139
0.9455648 140
0.9455648 141
0.9455648 142
0.9455648 143
0.9455648 144
0.9455648 145
0.9455648 146
0.9455648 147
0.9455648 148
0.9455648 149
0.9455648 150
0.9455648 151
0.9455648 152
0.9455648 153
0.9455648 154
0.9455648 155
0.9455648 156
0.9455648 157
0.9455648 158
0.9455648 159
0.9455648 160
0.9455648 161
0.9455648 162
0.9455648 163
0.9455648 164
0.9455648 165
0.9455648 166
0.9455648 167
0.9455648 168
0.9455648 169
0.9455648 170
0.9455648 171
0.9455648 172
0.9455648 173
0.9455648 174
0.9455648 175
0.9455648 176
0.9455648 177
0.9455648 178
0.9455648 179
0.9455648 180
0.9455648 181
0.9455648 180
0.9459648 0
0.9459648 0
0.9463648 179
0.9467648 0
0.9467648 0
0.9471648 178
0.9475648 0
0.9475648 0
0.9479648 177
0.9483648 0
0.9483648 0
0.9487648 176
0.9491648 0
0.9491648 0
0.9495648 175
0.9499648 0
0.9499648 0
0.9503648 174
0.9507648 0
0.9507648 0
0.9511648 173
0.9515648 0
0.9515648 0
0.9519648 172
0.9523648 0
0.9523648 0
0.9527648 171
0.9531648 0
0.9531648 0
0.9535648 170
0.9539648 0
0.9539648 0
0.9543648 169
0.9547648 0
0.9547648 0
0.9551648 168
0.9555648 0
0.9555648 0
0.9559648 167
0.9563648 0
0.9563648 0
0.9567648 166
0.9571648 0
0.9571648 0
0.9575648 165
0.9579648 0
0.9579648 0
0.9583648 164
0.9587648 0
0.9587648 0
0.9591648 163
0.9595648 0
0.9595648 0
0.9599648 162
0.9603648 0
0.9603648 0
0.9607648 161
0.9611648 0
0.9611648 0
0.9615648 160
0.9619648 0
0.9619648 0
0.9623648 159
0.9627648 0
0.9627648 0
0.9631648 158
0.9635648 0
0.9635648 0
0.9639648 157
0.9643648 0
0.9643648 0
0.9647648 156
0.9651648 0
0.9651648 0
0.9655648 155
0.9659648 0
0.9659648 0
0.9663648 154
0.9667648 0
0.9667648 0
0.9671648 153
0.9675648 0
0.9675648 0
0.9679648 152
0.9683648 0
0.9683648 0
0.9687648 151
0.9691648 0
0.9691648 0
0.9695648 150
0.9699648 0
0.9699648 0
0.9703648 149
0.9707648 0
0.9707648 0
0.9711648 148
0.9715648 0
0.9715648 0
0.9719648 147
0.9723648 0
0.9723648 0
0.9727648 146
0.9731648 0
0.9731648 0
0.9735648 145
0.9739648 0
0.9739648 0
0.9743648 144
0.9747648 0
0.9747648 0
0.9751648 143
0.9755648 0
0.9755648 0
0.9759648 142
0.9763648 0
0.9763648 0
0.9767648 141
0.9771648 0
0.9771648 0
0.9775648 140
0.9779648 0
0.9779648 0
0.9783648 139
0.9787648 0
0.9787648 0
0.9791648 138
0.9795648 0
0.9795648 0
0.9799648 137
0.9803648 0
0.9803648 0
0.9807648 136
0.9811648 0
0.9811648 0
0.9815648 135
0.9819648 0
0.9819648 0
0.9823648 134
0.9827648 0
0.9827648 0
0.9831648 133
0.9835648 0
0.9835648 0
0.9839648 132
0.9843648 0
0.9843648 0
0.9847648 131
0.9851648 0
0.9851648 0
0.9855648 130
0.9859648 0
0.9859648 0
0.9863648 129
0.9867648 0
0.9867648 0
0.9871648 128
0.9875648 0
0.9875648 0
0.9879648 127
0.9883648 0
0.9883648 0
0.9887648 126
0.9891648 0
0.9891648 0
0.9895648 125
0.9899648 0
0.9899648 0
0.9903648 124
0.9907648 0
0.9907648 0
0.9911648 123
0.9915648 0
0.9915648 0
0.9919648 122
0.9923648 0
0.9923648 0
0.9927648 121
0.9931648 0
0.9931648 0
0.9935648 120
0.9939648 0
0.9939648 0
0.9943648 119
0.9947648 0
0.9947648 0
0.9951648 118
0.9955648 0
0.9955648 0
0.9959648 117
0.9963648 0
0.9963648 0
0.9967648 116
0.9971648 0
0.9971648 0
0.9975648 115
0.9979648 0
0.9979648 0
0.9983648 114
0.9987648 0
0.9987648 0
0.9991648 113
0.9995648 0
0.9995648 0
0.9999648 112
1.0003648 0
1.0003648 0
1.0007648 111
1.0011648 0
1.0011648 0
1.0015648 110
1.0019648 0
1.0019648 0
1.0023648 109
1.0027648 0
1.0027648 0
1.0031648 108
1.0035648 0
1.0035648 0
1.0039648 107
1.0043648 0
1.0043648 0
1.0047648 106
1.0051648 0
1.0051648 0
1.0055648 105
1.0057688 104
1.0059648 0
1.0059648 0
1.0065688 103
1.0067648 0
1.0067648 0
1.0073688 102
1.0075648 0
1.0075648 0
1.0081688 101
1.0083648 0
1.0083648 0
1.0089688 100
1.0091648 0
1.0091648 0
1.0097688 99
1.0099648 0
1.0099648 0
1.0105688 98
1.0107648 0
1.0107648 0
1.0113688 97
1.0115648 0
1.0115648 0
1.0121688 96
1.0123648 0
1.0123648 0
1.0129688 95
1.0131648 0
1.0131648 0
1.0137688 94
1.0139648 0
1.0139648 0
1.0145688 93
1.0147648 0
1.0147648 0
1.0153688 92
1.0155648 0
1.0155648 0
1.0157688 0
1.0157688 0
1.0161688 91
1.0165688 0
1.0165688 0
1.0169688 90
1.0173688 0
1.0173688 0
1.0177688 89
1.0181688 0
1.0181688 0
1.0185688 88
1.0189688 0
1.0189688 0
1.0193688 87
1.0197688 0
1.0197688 0
1.0201688 86
1.0205688 0
1.0205688 0
1.0209688 85
1.0213688 0
1.0213688 0
1.0217688 84
1.0221688 0
1.0221688 0
1.0225688 83
1.0229688 0
1.0229688 0
1.0233688 82
1.0237688 0
1.0237688 0
1.0241688 81
1.0245688 0
1.0245688 0
1.0249688 80
1.0253688 0
1.0253688 0
1.0257688 79
1.0257688 80
1.0257688 81
1.0257688 82
1.0257688 83
1.0257688 84
1.0257688 85
1.0257688 86
1.0257688 87
1.0257688 88
1.0257688 89
1.0257688 90
1.0257688 91
1.0257688 92
1.0257688 93
1.0257688 94
1.0257688 95
1.0257688 96
1.0257688 97
1.0257688 98
1.0257688 99
1.0257688 100
1.0257688 101
1.0257688 102
1.0257688 103
1.0257688 104
1.0257688 105
1.0257688 106
1.0257688 107
1.0257688 108
1.0257688 109
1.0257688 110
1.0257688 111
1.0257688 112
1.0257688 113
1.0257688 114
1.0257688 115
1.0257688 116
1.0257688 117
1.0257688 118
1.0257688 119
1.0257688 120
1.0257688 121
1.0257688 122
1.0257688 123
1.0257688 124
1.0257688 125
1.0257688 126
1.0257688 127
1.0257688 128
1.0257688 129
1.0257688 130
1.0257688 131
1.0257688 132
1.0257688 133
1.0257688 134
1.0257688 135
1.0257688 136
1.0257688 137
1.0257688 138
1.0257688 139
1.0257688 140
1.0257688 141
1.0257688 142
1.0257688 143
1.0257688 144
1.0257688 145
1.0257688 146
1.0257688 147
1.0257688 148
1.0257688 149
1.0257688 150
1.0257688 151
1.0257688 152
1.0257688 153
1.0257688 154
1.0257688 155
1.0257688 156
1.0257688 157
1.0257688 158
1.0257688 159
1.0257688 160
1.0257688 161
1.0257688 162
1.0257688 163
1.0257688 164
1.0257688 165
1.0257688 166
1.0257688 167
1.0257688 168
1.0257688 169
1.0257688 170
1.0257688 171
1.0257688 172
1.0257688 173
1.0257688 174
1.0257688 175
1.0257688 176
1.0257688 177
1.0257688 178
1.0257688 179
1.0257688 180
1.0257688 181
1.0261688 0
1.0261688 0
1.0265688 180
1.0269688 0
1.0269688 0
1.0273688 179
1.0277688 0
1.0277688 0
1.0281688 178
1.0285688 0
1.0285688 0
1.0289688 177
1.0293688 0
1.0293688 0
1.0297688 176
1.0301688 0
1.0301688 0
1.0305688 175
1.0309688 0
1.0309688 0
1.0313688 174
1.0317688 0
1.0317688 0
1.0321688 173
1.0325688 0
1.0325688 0
1.0329688 172
1.0333688 0
1.0333688 0
1.0337688 171
1.0341688 0
1.0341688 0
1.0345688 170
1.0349688 0
1.0349688 0
1.0353688 169
1.0357688 0
1.0357688 0
1.0361688 168
1.0365688 0
1.0365688 0
1.0369688 167
1.0373688 0
1.0373688 0
1.0377688 166
1.0381688 0
1.0381688 0
1.0385688 165
1.0389688 0
1.0389688 0
1.0393688 164
1.0397688 0
1.0397688 0
1.0401688 163
1.0405688 0
1.0405688 0
1.0409688 162
1.0413688 0
1.0413688 0
1.0417688 161
1.0421688 0
1.0421688 0
1.0425688 160
1.0429688 0
1.0429688 0
1.0433688 159
1.0437688 0
1.0437688 0
1.0441688 158
1.0445688 0
1.0445688 0
1.0449688 157
1.0453688 0
1.0453688 0
1.0457688 156
1.0461688 0
1.0461688 0
1.0465688 155
1.0469688 0
1.0469688 0
1.0473688 154
1.0477688 0
1.0477688 0
1.0481688 153
1.0485688 0
1.0485688 0
1.0489688 152
1.0493688 0
1.0493688 0
1.0497688 151
1.0501688 0
1.0501688 0
1.0505688 150
1.0509688 0
1.0509688 0
1.0513688 149
1.0517688 0
1.0517688 0
1.0521688 148
1.0525688 0
1.0525688 0
1.0529688 147
1.0533688 0
1.0533688 0
1.0537688 146
1.0541688 0
1.0541688 0
1.0545688 145
1.0549688 0
1.0549688 0
1.0553688 144
1.0557688 0
1.0557688 0
1.0561688 143
1.0565688 0
1.0565688 0
1.0569688 142
1.0573688 0
1.0573688 0
1.0577688 141
1.0581688 0
1.0581688 0
1.0585688 140
1.0589688 0
1.0589688 0
1.0593688 139
1.0597688 0
1.0597688 0
1.0601688 138
1.0605688 0
1.0605688 0
1.0609688 137
1.0613688 0
1.0613688 0
1.0617688 136
1.0621688 0
1.0621688 0
1.0625688 135
1.0629688 0
1.0629688 0
1.0633688 134
1.0637688 0
1.0637688 0
1.0641688 133
1.0645688 0
1.0645688 0
1.0649688 132
1.0653688 0
1.0653688 0
1.0657688 131
1.0661688 0
1.0661688 0
1.0665688 130
1.0669688 0
1.0669688 0
1.0673688 129
1.0677688 0
1.0677688 0
1.0681688 128
1.0685688 0
1.0685688 0
1.0689688 127
1.0693688 0
1.0693688 0
1.0697688 126
1.0701688 0
1.0701688 0
1.0705688 125
1.0709688 0
1.0709688 0
1.0713688 124
1.0717688 0
1.0717688 0
1.0721688 123
1.0725688 0
1.0725688 0
1.0729688 122
1.0733688 0
1.0733688 0
1.0737688 121
1.0741688 0
1.0741688 0
1.0745688 120
1.0749688 0
1.0749688 0
1.0753688 119
1.0757688 0
1.0757688 0
1.0761688 118
1.0765688 0
1.0765688 0
1.0769688 117
1.0773688 0
1.0773688 0
1.0777688 116
1.0781688 0
1.0781688 0
1.0785688 115
1.0789688 0
1.0789688 0
1.0793688 114
1.0797688 0
1.0797688 0
1.0801688 113
1.0805688 0
1.0805688 0
1.0809688 112
1.0813688 0
1.0813688 0
1.0817688 111
1.0821688 0
1.0821688 0
1.0825688 110
1.0829688 0
1.0829688 0
1.0833688 109
1.0837688 0
1.0837688 0
1.0841688 108
1.0845688 0
1.0845688 0
1.0849688 107
1.0853688 0
1.0853688 0
1.0857688 106
1.0861688 0
1.0861688 0
1.0865688 105
1.0869688 0
1.0869688 0
1.0873688 104
1.0877688 0
1.0877688 0
1.0881688 103
1.0885688 0
1.0885688 0
1.0889688 102
1.0893688 0
1.0893688 0
1.0896464 101
1.0901688 0
1.0901688 0
1.0904464 100
1.0909688 0
1.0909688 0
1.0912464 99
1.0917688 0
1.0917688 0
1.0920464 98
1.0925688 0
1.0925688 0
1.0928464 97
1.0933688 0
1.0933688 0
1.0936464 96
1.0941688 0
1.0941688 0
1.0944464 95
1.0949688 0
1.0949688 0
1.0952464 94
1.0957688 0
1.0957688 0
1.0960464 93
1.0965688 0
1.0965688 0
1.0968464 92
1.0973688 0
1.0973688 0
1.0976464 91
1.0981688 0
1.0981688 0
1.0984464 90
1.0989688 0
1.0989688 0
1.0992464 89
1.0996464 0
1.0996464 0
1.1000464 88
1.1004464 0
1.1004464 0
1.1008464 87
1.1012464 0
1.1012464 0
1.1016464 86
1.1020464 0
1.1020464 0
1.1024464 85
1.1028464 0
1.1028464 0
1.1032464 84
1.1036464 0
1.1036464 0
1.1040464 83
1.1044464 0
1.1044464 0
1.1048464 82
1.1052464 0
1.1052464 0
1.1056464 81
1.1060464 0
1.1060464 0
1.1064464 80
1.1068464 0
1.1068464 0
1.1072464 79
1.1076464 0
1.1076464 0
1.1080464 78
1.1084464 0
1.1084464 0
1.1088464 77
1.1092464 0
1.1092464 0
1.1096464 76
1.1096464 77
1.1096464 78
1.1096464 79
1.1096464 80
1.1096464 81
1.1096464 82
1.1096464 83
1.1096464 84
1.1096464 85
1.1096464 86
1.1096464 87
1.1096464 88
1.1096464 89
1.1096464 90
1.1096464 91
1.1096464 92
1.1096464 93
1.1096464 94
1.1096464 95
1.1096464 96
1.1096464 97
1.1096464 98
1.1096464 99
1.1096464 100
1.1096464 101
1.1096464 102
1.1096464 103
1.1096464 104
1.1096464 105
1.1096464 106
1.1096464 107
1.1096464 108
1.1096464 109
1.1096464 110
1.1096464 111
1.1096464 112
1.1096464 113
1.1096464 114
1.1096464 115
1.1096464 116
1.1096464 117
1.1096464 118
1.1096464 119
1.1096464 120
1.1096464 121
1.1096464 122
1.1096464 123
1.1096464 124
1.1096464 125
1.1096464 126
1.1096464 127
1.1096464 128
1.1096464 129
1.1096464 130
1.1096464 131
1.1096464 132
1.1096464 133
1.1096464 134
1.1096464 135
1.1096464 136
1.1096464 137
1.1096464 138
1.1096464 139
1.1096464 140
1.1096464 141
1.1096464 142
1.1096464 143
1.1096464 144
1.1096464 145
1.1096464 146
1.1096464 147
1.1096464 148
1.1096464 149
1.1096464 150
1.1096464 151
1.1096464 152
1.1096464 153
1.1096464 154
1.1096464 155
1.1096464 156
1.1096464 157
1.1096464 158
1.1096464 159
1.1096464 160
1.1096464 161
1.1096464 162
1.1096464 163
1.1096464 164
1.1096464 165
1.1096464 166
1.1096464 167
1.1096464 168
1.1096464 169
1.1096464 170
1.1096464 171
1.1096464 172
1.1096464 173
1.1096464 174
1.1096464 175
1.1096464 176
1.1096464 177
1.1096464 178
1.1096464 179
1.1096464 180
1.1096464 181
1.1096464 182
1.1100464 0
1.1100464 0
1.1104464 181
1.1108464 0
1.1108464 0
1.1112464 180
1.1116464 0
1.1116464 0
1.1120464 179
1.1124464 0
1.1124464 0
1.1128464 178
1.1132464 0
1.1132464 0
1.1136464 177
1.1140464 0
1.1140464 0
1.1144464 176
1.1148464 0
1.1148464 0
1.1152464 175
1.1156464 0
1.1156464 0
1.1160464 174
1.1164464 0
1.1164464 0
1.1168464 173
1.1172464 0
1.1172464 0
1.1176464 172
1.1180464 0
1.1180464 0
1.1184464 171
1.1188464 0
1.1188464 0
1.1192464 170
1.1196464 0
1.1196464 0
1.1200464 169
1.1204464 0
1.1204464 0
1.1208464 168
1.1212464 0
1.1212464 0
1.1216464 167
1.1220464 0
1.1220464 0
1.1224464 166
1.1228464 0
1.1228464 0
1.1232464 165
1.1236464 0
1.1236464 0
1.1240464 164
1.1244464 0
1.1244464 0
1.1248464 163
1.1252464 0
1.1252464 0
1.1256464 162
1.1260464 0
1.1260464 0
1.1264464 161
1.1268464 0
1.1268464 0
1.1272464 160
1.1276464 0
1.1276464 0
1.1280464 159
1.1284464 0
1.1284464 0
1.1288464 158
1.1292464 0
1.1292464 0
1.1296464 157
1.1300464 0
1.1300464 0
1.1304464 156
1.1308464 0
1.1308464 0
1.1312464 155
1.1316464 0
1.1316464 0
1.1320464 154
1.1324464 0
1.1324464 0
1.1328464 153
1.1332464 0
1.1332464 0
1.1336464 152
1.1340464 0
1.1340464 0
1.1344464 151
1.1348464 0
1.1348464 0
1.1352464 150
1.1356464 0
1.1356464 0
1.1360464 149
1.1364464 0
1.1364464 0
1.1368464 148
1.1372464 0
1.1372464 0
1.1376464 147
1.1380464 0
1.1380464 0
1.1384464 146
1.1388464 0
1.1388464 0
1.1392464 145
1.1396464 0
1.1396464 0
1.1400464 144
1.1404464 0
1.1404464 0
1.1408464 143
1.1412464 0
1.1412464 0
1.1416464 142
1.1420464 0
1.1420464 0
1.1424464 141
1.1428464 0
1.1428464 0
1.1432464 140
1.1436464 0
1.1436464 0
1.1440464 139
1.1444464 0
1.1444464 0
1.1448464 138
1.1452464 0
1.1452464 0
1.1456464 137
1.1460464 0
1.1460464 0
1.1464464 136
1.1468464 0
1.1468464 0
1.1472464 135
1.1476464 0
1.1476464 0
1.1480464 134
1.1484464 0
1.1484464 0
1.1488464 133
1.1492464 0
1.1492464 0
1.1496464 132
1.1500464 0
1.1500464 0
1.1504464 131
1.1508464 0
1.1508464 0
1.1512464 130
1.1516464 0
1.1516464 0
1.1520464 129
1.1524464 0
1.1524464 0
1.1528464 128
1.1532464 0
1.1532464 0
1.1536464 127
1.1540464 0
1.1540464 0
1.1544464 126
1.1548464 0
1.1548464 0
1.1552464 125
1.1556464 0
1.1556464 0
1.1560464 124
1.1564464 0
1.1564464 0
1.1568464 123
1.1572464 0
1.1572464 0
1.1576464 122
1.1580464 0
1.1580464 0
1.1584464 121
1.1588464 0
1.1588464 0
1.1592464 120
1.1596464 0
1.1596464 0
1.1600464 119
1.1604464 0
1.1604464 0
1.1608464 118
1.1612464 0
1.1612464 0
1.1616464 117
1.1620464 0
1.1620464 0
1.1624464 116
1.1628464 0
1.1628464 0
1.1632464 115
1.1636464 0
1.1636464 0
1.1640464 114
1.1644464 0
1.1644464 0
1.1648464 113
1.1652464 0
1.1652464 0
1.1656464 112
1.1660464 0
1.1660464 0
1.1664464 111
1.1668464 0
1.1668464 0
1.1672464 110
1.1676464 0
1.1676464 0
1.1680464 109
1.1684464 0
1.1684464 0
1.1688464 108
1.1692464 0
1.1692464 0
1.1696464 107
1.1700464 0
1.1700464 0
1.1704464 106
1.170572 105
1.1708464 0
1.1708464 0
1.171372 104
1.1716464 0
1.1716464 0
1.172172 103
1.1724464 0
1.1724464 0
1.172972 102
1.1732464 0
1.1732464 0
1.173772 101
1.1740464 0
1.1740464 0
1.174572 100
1.1748464 0
1.1748464 0
1.175372 99
1.1756464 0
1.1756464 0
1.176172 98
1.1764464 0
1.1764464 0
1.176972 97
1.1772464 0
1.1772464 0
1.177772 96
1.1780464 0
1.1780464 0
1.178572 95
1.1788464 0
1.1788464 0
1.179372 94
1.1796464 0
1.1796464 0
1.180172 93
1.1804464 0
1.1804464 0
1.180572 0
1.180572 0
1.180972 92
1.181372 0
1.181372 0
1.181772 91
1.182172 0
1.182172 0
1.182572 90
1.182972 0
1.182972 0
1.183372 89
1.183772 0
1.183772 0
1.184172 88
1.184572 0
1.184572 0
1.184972 87
1.185372 0
1.185372 0
1.185772 86
1.186172 0
1.186172 0
1.186572 85
1.186972 0
1.186972 0
1.187372 84
1.187772 0
1.187772 0
1.188172 83
1.188572 0
1.188572 0
1.188972 82
1.189372 0
1.189372 0
1.189772 81
1.190172 0
1.190172 0
1.190572 80
1.190572 81
1.190572 82
1.190572 83
1.190572 84
1.190572 85
1.190572 86
1.190572 87
1.190572 88
1.190572 89
1.190572 90
1.190572 91
1.190572 92
1.190572 93
1.190572 94
1.190572 95
1.190572 96
1.190572 97
1.190572 98
1.190572 99
1.190572 100
1.190572 101
1.190572 102
1.190572 103
1.190572 104
1.190572 105
1.190572 106
1.190572 107
1.190572 108
1.190572 109
1.190572 110
1.190572 111
1.190572 112
1.190572 113
1.190572 114
1.190572 115
1.190572 116
1.190572 117
1.190572 118
1.190572 119
1.190572 120
1.190572 121
1.190572 122
1.190572 123
1.190572 124
1.190572 125
1.190572 126
1.190572 127
1.190572 128
1.190572 129
1.190572 130
1.190572 131
1.190572 132
1.190572 133
1.190572 134
1.190572 135
1.190572 136
1.190572 137
1.190572 138
1.190572 139
1.190572 140
1.190572 141
1.190572 142
1.190572 143
1.190572 144
1.190572 145
1.190572 146
1.190572 147
1.190572 148
1.190572 149
1.190572 150
1.190572 151
1.190572 152
1.190572 153
1.190572 154
1.190572 155
1.190572 156
1.190572 157
1.190572 158
1.190572 159
1.190572 160
1.190572 161
1.190572 162
1.190572 163
1.190572 164
1.190572 165
1.190572 166
1.190572 167
1.190572 168
1.190572 169
1.190572 170
1.190572 171
1.190572 172
1.190572 173
1.190572 174
1.190572 175
1.190572 176
1.190572 177
1.190572 178
1.190572 179
1.190572 180
1.190572 181
1.190572 182
1.190572 183
1.190972 0
1.190972 0
1.191372 182
1.191772 0
1.191772 0
1.192172 181
1.192572 0
1.192572 0
1.192972 180
1.193372 0
1.193372 0
1.193772 179
1.194172 0
1.194172 0
1.194572 178
1.194972 0
1.194972 0
1.195372 177
1.195772 0
1.195772 0
1.196172 176
1.196572 0
1.196572 0
1.196972 175
1.197372 0
1.197372 0
1.197772 174
1.198172 0
1.198172 0
1.198572 173
1.198972 0
1.198972 0
1.199372 172
1.199772 0
1.199772 0
1.200172 171
1.200572 0
1.200572 0
1.200972 170
1.201372 0
1.201372 0
1.201772 169
1.202172 0
1.202172 0
1.202572 168
1.202972 0
1.202972 0
1.203372 167
1.203772 0
1.203772 0
1.204172 166
1.204572 0
1.204572 0
1.204972 165
1.205372 0
1.205372 0
1.205772 164
1.206172 0
1.206172 0
1.206572 163
1.206972 0
1.206972 0
1.207372 162
1.207772 0
1.207772 0
1.208172 161
1.208572 0
1.208572 0
1.208972 160
1.209372 0
1.209372 0
1.209772 159
1.210172 0
1.210172 0
1.210572 158
1.210972 0
1.210972 0
1.211372 157
1.211772 0
1.211772 0
1.212172 156
1.212572 0
1.212572 0
1.212972 155
1.213372 0
1.213372 0
1.213772 154
1.214172 0
1.214172 0
1.214572 153
1.214972 0
1.214972 0
1.215372 152
1.215772 0
1.215772 0
1.216172 151
1.216572 0
1.216572 0
1.216972 150
1.217372 0
1.217372 0
1.217772 149
1.218172 0
1.218172 0
1.218572 148
1.218972 0
1.218972 0
1.219372 147
1.219772 0
1.219772 0
1.220172 146
1.220572 0
1.220572 0
1.220972 145
1.221372 0
1.221372 0
1.221772 144
1.222172 0
1.222172 0
1.222572 143
1.222972 0
1.222972 0
1.223372 142
1.223772 0
1.223772 0
1.224172 141
1.224572 0
1.224572 0
1.224972 140
1.225372 0
1.225372 0
1.225772 139
1.226172 0
1.226172 0
1.226572 138
1.226972 0
1.226972 0
1.227372 137
1.227772 0
1.227772 0
1.228172 136
1.228572 0
1.228572 0
1.228972 135
1.229372 0
1.229372 0
1.229772 134
1.230172 0
1.230172 0
1.230572 133
1.230972 0
1.230972 0
1.231372 132
1.231772 0
1.231772 0
1.232172 131
1.232572 0
1.232572 0
1.232972 130
1.233372 0
1.233372 0
1.233772 129
1.234172 0
1.234172 0
1.234572 128
1.234972 0
1.234972 0
1.235372 127
1.235772 0
1.235772 0
1.236172 126
1.236572 0
1.236572 0
1.236972 125
1.237372 0
1.237372 0
1.237772 124
1.238172 0
1.238172 0
1.238572 123
1.238972 0
1.238972 0
1.239372 122
1.239772 0
1.239772 0
1.240172 121
1.240572 0
1.240572 0
1.240972 120
1.241372 0
1.241372 0
1.241772 119
1.242172 0
1.242172 0
1.242572 118
1.242972 0
1.242972 0
1.243372 117
1.243772 0
1.243772 0
1.244172 116
1.244572 0
1.244572 0
1.244972 115
1.245372 0
1.245372 0
1.245772 114
1.246172 0
1.246172 0
1.246572 113
1.246972 0
1.246972 0
1.247372 112
1.247772 0
1.247772 0
1.248172 111
1.248572 0
1.248572 0
1.248972 110
1.249372 0
1.249372 0
1.249772 109
1.250172 0
1.250172 0
1.250572 108
1.250972 0
1.250972 0
1.251372 107
1.251772 0
1.251772 0
1.252172 106
1.252572 0
1.252572 0
1.252972 105
1.253372 0
1.253372 0
1.253772 104
1.254172 0
1.254172 0
1.254572 103
1.254972 0
1.254972 0
1.2552048 102
1.255772 0
1.255772 0
1.2560048 101
1.256572 0
1.256572 0
1.2568048 100
1.257372 0
1.257372 0
1.2576048 99
1.258172 0
1.258172 0
1.2584048 98
1.258972 0
1.258972 0
1.2592048 97
1.259772 0
1.259772 0
1.2600048 96
1.260572 0
1.260572 0
1.2608048 95
1.261372 0
1.261372 0
1.2616048 94
1.262172 0
1.262172 0
1.2624048 93
1.262972 0
1.262972 0
1.2632048 92
1.263772 0
1.263772 0
1.2640048 91
1.264572 0
1.264572 0
1.2648048 90
1.2652048 0
1.2652048 0
1.2656048 89
1.2660048 0
1.2660048 0
1.2664048 88
1.2668048 0
1.2668048 0
1.2672048 87
1.2676048 0
1.2676048 0
1.2680048 86
1.2684048 0
1.2684048 0
1.2688048 85
1.2692048 0
1.2692048 0
1.2696048 84
1.2700048 0
1.2700048 0
1.2704048 83
1.2708048 0
1.2708048 0
1.2712048 82
1.2716048 0
1.2716048 0
1.2720048 81
1.2724048 0
1.2724048 0
1.2728048 80
1.2732048 0
1.2732048 0
1.2736048 79
1.2740048 0
1.2740048 0
1.2744048 78
1.2748048 0
1.2748048 0
1.2752048 77
1.2752048 78
1.2752048 79
1.2752048 80
1.2752048 81
1.2752048 82
1.2752048 83
1.2752048 84
1.2752048 85
1.2752048 86
1.2752048 87
1.2752048 88
1.2752048 89
1.2752048 90
1.2752048 91
1.2752048 92
1.2752048 93
1.2752048 94
1.2752048 95
1.2752048 96
1.2752048 97
1.2752048 98
1.2752048 99
1.2752048 100
1.2752048 101
1.2752048 102
1.2752048 103
1.2752048 104
1.2752048 105
1.2752048 106
1.2752048 107
1.2752048 108
1.2752048 109
1.2752048 110
1.2752048 111
1.2752048 112
1.2752048 113
1.2752048 114
1.2752048 115
1.2752048 116
1.2752048 117
1.2752048 118
1.2752048 119
1.2752048 120
1.2752048 121
1.2752048 122
1.2752048 123
1.2752048 124
1.2752048 125
1.2752048 126
1.2752048 127
1.2752048 128
1.2752048 129
1.2752048 130
1.2756048 0
1.2756048 0
1.2760048 129
1.2764048 0
1.2764048 0
1.2768048 128
1.2772048 0
1.2772048 0
1.2776048 127
1.2780048 0
1.2780048 0
1.2784048 126
1.2788048 0
1.2788048 0
1.2792048 125
1.2796048 0
1.2796048 0
1.2800048 124
1.2804048 0
1.2804048 0
1.2808048 123
1.2812048 0
1.2812048 0
1.2816048 122
1.2820048 0
1.2820048 0
1.2824048 121
1.2828048 0
1.2828048 0
1.2832048 120
1.2836048 0
1.2836048 0
1.2840048 119
1.2844048 0
1.2844048 0
1.2848048 118
1.2852048 0
1.2852048 0
1.2856048 117
1.2860048 0
1.2860048 0
1.2864048 116
1.2868048 0
1.2868048 0
1.2872048 115
1.2876048 0
1.2876048 0
1.2880048 114
1.2884048 0
1.2884048 0
1.2888048 113
1.2892048 0
1.2892048 0
1.2896048 112
1.2900048 0
1.2900048 0
1.2904048 111
1.2908048 0
1.2908048 0
1.2912048 110
1.2916048 0
1.2916048 0
1.2920048 109
1.2924048 0
1.2924048 0
1.2928048 108
1.2932048 0
1.2932048 0
1.2936048 107
1.2940048 0
1.2940048 0
1.2944048 106
1.2948048 0
1.2948048 0
1.2952048 105
1.2956048 0
1.2956048 0
1.2960048 104
1.2964048 0
1.2964048 0
1.2968048 103
1.2972048 0
1.2972048 0
1.2976048 102
1.2980048 0
1.2980048 0
1.2984048 101
1.2988048 0
1.2988048 0
1.2992048 100
1.2996048 0
1.2996048 0
1.3000048 99
1.3004048 0
1.3004048 0
1.3008048 98
1.3012048 0
1.3012048 0
1.3016048 97
1.3020048 0
1.3020048 0
1.3024048 96
1.3028048 0
1.3028048 0
1.3032048 95
1.3036048 0
1.3036048 0
1.3040048 94
1.3044048 0
1.3044048 0
1.3048048 93
1.3052048 0
1.3052048 0
1.3056048 92
1.3060048 0
1.3060048 0
1.3064048 91
1.3068048 0
1.3068048 0
1.3072048 90
1.3076048 0
1.3076048 0
1.3080048 89
1.3084048 0
1.3084048 0
1.3088048 88
1.3092048 0
1.3092048 0
1.3096048 87
1.3100048 0
1.3100048 0
1.3104048 86
1.3108048 0
1.3108048 0
1.3112048 85
1.3116048 0
1.3116048 0
1.3120048 84
1.3124048 0
1.3124048 0
1.3128048 83
1.3132048 0
1.3132048 0
1.3136048 82
1.3140048 0
1.3140048 0
1.3144048 81
1.3148048 0
1.3148048 0
1.3152048 80
1.3156048 0
1.3156048 0
1.3160048 79
1.3164048 0
1.3164048 0
1.3168048 78
1.3172048 0
1.3172048 0
1.3176048 77
1.3180048 0
1.3180048 0
1.3184048 76
1.3188048 0
1.3188048 0
1.3192048 75
1.3196048 0
1.3196048 0
1.3200048 74
1.3204048 0
1.3204048 0
1.3208048 73
1.3212048 0
1.3212048 0
1.3216048 72
1.3220048 0
1.3220048 0
1.3224048 71
1.3228048 0
1.3228048 0
1.3232048 70
1.3236048 0
1.3236048 0
1.3240048 69
1.3244048 0
1.3244048 0
1.3248048 68
1.3252048 0
1.3252048 0
1.3256048 67
1.3260048 0
1.3260048 0
1.3264048 66
1.3268048 0
1.3268048 0
1.3272048 65
1.3276048 0
1.3276048 0
1.3280048 64
1.3284048 0
1.3284048 0
1.3288048 63
1.3292048 0
1.3292048 0
1.3296048 62
1.3300048 0
1.3300048 0
1.3304048 61
1.3308048 0
1.3308048 0
1.3312048 60
1.3316048 0
1.3316048 0
1.3320048 59
1.3324048 0
1.3324048 0
1.3328048 58
1.3332048 0
1.3332048 0
1.3336048 57
1.3340048 0
1.3340048 0
1.3344048 56
1.3348048 0
1.3348048 0
1.3352048 55
1.3356048 0
1.3356048 0
1.3360048 54
1.3364048 0
1.3364048 0
1.3368048 53
1.3368584 52
1.3372048 0
1.3372048 0
1.3376584 51
1.3380048 0
1.3380048 0
1.3384584 50
1.3388048 0
1.3388048 0
1.3392584 49
1.3396048 0
1.3396048 0
1.3400584 48
1.3404048 0
1.3404048 0
1.3408584 47
1.3412048 0
1.3412048 0
1.3416584 46
1.3420048 0
1.3420048 0
1.3424584 45
1.3428048 0
1.3428048 0
1.3432584 44
1.3436048 0
1.3436048 0
1.3440584 43
1.3444048 0
1.3444048 0
1.3448584 42
1.3452048 0
1.3452048 0
1.3456584 41
1.3460048 0
1.3460048 0
1.3464584 40
1.3468048 0
1.3468048 0
1.3468584 0
1.3468584 0
1.3472584 39
1.3476584 0
1.3476584 0
1.3480584 38
1.3484584 0
1.3484584 0
1.3488584 37
1.3492584 0
1.3492584 0
1.3496584 36
1.3500584 0
1.3500584 0
1.3504584 35
1.3508584 0
1.3508584 0
1.3512584 34
1.3516584 0
1.3516584 0
1.3520584 33
1.3524584 0
1.3524584 0
1.3528584 32
1.3532584 0
1.3532584 0
1.3536584 31
1.3540584 0
1.3540584 0
1.3544584 30
1.3548584 0
1.3548584 0
1.3552584 29
1.3556584 0
1.3556584 0
1.3560584 28
1.3564584 0
1.3564584 0
1.3568584 27
1.3568584 28
1.3568584 29
1.3568584 30
1.3568584 31
1.3568584 32
1.3568584 33
1.3568584 34
1.3568584 35
1.3568584 36
1.3568584 37
1.3568584 38
1.3568584 39
1.3568584 40
1.3568584 41
1.3568584 42
1.3568584 43
1.3568584 44
1.3568584 45
1.3568584 46
1.3568584 47
1.3568584 48
1.3568584 49
1.3568584 50
1.3568584 51
1.3568584 52
1.3568584 53
1.3568584 54
1.3568584 55
1.3568584 56
1.3568584 57
1.3568584 58
1.3568584 59
1.3568584 60
1.3568584 61
1.3568584 62
1.3568584 63
1.3568584 64
1.3568584 65
1.3568584 66
1.3568584 67
1.3568584 68
1.3568584 69
1.3568584 70
1.3568584 71
1.3568584 72
1.3568584 73
1.3568584 74
1.3568584 75
1.3568584 76
1.3568584 77
1.3568584 78
1.3568584 79
1.3568584 80
1.3568584 81
1.3568584 82
1.3568584 83
1.3568584 84
1.3568584 85
1.3568584 86
1.3568584 87
1.3568584 88
1.3568584 89
1.3568584 90
1.3568584 91
1.3568584 92
1.3568584 93
1.3568584 94
1.3568584 95
1.3568584 96
1.3568584 97
1.3568584 98
1.3568584 99
1.3568584 100
1.3568584 101
1.3568584 102
1.3568584 103
1.3568584 104
1.3568584 105
1.3568584 106
1.3568584 107
1.3568584 108
1.3568584 109
1.3568584 110
1.3568584 111
1.3568584 112
1.3568584 113
1.3568584 114
1.3568584 115
1.3568584 116
1.3568584 117
1.3568584 118
1.3568584 119
1.3568584 120
1.3568584 121
1.3568584 122
1.3568584 123
1.3568584 124
1.3568584 125
1.3568584 126
1.3568584 127
1.3568584 128
1.3568584 129
1.3568584 130
1.3572584 0
1.3572584 0
1.3576584 129
1.3580584 0
1.3580584 0
1.3584584 128
1.3588584 0
1.3588584 0
1.3592584 127
1.3596584 0
1.3596584 0
1.3600584 126
1.3604584 0
1.3604584 0
1.3608584 125
1.3612584 0
1.3612584 0
1.3616584 124
1.3620584 0
1.3620584 0
1.3624584 123
1.3628584 0
1.3628584 0
1.3632584 122
1.3636584 0
1.3636584 0
1.3640584 121
1.3644584 0
1.3644584 0
1.3648584 120
1.3652584 0
1.3652584 0
1.3656584 119
1.3660584 0
1.3660584 0
1.3664584 118
1.3668584 0
1.3668584 0
1.3672584 117
1.3676584 0
1.3676584 0
1.3680584 116
1.3684584 0
1.3684584 0
1.3688584 115
1.3692584 0
1.3692584 0
1.3696584 114
1.3700584 0
1.3700584 0
1.3704584 113
1.3708584 0
1.3708584 0
1.3712584 112
1.3716584 0
1.3716584 0
1.3720584 111
1.3724584 0
1.3724584 0
1.3728584 110
1.3732584 0
1.3732584 0
1.3736584 109
1.3740584 0
1.3740584 0
1.3744584 108
1.3748584 0
1.3748584 0
1.3752584 107
1.3756584 0
1.3756584 0
1.3760584 106
1.3764584 0
1.3764584 0
1.3768584 105
1.3772584 0
1.3772584 0
1.3776584 104
1.3780584 0
1.3780584 0
1.3784584 103
1.3788584 0
1.3788584 0
1.3790152 102
1.3796584 0
1.3796584 0
1.3798152 101
1.3804584 0
1.3804584 0
1.3806152 100
1.3812584 0
1.3812584 0
1.3814152 99
1.3820584 0
1.3820584 0
1.3822152 98
1.3828584 0
1.3828584 0
1.3830152 97
1.3836584 0
1.3836584 0
1.3838152 96
1.3844584 0
1.3844584 0
1.3846152 95
1.3852584 0
1.3852584 0
1.3854152 94
1.3860584 0
1.3860584 0
1.3862152 93
1.3868584 0
1.3868584 0
1.3870152 92
1.3876584 0
1.3876584 0
1.3878152 91
1.3884584 0
1.3884584 0
1.3886152 90
1.3890152 0
1.3890152 0
1.3894152 89
1.3898152 0
1.3898152 0
1.3902152 88
1.3906152 0
1.3906152 0
1.3910152 87
1.3914152 0
1.3914152 0
1.3918152 86
1.3922152 0
1.3922152 0
1.3926152 85
1.3930152 0
1.3930152 0
1.3934152 84
1.3938152 0
1.3938152 0
1.3942152 83
1.3946152 0
1.3946152 0
1.3950152 82
1.3954152 0
1.3954152 0
1.3958152 81
1.3962152 0
1.3962152 0
1.3966152 80
1.3970152 0
1.3970152 0
1.3974152 79
1.3978152 0
1.3978152 0
1.3982152 78
1.3986152 0
1.3986152 0
1.3990152 77
1.3994152 0
1.3994152 0
1.3998152 76
1.4002152 0
1.4002152 0
1.4006152 75
1.4010152 0
1.4010152 0
1.4014152 74
1.4018152 0
1.4018152 0
1.4022152 73
1.4026152 0
1.4026152 0
1.4030152 72
1.4034152 0
1.4034152 0
1.4038152 71
1.4042152 0
1.4042152 0
1.4046152 70
1.4050152 0
1.4050152 0
1.4054152 69
1.4058152 0
1.4058152 0
1.4062152 68
1.4066152 0
1.4066152 0
1.4070152 67
1.4074152 0
1.4074152 0
1.4078152 66
1.4082152 0
1.4082152 0
1.4086152 65
1.4090152 0
1.4090152 0
1.4094152 64
1.4098152 0
1.4098152 0
1.4102152 63
1.4106152 0
1.4106152 0
1.4110152 62
1.4114152 0
1.4114152 0
1.4118152 61
1.4122152 0
1.4122152 0
1.4126152 60
1.4130152 0
1.4130152 0
1.4134152 59
1.4138152 0
1.4138152 0
1.4142152 58
1.4146152 0
1.4146152 0
1.4150152 57
1.4154152 0
1.4154152 0
1.4158152 56
1.4162152 0
1.4162152 0
1.4166152 55
1.4170152 0
1.4170152 0
1.4174152 54
1.4178152 0
1.4178152 0
1.4182152 53
1.4186152 0
1.4186152 0
1.4190152 52
1.4194152 0
1.4194152 0
1.4198152 51
1.4202152 0
1.4202152 0
1.4206152 50
1.4210152 0
1.4210152 0
1.4214152 49
1.4218152 0
1.4218152 0
1.4222152 48
1.4226152 0
1.4226152 0
1.4230152 47
1.4234152 0
1.4234152 0
1.4238152 46
1.4242152 0
1.4242152 0
1.4246152 45
1.4250152 0
1.4250152 0
1.4254152 44
1.4258152 0
1.4258152 0
1.4262152 43
1.4266152 0
1.4266152 0
1.4270152 42
1.4274152 0
1.4274152 0
1.4278152 41
1.4282152 0
1.4282152 0
1.4286152 40
1.4290152 0
1.4290152 0
1.4294152 39
1.4298152 0
1.4298152 0
1.4302152 38
1.4306152 0
1.4306152 0
1.4310152 37
1.4314152 0
1.4314152 0
1.4318152 36
1.4322152 0
1.4322152 0
1.4326152 35
1.4330152 0
1.4330152 0
1.4334152 34
1.4338152 0
1.4338152 0
1.4342152 33
1.4346152 0
1.4346152 0
1.4350152 32
1.4354152 0
1.4354152 0
1.4358152 31
1.4362152 0
1.4362152 0
1.4366152 30
1.4370152 0
1.4370152 0
1.4374152 29
1.4378152 0
1.4378152 0
1.4382152 28
1.4386152 0
1.4386152 0
1.4390152 27
1.4394152 0
1.4394152 0
1.4398152 26
1.4402152 0
1.4402152 0
1.4406152 25
1.4410152 0
1.4410152 0
1.4414152 24
1.4418152 0
1.4418152 0
1.4422152 23
1.4426152 0
1.4426152 0
1.4430152 22
1.4434152 0
1.4434152 0
1.4438152 21
1.4442152 0
1.4442152 0
1.4446152 20
1.4450152 0
1.4450152 0
1.4454152 19
1.4458152 0
1.4458152 0
1.4462152 18
1.4466152 0
1.4466152 0
1.4470152 17
1.4474152 0
1.4474152 0
1.4478152 16
1.4482152 0
1.4482152 0
1.4486152 15
1.4490152 0
1.4490152 0
1.4494152 14
1.4498152 0
1.4498152 0
1.4502152 13
1.4506152 0
1.4506152 0
1.4510152 12
1.4514152 0
1.4514152 0
1.4518152 11
1.4522152 0
1.4522152 0
1.4526152 10
1.4530152 0
1.4530152 0
1.4534152 9
1.4538152 0
1.4538152 0
1.4542152 8
1.4546152 0
1.4546152 0
1.4550152 7
1.4554152 0
1.4554152 0
1.4558152 6
1.4562152 0
1.4562152 0
1.4566152 5
1.4570152 0
1.4570152 0
1.4574152 4
1.4578152 0
1.4578152 0
1.4582152 3
1.4586152 0
1.4586152 0
1.4590152 2
1.4594152 0
1.4594152 0
1.4598152 1
1.4602152 0
1.4602152 0
1.4606152 0
1.4610152 0
1.4610152 0
1.4618152 0
1.4618152 0
1.4626152 0
1.4626152 0
1.4634152 0
1.4634152 0
1.4642152 0
1.4642152 0
1.4650152 0
1.4650152 0
1.4658152 0
1.4658152 0
1.4666152 0
1.4666152 0
1.4674152 0
1.4674152 0
1.4682152 0
1.4682152 0
1.4690152 0
1.4690152 0
1.4698152 0
1.4698152 0
1.4706152 0
1.4706152 0
1.4714032 0
1.4714032 0
1.4814032 0
1.4814032 0
1.4814032 1
1.4814032 2
1.4814032 3
1.4814032 4
1.4814032 5
1.4814032 6
1.4814032 7
1.4814032 8
1.4814032 9
1.4814032 10
1.4814032 11
1.4814032 12
1.4814032 13
1.4814032 14
1.4814032 15
1.4814032 16
1.4814032 17
1.4814032 18
1.4814032 19
1.4814032 20
1.4814032 21
1.4814032 22
1.4814032 23
1.4814032 24
1.4814032 25
1.4814032 26
1.4814032 27
1.4814032 28
1.4814032 29
1.4814032 30
1.4814032 31
1.4814032 32
1.4814032 33
1.4814032 34
1.4814032 35
1.4814032 36
1.4814032 37
1.4814032 38
1.4814032 39
1.4814032 40
1.4814032 41
1.4814032 42
1.4814032 43
1.4814032 44
1.4814032 45
1.4814032 46
1.4814032 47
1.4814032 48
1.4814032 49
1.4814032 50
1.4814032 51
1.4814032 52
1.4814032 53
1.4814032 54
1.4814032 55
1.4814032 56
1.4814032 57
1.4814032 58
1.4814032 59
1.4814032 60
1.4814032 61
1.4814032 62
1.4814032 63
1.4814032 64
1.4814032 65
1.4814032 66
1.4814032 67
1.4814032 68
1.4814032 69
1.4814032 70
1.4814032 71
1.4814032 72
1.4814032 73
1.4814032 74
1.4814032 75
1.4814032 76
1.4814032 77
1.4814032 78
1.4814032 79
1.4814032 80
1.4814032 81
1.4814032 82
1.4814032 83
1.4814032 84
1.4814032 85
1.4814032 86
1.4814032 87
1.4814032 88
1.4814032 89
1.4814032 90
1.4814032 91
1.4814032 92
1.4814032 93
1.4814032 94
1.4814032 95
1.4814032 96
1.4814032 97
1.4814032 98
1.4814032 99
1.4814032 100
1.4814032 101
1.4814032 102
1.4814032 103
1.4822032 102
1.4830032 101
1.4838032 100
1.4846032 99
1.4854032 98
1.4862032 97
1.4870032 96
1.4878032 95
1.4886032 94
1.4894032 93
1.4902032 92
1.4910032 91
1.4918032 90
1.4922032 0
1.4922032 0
1.4926032 89
1.4930032 0
1.4930032 0
1.4934032 88
1.4938032 0
1.4938032 0
1.4942032 87
1.4946032 0
1.4946032 0
1.4950032 86
1.4954032 0
1.4954032 0
1.4958032 85
1.4962032 0
1.4962032 0
1.4966032 84
1.4970032 0
1.4970032 0
1.4974032 83
1.4978032 0
1.4978032 0
1.4982032 82
1.4986032 0
1.4986032 0
1.4990032 81
1.4994032 0
1.4994032 0
1.4998032 80
1.5002032 0
1.5002032 0
1.5006032 79
1.5010032 0
1.5010032 0
1.5014032 78
1.5018032 0
1.5018032 0
1.5022032 77
1.5026032 0
1.5026032 0
1.5030032 76
1.5034032 0
1.5034032 0
1.5038032 75
1.5042032 0
1.5042032 0
1.5046032 74
1.5050032 0
1.5050032 0
1.5054032 73
1.5058032 0
1.5058032 0
1.5062032 72
1.5066032 0
1.5066032 0
1.5070032 71
1.5074032 0
1.5074032 0
1.5078032 70
1.5082032 0
1.5082032 0
1.5086032 69
1.5090032 0
1.5090032 0
1.5094032 68
1.5098032 0
1.5098032 0
1.5102032 67
1.5106032 0
1.5106032 0
1.5110032 66
1.5114032 0
1.5114032 0
1.5118032 65
1.5122032 0
1.5122032 0
1.5126032 64
1.5130032 0
1.5130032 0
1.5134032 63
1.5138032 0
1.5138032 0
1.5142032 62
1.5146032 0
1.5146032 0
1.5150032 61
1.5154032 0
1.5154032 0
1.5158032 60
1.5162032 0
1.5162032 0
1.5166032 59
1.5170032 0
1.5170032 0
1.5174032 58
1.5178032 0
1.5178032 0
1.5182032 57
1.5186032 0
1.5186032 0
1.5190032 56
1.5194032 0
1.5194032 0
1.5198032 55
1.5202032 0
1.5202032 0
1.5206032 54
1.5210032 0
1.5210032 0
1.5214032 53
1.5218032 0
1.5218032 0
1.5222032 52
1.5226032 0
1.5226032 0
1.5230032 51
1.5234032 0
1.5234032 0
1.5238032 50
1.5242032 0
1.5242032 0
1.5246032 49
1.5250032 0
1.5250032 0
1.5254032 48
1.5258032 0
1.5258032 0
1.5262032 47
1.5266032 0
1.5266032 0
1.5270032 46
1.5274032 0
1.5274032 0
1.5278032 45
1.5282032 0
1.5282032 0
1.5286032 44
1.5290032 0
1.5290032 0
1.5294032 43
1.5298032 0
1.5298032 0
1.5302032 42
1.5306032 0
1.5306032 0
1.5310032 41
1.5314032 0
1.5314032 0
1.5318032 40
1.5322032 0
1.5322032 0
1.5326032 39
1.5330032 0
1.5330032 0
1.5334032 38
1.5338032 0
1.5338032 0
1.5342032 37
1.5346032 0
1.5346032 0
1.5350032 36
1.5354032 0
1.5354032 0
1.5358032 35
1.5362032 0
1.5362032 0
1.5366032 34
1.5370032 0
1.5370032 0
1.5374032 33
1.5378032 0
1.5378032 0
1.5382032 32
1.5386032 0
1.5386032 0
1.5390032 31
1.5394032 0
1.5394032 0
1.5398032 30
1.5402032 0
1.5402032 0
1.5406032 29
1.5410032 0
1.5410032 0
1.5414032 28
1.5418032 0
1.5418032 0
1.5422032 27
1.5426032 0
1.5426032 0
1.5430032 26
1.5434032 0
1.5434032 0
1.5438032 25
1.5442032 0
1.5442032 0
1.5446032 24
1.5450032 0
1.5450032 0
1.5454032 23
1.5458032 0
1.5458032 0
1.5462032 22
1.5466032 0
1.5466032 0
1.5470032 21
1.5474032 0
1.5474032 0
1.5478032 20
1.5482032 0
1.5482032 0
1.5486032 19
1.5490032 0
1.5490032 0
1.5494032 18
1.5498032 0
1.5498032 0
1.5502032 17
1.5506032 0
1.5506032 0
1.5510032 16
1.5514032 0
1.5514032 0
1.5518032 15
1.5522032 0
1.5522032 0
1.5526032 14
1.5530032 0
1.5530032 0
1.5534032 13
1.5538032 0
1.5538032 0
1.5542032 12
1.5546032 0
1.5546032 0
1.5550032 11
1.5554032 0
1.5554032 0
1.5558032 10
1.5562032 0
1.5562032 0
1.5566032 9
1.5570032 0
1.5570032 0
1.5574032 8
1.5578032 0
1.5578032 0
1.5582032 7
1.5586032 0
1.5586032 0
1.5590032 6
1.5594032 0
1.5594032 0
1.5598032 5
1.5602032 0
1.5602032 0
1.5606032 4
1.5610032 0
1.5610032 0
1.5614032 3
1.5618032 0
1.5618032 0
1.5622032 2
1.5626032 0
1.5626032 0
1.5630032 1
1.5634032 0
1.5634032 0
1.5638032 0
1.5642032 0
1.5642032 0
1.5650032 0
1.5650032 0
1.5658032 0
1.5658032 0
1.5666032 0
1.5666032 0
1.5674032 0
1.5674032 0
1.5682032 0
1.5682032 0
1.5690032 0
1.5690032 0
1.5698032 0
1.5698032 0
1.5706032 0
1.5706032 0
1.5714032 0
1.5714032 0
1.5722032 0
1.5722032 0
1.5730032 0
1.5730032 0
1.5738032 0
1.5738032 0
1.5745328 0
1.5745328 0
1.5845328 0
1.5845328 0
1.5845328 1
1.5845328 2
1.5845328 3
1.5845328 4
1.5845328 5
1.5845328 6
1.5845328 7
1.5845328 8
1.5845328 9
1.5845328 10
1.5845328 11
1.5845328 12
1.5845328 13
1.5845328 14
1.5845328 15
1.5845328 16
1.5845328 17
1.5845328 18
1.5845328 19
1.5845328 20
1.5845328 21
1.5845328 22
1.5845328 23
1.5845328 24
1.5845328 25
1.5845328 26
1.5845328 27
1.5845328 28
1.5845328 29
1.5845328 30
1.5845328 31
1.5845328 32
1.5845328 33
1.5845328 34
1.5845328 35
1.5845328 36
1.5845328 37
1.5845328 38
1.5845328 39
1.5845328 40
1.5845328 41
1.5845328 42
1.5845328 43
1.5845328 44
1.5845328 45
1.5845328 46
1.5845328 47
1.5845328 48
1.5845328 49
1.5845328 50
1.5845328 51
1.5845328 52
1.5845328 53
1.5845328 54
1.5845328 55
1.5845328 56
1.5845328 57
1.5845328 58
1.5845328 59
1.5845328 60
1.5845328 61
1.5845328 62
1.5845328 63
1.5845328 64
1.5845328 65
1.5845328 66
1.5845328 67
1.5845328 68
1.5845328 69
1.5845328 70
1.5845328 71
1.5845328 72
1.5845328 73
1.5845328 74
1.5845328 75
1.5845328 76
1.5845328 77
1.5845328 78
1.5845328 79
1.5845328 80
1.5845328 81
1.5845328 82
1.5845328 83
1.5845328 84
1.5845328 85
1.5845328 86
1.5845328 87
1.5845328 88
1.5845328 89
1.5845328 90
1.5845328 91
1.5845328 92
1.5845328 93
1.5845328 94
1.5845328 95
1.5845328 96
1.5845328 97
1.5845328 98
1.5845328 99
1.5845328 100
1.5845328 101
1.5845328 102
1.5845328 103
1.5845328 104
1.5853328 103
1.5861328 102
1.5869328 101
1.5877328 100
1.5885328 99
1.5893328 98
1.5901328 97
1.5909328 96
1.5917328 95
1.5925328 94
1.5933328 93
1.5941328 92
1.5949328 91
1.5953328 0
1.5953328 0
1.5957328 90
1.5961328 0
1.5961328 0
1.5965328 89
1.5969328 0
1.5969328 0
1.5973328 88
1.5977328 0
1.5977328 0
1.5981328 87
1.5985328 0
1.5985328 0
1.5989328 86
1.5993328 0
1.5993328 0
1.5997328 85
1.6001328 0
1.6001328 0
1.6005328 84
1.6009328 0
1.6009328 0
1.6013328 83
1.6017328 0
1.6017328 0
1.6021328 82
1.6025328 0
1.6025328 0
1.6029328 81
1.6033328 0
1.6033328 0
1.6037328 80
1.6041328 0
1.6041328 0
1.6045328 79
1.6049328 0
1.6049328 0
1.6053328 78
1.6057328 0
1.6057328 0
1.6061328 77
1.6065328 0
1.6065328 0
1.6069328 76
1.6073328 0
1.6073328 0
1.6077328 75
1.6081328 0
1.6081328 0
1.6085328 74
1.6089328 0
1.6089328 0
1.6093328 73
1.6097328 0
1.6097328 0
1.6101328 72
1.6105328 0
1.6105328 0
1.6109328 71
1.6113328 0
1.6113328 0
1.6117328 70
1.6121328 0
1.6121328 0
1.6125328 69
1.6129328 0
1.6129328 0
1.6133328 68
1.6137328 0
1.6137328 0
1.6141328 67
1.6145328 0
1.6145328 0
1.6149328 66
1.6153328 0
1.6153328 0
1.6157328 65
1.6161328 0
1.6161328 0
1.6165328 64
1.6169328 0
1.6169328 0
1.6173328 63
1.6177328 0
1.6177328 0
1.6181328 62
1.6185328 0
1.6185328 0
1.6189328 61
1.6193328 0
1.6193328 0
1.6197328 60
1.6201328 0
1.6201328 0
1.6205328 59
1.6209328 0
1.6209328 0
1.6213328 58
1.6217328 0
1.6217328 0
1.6221328 57
1.6225328 0
1.6225328 0
1.6229328 56
1.6233328 0
1.6233328 0
1.6237328 55
1.6241328 0
1.6241328 0
1.6245328 54
1.6249328 0
1.6249328 0
1.6253328 53
1.6257328 0
1.6257328 0
1.6261328 52
1.6265328 0
1.6265328 0
1.6269328 51
1.6273328 0
1.6273328 0
1.6277328 50
1.6281328 0
1.6281328 0
1.6285328 49
1.6289328 0
1.6289328 0
1.6293328 48
1.6297328 0
1.6297328 0
1.6301328 47
1.6305328 0
1.6305328 0
1.6309328 46
1.6313328 0
1.6313328 0
1.6317328 45
1.6321328 0
1.6321328 0
1.6325328 44
1.6329328 0
1.6329328 0
1.6333328 43
1.6337328 0
1.6337328 0
1.6341328 42
1.6345328 0
1.6345328 0
1.6349328 41
1.6353328 0
1.6353328 0
1.6357328 40
1.6361328 0
1.6361328 0
1.6365328 39
1.6369328 0
1.6369328 0
1.6373328 38
1.6377328 0
1.6377328 0
1.6381328 37
1.6385328 0
1.6385328 0
1.6389328 36
1.6393328 0
1.6393328 0
1.6397328 35
1.6401328 0
1.6401328 0
1.6405328 34
1.6409328 0
1.6409328 0
1.6413328 33
1.6417328 0
1.6417328 0
1.6421328 32
1.6425328 0
1.6425328 0
1.6429328 31
1.6433328 0
1.6433328 0
1.6437328 30
1.6441328 0
1.6441328 0
1.6445328 29
1.6449328 0
1.6449328 0
1.6453328 28
1.6457328 0
1.6457328 0
1.6461328 27
1.6465328 0
1.6465328 0
1.6469328 26
1.6473328 0
1.6473328 0
1.6477328 25
1.6481328 0
1.6481328 0
1.6485328 24
1.6489328 0
1.6489328 0
1.6493328 23
1.6497328 0
1.6497328 0
1.6501328 22
1.6505328 0
1.6505328 0
1.6509328 21
1.6513328 0
1.6513328 0
1.6517328 20
1.6521328 0
1.6521328 0
1.6525328 19
1.6529328 0
1.6529328 0
1.6533328 18
1.6537328 0
1.6537328 0
1.6541328 17
1.6545328 0
1.6545328 0
1.6549328 16
1.6553328 0
1.6553328 0
1.6557328 15
1.6561328 0
1.6561328 0
1.6565328 14
1.6569328 0
1.6569328 0
1.6573328 13
1.6577328 0
1.6577328 0
1.6581328 12
1.6585328 0
1.6585328 0
1.6589328 11
1.6593328 0
1.6593328 0
1.6597328 10
1.6601328 0
1.6601328 0
1.6605328 9
1.6609328 0
1.6609328 0
1.6613328 8
1.6617328 0
1.6617328 0
1.6621328 7
1.6625328 0
1.6625328 0
1.6629328 6
1.6633328 0
1.6633328 0
1.6637328 5
1.6641328 0
1.6641328 0
1.6645328 4
1.6649328 0
1.6649328 0
1.6653328 3
1.6657328 0
1.6657328 0
1.6661328 2
1.6665328 0
1.6665328 0
1.6669328 1
1.6673328 0
1.6673328 0
1.6677328 0
1.6681328 0
1.6681328 0
1.6689328 0
1.6689328 0
1.6697328 0
1.6697328 0
1.6705328 0
1.6705328 0
1.6713328 0
1.6713328 0
1.6721328 0
1.6721328 0
1.6729328 0
1.6729328 0
1.6737328 0
1.6737328 0
1.6745328 0
1.6745328 0
1.6753328 0
1.6753328 0
1.6761328 0
1.6761328 0
1.6769328 0
1.6769328 0
1.6777328 0
1.6777328 0
1.6784104 0
1.6784104 0
1.6884104 0
1.6884104 0
1.6884104 1
1.6884104 2
1.6884104 3
1.6884104 4
1.6884104 5
1.6884104 6
1.6884104 7
1.6884104 8
1.6884104 9
1.6884104 10
1.6884104 11
1.6884104 12
1.6884104 13
1.6884104 14
1.6884104 15
1.6884104 16
1.6884104 17
1.6884104 18
1.6884104 19
1.6884104 20
1.6884104 21
1.6884104 22
1.6884104 23
1.6884104 24
1.6884104 25
1.6884104 26
1.6884104 27
1.6884104 28
1.6884104 29
1.6884104 30
1.6884104 31
1.6884104 32
1.6884104 33
1.6884104 34
1.6884104 35
1.6884104 36
1.6884104 37
1.6884104 38
1.6884104 39
1.6884104 40
1.6884104 41
1.6884104 42
1.6884104 43
1.6884104 44
1.6884104 45
1.6884104 46
1.6884104 47
1.6884104 48
1.6884104 49
1.6884104 50
1.6884104 51
1.6884104 52
1.6884104 53
1.6884104 54
1.6884104 55
1.6884104 56
1.6884104 57
1.6884104 58
1.6884104 59
1.6884104 60
1.6884104 61
1.6884104 62
1.6884104 63
1.6884104 64
1.6884104 65
1.6884104 66
1.6884104 67
1.6884104 68
1.6884104 69
1.6884104 70
1.6884104 71
1.6884104 72
1.6884104 73
1.6884104 74
1.6884104 75
1.6884104 76
1.6884104 77
1.6884104 78
1.6884104 79
1.6884104 80
1.6884104 81
1.6884104 82
1.6884104 83
1.6884104 84
1.6884104 85
1.6884104 86
1.6884104 87
1.6884104 88
1.6884104 89
1.6884104 90
1.6884104 91
1.6884104 92
1.6884104 93
1.6884104 94
1.6884104 95
1.6884104 96
1.6884104 97
1.6884104 98
1.6884104 99
1.6884104 100
1.6884104 101
1.6884104 102
1.6884104 103
1.6884104 104
1.6884104 105
1.6892104 104
1.6900104 103
1.6908104 102
1.6916104 101
1.6924104 100
1.6932104 99
1.6940104 98
1.6948104 97
1.6956104 96
1.6964104 95
1.6972104 94
1.6980104 93
1.6988104 92
1.6992104 0
1.6992104 0
1.6996104 91
1.7000104 0
1.7000104 0
1.7004104 90
1.7008104 0
1.7008104 0
1.7012104 89
1.7016104 0
1.7016104 0
1.7020104 88
1.7024104 0
1.7024104 0
1.7028104 87
1.7032104 0
1.7032104 0
1.7036104 86
1.7040104 0
1.7040104 0
1.7044104 85
1.7048104 0
1.7048104 0
1.7052104 84
1.7056104 0
1.7056104 0
1.7060104 83
1.7064104 0
1.7064104 0
1.7068104 82
1.7072104 0
1.7072104 0
1.7076104 81
1.7080104 0
1.7080104 0
1.7084104 80
1.7088104 0
1.7088104 0
1.7092104 79
1.7096104 0
1.7096104 0
1.7100104 78
1.7104104 0
1.7104104 0
1.7108104 77
1.7112104 0
1.7112104 0
1.7116104 76
1.7120104 0
1.7120104 0
1.7124104 75
1.7128104 0
1.7128104 0
1.7132104 74
1.7136104 0
1.7136104 0
1.7140104 73
1.7144104 0
1.7144104 0
1.7148104 72
1.7152104 0
1.7152104 0
1.7156104 71
1.7160104 0
1.7160104 0
1.7164104 70
1.7168104 0
1.7168104 0
1.7172104 69
1.7176104 0
1.7176104 0
1.7180104 68
1.7184104 0
1.7184104 0
1.7188104 67
1.7192104 0
1.7192104 0
1.7196104 66
1.7200104 0
1.7200104 0
1.7204104 65
1.7208104 0
1.7208104 0
1.7212104 64
1.7216104 0
1.7216104 0
1.7220104 63
1.7224104 0
1.7224104 0
1.7228104 62
1.7232104 0
1.7232104 0
1.7236104 61
1.7240104 0
1.7240104 0
1.7244104 60
1.7248104 0
1.7248104 0
1.7252104 59
1.7256104 0
1.7256104 0
1.7260104 58
1.7264104 0
1.7264104 0
1.7268104 57
1.7272104 0
1.7272104 0
1.7276104 56
1.7280104 0
1.7280104 0
1.7284104 55
1.7288104 0
1.7288104 0
1.7292104 54
1.7296104 0
1.7296104 0
1.7300104 53
1.7304104 0
1.7304104 0
1.7308104 52
1.7312104 0
1.7312104 0
1.7316104 51
1.7320104 0
1.7320104 0
1.7324104 50
1.7328104 0
1.7328104 0
1.7332104 49
1.7336104 0
1.7336104 0
1.7340104 48
1.7344104 0
1.7344104 0
1.7348104 47
1.7352104 0
1.7352104 0
1.7356104 46
1.7360104 0
1.7360104 0
1.7364104 45
1.7368104 0
1.7368104 0
1.7372104 44
1.7376104 0
1.7376104 0
1.7380104 43
1.7384104 0
1.7384104 0
1.7388104 42
1.7392104 0
1.7392104 0
1.7396104 41
1.7400104 0
1.7400104 0
1.7404104 40
1.7408104 0
1.7408104 0
1.7412104 39
1.7416104 0
1.7416104 0
1.7420104 38
1.7424104 0
1.7424104 0
1.7428104 37
1.7432104 0
1.7432104 0
1.7436104 36
1.7440104 0
1.7440104 0
1.7444104 35
1.7448104 0
1.7448104 0
1.7452104 34
1.7456104 0
1.7456104 0
1.7460104 33
1.7464104 0
1.7464104 0
1.7468104 32
1.7472104 0
1.7472104 0
1.7476104 31
1.7480104 0
1.7480104 0
1.7484104 30
1.7488104 0
1.7488104 0
1.7492104 29
1.7496104 0
1.7496104 0
1.7500104 28
1.7504104 0
1.7504104 0
1.7508104 27
1.7512104 0
1.7512104 0
1.7516104 26
1.7520104 0
1.7520104 0
1.7524104 25
1.7528104 0
1.7528104 0
1.7532104 24
1.7536104 0
1.7536104 0
1.7540104 23
1.7544104 0
1.7544104 0
1.7548104 22
1.7552104 0
1.7552104 0
1.7556104 21
1.7560104 0
1.7560104 0
1.7564104 20
1.7568104 0
1.7568104 0
1.7572104 19
1.7576104 0
1.7576104 0
1.7580104 18
1.7584104 0
1.7584104 0
1.7588104 17
1.7592104 0
1.7592104 0
1.7596104 16
1.7600104 0
1.7600104 0
1.7604104 15
1.7608104 0
1.7608104 0
1.7612104 14
1.7616104 0
1.7616104 0
1.7620104 13
1.7624104 0
1.7624104 0
1.7628104 12
1.7632104 0
1.7632104 0
1.7636104 11
1.7640104 0
1.7640104 0
1.7644104 10
1.7648104 0
1.7648104 0
1.7652104 9
1.7656104 0
1.7656104 0
1.7660104 8
1.7664104 0
1.7664104 0
1.7668104 7
1.7672104 0
1.7672104 0
1.7676104 6
1.7680104 0
1.7680104 0
1.7684104 5
1.7688104 0
1.7688104 0
1.7692104 4
1.7696104 0
1.7696104 0
1.7700104 3
1.7704104 0
1.7704104 0
1.7708104 2
1.7712104 0
1.7712104 0
1.7716104 1
1.7720104 0
1.7720104 0
1.7724104 0
1.7728104 0
1.7728104 0
1.7736104 0
1.7736104 0
1.7744104 0
1.7744104 0
1.7752104 0
1.7752104 0
1.7760104 0
1.7760104 0
1.7768104 0
1.7768104 0
1.7776104 0
1.7776104 0
1.7784104 0
1.7784104 0
1.7792104 0
1.7792104 0
1.7800104 0
1.7800104 0
1.7808104 0
1.7808104 0
1.7816104 0
1.7816104 0
1.7824104 0
1.7824104 0
1.7830432 0
1.7830432 0
1.7930432 0
1.7930432 0
1.7930432 1
1.7930432 2
1.7930432 3
1.7930432 4
1.7930432 5
1.7930432 6
1.7930432 7
1.7930432 8
1.7930432 9
1.7930432 10
1.7930432 11
1.7930432 12
1.7930432 13
1.7930432 14
1.7930432 15
1.7930432 16
1.7930432 17
1.7930432 18
1.7930432 19
1.7930432 20
1.7930432 21
1.7930432 22
1.7930432 23
1.7930432 24
1.7930432 25
1.7930432 26
1.7930432 27
1.7930432 28
1.7930432 29
1.7930432 30
1.7930432 31
1.7930432 32
1.7930432 33
1.7930432 34
1.7930432 35
1.7930432 36
1.7930432 37
1.7930432 38
1.7930432 39
1.7930432 40
1.7930432 41
1.7930432 42
1.7930432 43
1.7930432 44
1.7930432 45
1.7930432 46
1.7930432 47
1.7930432 48
1.7930432 49
1.7930432 50
1.7930432 51
1.7930432 52
1.7938432 51
1.7946432 50
1.7954432 49
1.7962432 48
1.7970432 47
1.7978432 46
1.7986432 45
1.7994432 44
1.8002432 43
1.8010432 42
1.8018432 41
1.8026432 40
1.8034432 39
1.8038432 0
1.8038432 0
1.8042432 38
1.8046432 0
1.8046432 0
1.8050432 37
1.8054432 0
1.8054432 0
1.8058432 36
1.8062432 0
1.8062432 0
1.8066432 35
1.8070432 0
1.8070432 0
1.8074432 34
1.8078432 0
1.8078432 0
1.8082432 33
1.8086432 0
1.8086432 0
1.8090432 32
1.8094432 0
1.8094432 0
1.8098432 31
1.8102432 0
1.8102432 0
1.8106432 30
1.8110432 0
1.8110432 0
1.8114432 29
1.8118432 0
1.8118432 0
1.8122432 28
1.8126432 0
1.8126432 0
1.8130432 27
1.8134432 0
1.8134432 0
1.8138432 26
1.8142432 0
1.8142432 0
1.8146432 25
1.8150432 0
1.8150432 0
1.8154432 24
1.8158432 0
1.8158432 0
1.8162432 23
1.8166432 0
1.8166432 0
1.8170432 22
1.8174432 0
1.8174432 0
1.8178432 21
1.8182432 0
1.8182432 0
1.8186432 20
1.8190432 0
1.8190432 0
1.8194432 19
1.8198432 0
1.8198432 0
1.8202432 18
1.8206432 0
1.8206432 0
1.8210432 17
1.8214432 0
1.8214432 0
1.8218432 16
1.8222432 0
1.8222432 0
1.8226432 15
1.8230432 0
1.8230432 0
1.8234432 14
1.8238432 0
1.8238432 0
1.8242432 13
1.8246432 0
1.8246432 0
1.8250432 12
1.8254432 0
1.8254432 0
1.8258432 11
1.8262432 0
1.8262432 0
1.8266432 10
1.8270432 0
1.8270432 0
1.8274432 9
1.8278432 0
1.8278432 0
1.8282432 8
1.8286432 0
1.8286432 0
1.8290432 7
1.8294432 0
1.8294432 0
1.8298432 6
1.8302432 0
1.8302432 0
1.8306432 5
1.8310432 0
1.8310432 0
1.8314432 4
1.8318432 0
1.8318432 0
1.8322432 3
1.8326432 0
1.8326432 0
1.8330432 2
1.8334432 0
1.8334432 0
1.8338432 1
1.8342432 0
1.8342432 0
1.8346432 0
1.8350432 0
1.8350432 0
1.8358432 0
1.8358432 0
1.8366432 0
1.8366432 0
1.8374432 0
1.8374432 0
1.8382432 0
1.8382432 0
1.8390432 0
1.8390432 0
1.8398432 0
1.8398432 0
1.8406432 0
1.8406432 0
1.8414432 0
1.8414432 0
1.8422432 0
1.8422432 0
1.8430432 0
1.8430432 0
1.8438432 0
1.8438432 0
1.8446432 0
1.8446432 0
1.8452 0
1.8452 0
