# Time (seconds) Sequence (number) Size (bytes) Sent(s)/Acked(a)
0.0 0 1000 s
0.0208 1000 1000 a
0.0216 1000 1000 s
0.0224 2000 1000 s
0.0416 2000 1000 a
0.0424 3000 1000 a
0.0432 3000 1000 s
0.044 4000 1000 s
0.0448 5000 1000 s
0.0456 6000 1000 s
0.0632 4000 1000 a
0.064 5000 1000 a
0.0648 6000 1000 a
0.0656 7000 1000 a
0.0664 7000 1000 s
0.0672 8000 1000 s
0.068 9000 1000 s
0.0688 10000 1000 s
0.0696 11000 1000 s
0.0704 12000 1000 s
0.0712 13000 1000 s
0.072 14000 1000 s
0.0864 8000 1000 a
0.0872 9000 1000 a
0.088 10000 1000 a
0.0888 11000 1000 a
0.0896 12000 1000 a
0.0904 13000 1000 a
0.0912 14000 1000 a
0.092 15000 1000 a
0.0928 15000 1000 s
0.0936 16000 1000 s
0.0944 17000 1000 s
0.0952 18000 1000 s
0.096 19000 1000 s
0.0968 20000 1000 s
0.0976 21000 1000 s
0.0984 22000 1000 s
0.0992 23000 1000 s
0.1 24000 1000 s
0.1008 25000 1000 s
0.1016 26000 1000 s
0.1024 27000 1000 s
0.1032 28000 1000 s
0.104 29000 1000 s
0.1048 30000 1000 s
0.1128 16000 1000 a
0.1136 17000 1000 a
0.1144 18000 1000 a
0.1152 19000 1000 a
0.116 20000 1000 a
0.1168 21000 1000 a
0.1176 22000 1000 a
0.1184 23000 1000 a
0.1192 24000 1000 a
0.12 25000 1000 a
0.1208 26000 1000 a
0.1216 27000 1000 a
0.1224 28000 1000 a
0.1232 29000 1000 a
0.124 30000 1000 a
0.1240528 30066 1000 a
0.1248528 30066 1000 s
0.1256528 31066 1000 s
0.1264528 32066 1000 s
0.1272528 33066 1000 s
0.1280528 34066 1000 s
0.1288528 35066 1000 s
0.1296528 36066 1000 s
0.1304528 37066 1000 s
0.1312528 38066 1000 s
0.1320528 39066 1000 s
0.1328528 40066 1000 s
0.1336528 41066 1000 s
0.1344528 42066 1000 s
0.1352528 43066 1000 s
0.1360528 44066 1000 s
0.1368528 45066 1000 s
0.1376528 46066 1000 s
0.1448528 31066 1000 a
0.1456528 32066 1000 a
0.1464528 33066 1000 a
0.1472528 34066 1000 a
0.1480528 35066 1000 a
0.1488528 36066 1000 a
0.1496528 37066 1000 a
0.1504528 38066 1000 a
0.1512528 39066 1000 a
0.1520528 40066 1000 a
0.1528528 41066 1000 a
0.1536528 42066 1000 a
0.1544528 43066 1000 a
0.1552528 44066 1000 a
0.1560528 45066 1000 a
0.1568528 46066 1000 a
0.156876 46095 1000 a
0.157676 46095 1000 s
0.158476 47095 1000 s
0.159276 48095 1000 s
0.160076 49095 1000 s
0.160876 50095 1000 s
0.161676 51095 1000 s
0.162476 52095 1000 s
0.163276 53095 1000 s
0.164076 54095 1000 s
0.164876 55095 1000 s
0.165676 56095 1000 s
0.166476 57095 1000 s
0.167276 58095 1000 s
0.168076 59095 1000 s
0.168876 60095 1000 s
0.169676 61095 1000 s
0.170476 62095 1000 s
0.177676 47095 1000 a
0.178476 48095 1000 a
0.179276 49095 1000 a
0.180076 50095 1000 a
0.180876 51095 1000 a
0.181676 52095 1000 a
0.182476 53095 1000 a
0.183276 54095 1000 a
0.184076 55095 1000 a
0.184876 56095 1000 a
0.185676 57095 1000 a
0.186476 58095 1000 a
0.187276 59095 1000 a
0.188076 60095 1000 a
0.188876 61095 1000 a
0.189676 62095 1000 a
0.1904 63000 1000 a
