# Time (seconds) Sequence (number) Size (bytes) Sent(s)/Acked(a)
0 0 1000 s
0.0208 1000 1000 a
0.0208 1000 1000 s
0.0208 2000 1000 s
0.0416 2000 1000 a
0.0424 3000 1000 a
0.0424 3000 1000 s
0.0424 4000 1000 s
0.0424 5000 1000 s
0.0424 6000 1000 s
0.0632 4000 1000 a
0.064 5000 1000 a
0.0648 6000 1000 a
0.0656 7000 1000 a
0.0656 7000 1000 s
0.0656 8000 1000 s
0.0656 9000 1000 s
0.0656 10000 1000 s
0.0656 11000 1000 s
0.0656 12000 1000 s
0.0656 13000 1000 s
0.0656 14000 1000 s
0.0864 8000 1000 a
0.0872 9000 1000 a
0.088 10000 1000 a
0.0888 11000 1000 a
0.0896 12000 1000 a
0.0904 13000 1000 a
0.0912 14000 1000 a
0.092 15000 1000 a
0.092 15000 1000 s
0.092 16000 1000 s
0.092 17000 1000 s
0.092 18000 1000 s
0.092 19000 1000 s
0.092 20000 1000 s
0.092 21000 1000 s
0.092 22000 1000 s
0.092 23000 1000 s
0.092 24000 1000 s
0.092 25000 1000 s
0.092 26000 1000 s
0.092 27000 1000 s
0.092 28000 1000 s
0.092 29000 1000 s
0.092 30000 1000 s
0.1128 16000 1000 a
0.1136 17000 1000 a
0.1144 18000 1000 a
0.1152 19000 1000 a
0.116 20000 1000 a
0.1168 21000 1000 a
0.1176 22000 1000 a
0.1184 23000 1000 a
0.1192 24000 1000 a
0.12 25000 1000 a
0.1208 26000 1000 a
0.1216 27000 1000 a
0.1224 28000 1000 a
0.1232 29000 1000 a
0.124 30000 1000 a
0.1248 31000 1000 a
0.1248 31000 1000 s
0.1248 32000 1000 s
0.1248 33000 1000 s
0.1248 34000 1000 s
0.1248 35000 1000 s
0.1248 36000 1000 s
0.1248 37000 1000 s
0.1248 38000 1000 s
0.1248 39000 1000 s
0.1248 40000 1000 s
0.1248 41000 1000 s
0.1248 42000 1000 s
0.1248 43000 1000 s
0.1248 44000 1000 s
0.1248 45000 1000 s
0.1248 46000 1000 s
0.1248 47000 1000 s
0.1248 48000 1000 s
0.1248 49000 1000 s
0.1248 50000 1000 s
0.1248 51000 1000 s
0.1248 52000 1000 s
0.1248 53000 1000 s
0.1248 54000 1000 s
0.1248 55000 1000 s
0.1248 56000 1000 s
0.1248 57000 1000 s
0.1248 58000 1000 s
0.1248 59000 1000 s
0.1248 60000 1000 s
0.1248 61000 1000 s
0.1248 62000 1000 s
0.1456 32000 1000 a
0.1464 33000 1000 a
0.1472 34000 1000 a
0.148 35000 1000 a
0.1488 36000 1000 a
0.1496 37000 1000 a
0.1504 38000 1000 a
0.1512 39000 1000 a
0.152 40000 1000 a
0.1528 41000 1000 a
0.1536 42000 1000 a
0.1544 43000 1000 a
0.1552 44000 1000 a
0.156 45000 1000 a
0.1568 46000 1000 a
0.1576 47000 1000 a
0.1584 48000 1000 a
0.1592 49000 1000 a
0.16 50000 1000 a
0.1608 51000 1000 a
0.1616 52000 1000 a
0.1624 53000 1000 a
0.1632 54000 1000 a
0.164 55000 1000 a
0.1648 56000 1000 a
0.1656 57000 1000 a
0.1664 58000 1000 a
0.1672 59000 1000 a
0.168 60000 1000 a
0.1688 61000 1000 a
0.1696 62000 1000 a
0.1704 63000 1000 a
0.1704 63000 1000 s
0.1704 64000 1000 s
0.1704 65000 1000 s
0.1704 66000 1000 s
0.1704 67000 1000 s
0.1704 68000 1000 s
0.1704 69000 1000 s
0.1704 70000 1000 s
0.1704 71000 1000 s
0.1704 72000 1000 s
0.1704 73000 1000 s
0.1704 74000 1000 s
0.1704 75000 1000 s
0.1704 76000 1000 s
0.1704 77000 1000 s
0.1704 78000 1000 s
0.1704 79000 1000 s
0.1704 80000 1000 s
0.1704 81000 1000 s
0.1704 82000 1000 s
0.1704 83000 1000 s
0.1704 84000 1000 s
0.1704 85000 1000 s
0.1704 86000 1000 s
0.1704 87000 1000 s
0.1704 88000 1000 s
0.1704 89000 1000 s
0.1704 90000 1000 s
0.1704 91000 1000 s
0.1704 92000 1000 s
0.1704 93000 1000 s
0.1704 94000 1000 s
0.1704 95000 1000 s
0.1704 96000 1000 s
0.1704 97000 1000 s
0.1704 98000 1000 s
0.1704 99000 1000 s
0.1912 64000 1000 a
0.192 65000 1000 a
0.1928 66000 1000 a
0.1936 67000 1000 a
0.1944 68000 1000 a
0.1952 69000 1000 a
0.196 70000 1000 a
0.1968 71000 1000 a
0.1976 72000 1000 a
0.1984 73000 1000 a
0.1992 74000 1000 a
0.2 75000 1000 a
0.2008 76000 1000 a
0.2016 77000 1000 a
0.2024 78000 1000 a
0.2032 79000 1000 a
0.204 80000 1000 a
0.2048 81000 1000 a
0.2056 82000 1000 a
0.2064 83000 1000 a
0.2072 84000 1000 a
0.208 85000 1000 a
0.2088 86000 1000 a
0.2096 87000 1000 a
0.2104 88000 1000 a
0.2112 89000 1000 a
0.212 90000 1000 a
0.2128 91000 1000 a
0.2136 92000 1000 a
0.2144 93000 1000 a
0.2152 94000 1000 a
0.216 95000 1000 a
0.2168 96000 1000 a
0.2176 97000 1000 a
0.2184 98000 1000 a
0.2192 99000 1000 a
0.22 100000 1000 a
